Frequency (Hz)	Level (dB)
43.066406	-17.639368
86.132812	-17.706278
129.199219	-17.353561
172.265625	-16.273287
215.332031	-15.317674
258.398438	-14.651395
301.464844	-14.036787
344.531250	-13.438931
387.597656	-12.608624
430.664062	-12.008056
473.730469	-11.956268
516.796875	-11.916183
559.863281	-11.780272
602.929688	-11.616327
645.996094	-11.532915
689.062500	-11.651223
732.128906	-11.731379
775.195312	-12.053385
818.261719	-12.134970
861.328125	-12.543799
904.394531	-13.033171
947.460938	-13.128057
990.527344	-13.135016
1033.593750	-13.658309
1076.660156	-13.625499
1119.726562	-13.800777
1162.792969	-14.157909
1205.859375	-14.966472
1248.925781	-15.177010
1291.992188	-15.590773
1335.058594	-15.303357
1378.125000	-15.098277
1421.191406	-15.782652
1464.257812	-16.553106
1507.324219	-16.908493
1550.390625	-16.655127
1593.457031	-17.236742
1636.523438	-17.864193
1679.589844	-17.851229
1722.656250	-17.818878
1765.722656	-18.155741
1808.789062	-18.750814
1851.855469	-19.144854
1894.921875	-19.525377
1937.988281	-19.507875
1981.054688	-19.547600
2024.121094	-19.951218
2067.187500	-20.065596
2110.253906	-20.339725
2153.320312	-20.783863
2196.386719	-21.272053
2239.453125	-20.967852
2282.519531	-21.358810
2325.585938	-21.434418
2368.652344	-21.890663
2411.718750	-22.198603
2454.785156	-22.370857
2497.851562	-22.344164
2540.917969	-22.382214
2583.984375	-23.050829
2627.050781	-23.346460
2670.117188	-23.352081
2713.183594	-23.665689
2756.250000	-23.713573
2799.316406	-23.841757
2842.382812	-24.740608
2885.449219	-25.167765
2928.515625	-24.703194
2971.582031	-25.069881
3014.648438	-25.921453
3057.714844	-25.822189
3100.781250	-25.664568
3143.847656	-25.860241
3186.914062	-25.887531
3229.980469	-26.139868
3273.046875	-26.365808
3316.113281	-26.601364
3359.179688	-27.189341
3402.246094	-27.700041
3445.312500	-27.704161
3488.378906	-27.613892
3531.445312	-27.841196
3574.511719	-28.019066
3617.578125	-28.537947
3660.644531	-28.183332
3703.710938	-28.137833
3746.777344	-28.869743
3789.843750	-29.065233
3832.910156	-29.171505
3875.976562	-29.274242
3919.042969	-29.624645
3962.109375	-29.651348
4005.175781	-29.767286
4048.242188	-30.399294
4091.308594	-30.665932
4134.375000	-30.630260
4177.441406	-30.328306
4220.507812	-30.636335
4263.574219	-31.182510
4306.640625	-31.330055
4349.707031	-31.429123
4392.773438	-31.377766
4435.839844	-31.583214
4478.906250	-31.963018
4521.972656	-32.677711
4565.039062	-32.549385
4608.105469	-32.545887
4651.171875	-33.277622
4694.238281	-33.207954
4737.304688	-32.961697
4780.371094	-32.853252
4823.437500	-33.238304
4866.503906	-33.774288
4909.570312	-33.976303
4952.636719	-34.415855
4995.703125	-34.155907
5038.769531	-34.276318
5081.835938	-34.195984
5124.902344	-34.700325
5167.968750	-35.226200
5211.035156	-35.385773
5254.101562	-35.400158
5297.167969	-35.411892
5340.234375	-35.679001
5383.300781	-35.653095
5426.367188	-35.827099
5469.433594	-35.669216
5512.500000	-35.751701
5555.566406	-35.907684
5598.632812	-36.148346
5641.699219	-36.606300
5684.765625	-36.400501
5727.832031	-37.099583
5770.898438	-37.318924
5813.964844	-37.655910
5857.031250	-37.504826
5900.097656	-37.131321
5943.164062	-37.585606
5986.230469	-37.777908
6029.296875	-37.770679
6072.363281	-38.149288
6115.429688	-38.052517
6158.496094	-38.414532
6201.562500	-38.713764
6244.628906	-38.642708
6287.695312	-38.563324
6330.761719	-39.133400
6373.828125	-39.077374
6416.894531	-38.906162
6459.960938	-38.641365
6503.027344	-39.043476
6546.093750	-39.591209
6589.160156	-39.784863
6632.226562	-39.845993
6675.292969	-39.617752
6718.359375	-39.655991
6761.425781	-40.206081
6804.492188	-40.519558
6847.558594	-40.061611
6890.625000	-40.318409
6933.691406	-40.284882
6976.757812	-40.541611
7019.824219	-40.901741
7062.890625	-40.998444
7105.957031	-41.183788
7149.023438	-41.107513
7192.089844	-41.051849
7235.156250	-40.933769
7278.222656	-41.114742
7321.289062	-41.211826
7364.355469	-41.408039
7407.421875	-41.412556
7450.488281	-41.342503
7493.554688	-41.744289
7536.621094	-41.999786
7579.687500	-42.229881
7622.753906	-42.657364
7665.820312	-42.434658
7708.886719	-42.254963
7751.953125	-42.419800
7795.019531	-42.338291
7838.085938	-42.110611
7881.152344	-42.728832
7924.218750	-42.879322
7967.285156	-43.023918
8010.351562	-43.180611
8053.417969	-42.905163
8096.484375	-43.486507
8139.550781	-43.143818
8182.617188	-42.869781
8225.683594	-43.419804
8268.750000	-43.423420
8311.816406	-43.451969
8354.882812	-43.966503
8397.949219	-43.783615
8441.015625	-43.726154
8484.082031	-44.105656
8527.148438	-44.156723
8570.214844	-44.379101
8613.281250	-44.271133
8656.347656	-44.386635
8699.414062	-43.948563
8742.480469	-44.270882
8785.546875	-43.930367
8828.613281	-44.128891
8871.679688	-44.533421
8914.746094	-44.881275
8957.812500	-44.840099
9000.878906	-44.798347
9043.945312	-45.106041
9087.011719	-44.839439
9130.078125	-45.000050
9173.144531	-45.186699
9216.210938	-44.707771
9259.277344	-45.451000
9302.343750	-45.738968
9345.410156	-45.623981
9388.476562	-45.455765
9431.542969	-45.443249
9474.609375	-45.426056
9517.675781	-45.766396
9560.742188	-45.578564
9603.808594	-45.892101
9646.875000	-46.191105
9689.941406	-46.252476
9733.007812	-46.482113
9776.074219	-46.638771
9819.140625	-46.778183
9862.207031	-46.491974
9905.273438	-46.465099
9948.339844	-46.696663
9991.406250	-46.830532
10034.472656	-46.463299
10077.539062	-46.863056
10120.605469	-46.856613
10163.671875	-47.123810
10206.738281	-47.480968
10249.804688	-47.429314
10292.871094	-47.098080
10335.937500	-47.261368
10379.003906	-47.796112
10422.070312	-47.727791
10465.136719	-47.311989
10508.203125	-47.611759
10551.269531	-47.699375
10594.335938	-47.788246
10637.402344	-47.737827
10680.468750	-47.898964
10723.535156	-47.855961
10766.601562	-48.165195
10809.667969	-48.081074
10852.734375	-48.188057
10895.800781	-48.541676
10938.867188	-48.756008
10981.933594	-48.497482
11025.000000	-48.294384
11068.066406	-48.610439
11111.132812	-48.892715
11154.199219	-49.063255
11197.265625	-49.254276
11240.332031	-49.344845
11283.398438	-49.321163
11326.464844	-49.310158
11369.531250	-49.507130
11412.597656	-49.347412
11455.664062	-49.311146
11498.730469	-49.296814
11541.796875	-49.335705
11584.863281	-49.744198
11627.929688	-49.850670
11670.996094	-50.383404
11714.062500	-49.716000
11757.128906	-49.944855
11800.195312	-50.098671
11843.261719	-50.052879
11886.328125	-49.892639
11929.394531	-50.423328
11972.460938	-50.422882
12015.527344	-50.165371
12058.593750	-50.421631
12101.660156	-50.591385
12144.726562	-50.690350
12187.792969	-50.468540
12230.859375	-50.411777
12273.925781	-50.104622
12316.992188	-50.419765
12360.058594	-50.862659
12403.125000	-50.805977
12446.191406	-51.110813
12489.257812	-51.242085
12532.324219	-51.353409
12575.390625	-51.202415
12618.457031	-51.501556
12661.523438	-51.487404
12704.589844	-51.225094
12747.656250	-51.325001
12790.722656	-51.264549
12833.789062	-51.181362
12876.855469	-51.463150
12919.921875	-51.374420
12962.988281	-51.629162
13006.054688	-51.941647
13049.121094	-51.686050
13092.187500	-51.749695
13135.253906	-51.524448
13178.320312	-51.645920
13221.386719	-51.634197
13264.453125	-52.045490
13307.519531	-52.212166
13350.585938	-51.822010
13393.652344	-52.275356
13436.718750	-52.245781
13479.785156	-51.972443
13522.851562	-52.148304
13565.917969	-51.763229
13608.984375	-51.867905
13652.050781	-51.950134
13695.117188	-52.224976
13738.183594	-51.951008
13781.250000	-52.228722
13824.316406	-52.485069
13867.382812	-52.167084
13910.449219	-52.267723
13953.515625	-52.649052
13996.582031	-52.561935
14039.648438	-52.396664
14082.714844	-52.495739
14125.781250	-52.576557
14168.847656	-52.947807
14211.914062	-53.277039
14254.980469	-53.321037
14298.046875	-53.002647
14341.113281	-52.935287
14384.179688	-53.142170
14427.246094	-53.310013
14470.312500	-53.275417
14513.378906	-53.572899
14556.445312	-53.569416
14599.511719	-53.623352
14642.578125	-53.529606
14685.644531	-53.210091
14728.710938	-53.324150
14771.777344	-53.241539
14814.843750	-53.218128
14857.910156	-53.527637
14900.976562	-53.890320
14944.042969	-53.922966
14987.109375	-53.560787
15030.175781	-53.407192
15073.242188	-53.555202
15116.308594	-53.453018
15159.375000	-53.174358
15202.441406	-53.452835
15245.507812	-53.732708
15288.574219	-53.852379
15331.640625	-53.867119
15374.707031	-53.809441
15417.773438	-53.915283
15460.839844	-54.033440
15503.906250	-53.745052
15546.972656	-53.859020
15590.039062	-54.307175
15633.105469	-53.952374
15676.171875	-54.289814
15719.238281	-53.968102
15762.304688	-53.794937
15805.371094	-54.506950
15848.437500	-54.872089
15891.503906	-54.165672
15934.570312	-54.253399
15977.636719	-54.185932
16020.703125	-54.065929
16063.769531	-54.217957
16106.835938	-54.365406
16149.902344	-54.425655
16192.968750	-54.416168
16236.035156	-54.349876
16279.101562	-54.128433
16322.167969	-54.049900
16365.234375	-53.967796
16408.300781	-54.312836
16451.367188	-54.542484
16494.433594	-54.390018
16537.500000	-54.280231
16580.566406	-54.789120
16623.632812	-55.195221
16666.699219	-54.710724
16709.765625	-54.673813
16752.832031	-54.779968
16795.898438	-54.818192
16838.964844	-54.583454
16882.031250	-54.713860
16925.097656	-54.611378
16968.164062	-54.596016
17011.230469	-54.601780
17054.296875	-54.422440
17097.363281	-54.655560
17140.429688	-54.507698
17183.496094	-54.831459
17226.562500	-54.584671
17269.628906	-54.712730
17312.695312	-54.739407
17355.761719	-54.594849
17398.828125	-54.377563
17441.894531	-54.454422
17484.960938	-54.846436
17528.027344	-54.903770
17571.093750	-54.992817
17614.160156	-55.071629
17657.226562	-54.852741
17700.292969	-54.627346
17743.359375	-54.630733
17786.425781	-55.155621
17829.492188	-55.069893
17872.558594	-55.013145
17915.625000	-54.991676
17958.691406	-55.039131
18001.757812	-54.906639
18044.824219	-55.016674
18087.890625	-54.941055
18130.957031	-54.966702
18174.023438	-55.131245
18217.089844	-55.289169
18260.156250	-55.351555
18303.222656	-54.903923
18346.289062	-55.371460
18389.355469	-54.930599
18432.421875	-54.751823
18475.488281	-55.019684
18518.554688	-54.982338
18561.621094	-54.713631
18604.687500	-54.639423
18647.753906	-54.912201
18690.820312	-54.879177
18733.886719	-54.858711
18776.953125	-55.248692
18820.019531	-55.157547
18863.085938	-55.109371
18906.152344	-55.159115
18949.218750	-54.681911
18992.285156	-55.011433
19035.351562	-55.214573
19078.417969	-55.449131
19121.484375	-55.365223
19164.550781	-54.966709
19207.617188	-55.154896
19250.683594	-54.882748
19293.750000	-54.880848
19336.816406	-55.130501
19379.882812	-55.057205
19422.949219	-55.331890
19466.015625	-55.467743
19509.082031	-55.205647
19552.148438	-54.932316
19595.214844	-55.117641
19638.281250	-55.178555
19681.347656	-55.258957
19724.414062	-55.467285
19767.480469	-55.777119
19810.546875	-55.581635
19853.613281	-55.407547
19896.679688	-55.021149
19939.746094	-55.133087
19982.812500	-55.206879
20025.878906	-55.815155
20068.945312	-55.895058
20112.011719	-54.933647
20155.078125	-54.843700
20198.144531	-54.855717
20241.210938	-54.743145
20284.277344	-54.908375
20327.343750	-54.982014
20370.410156	-55.169441
20413.476562	-55.439171
20456.542969	-55.391006
20499.609375	-55.265629
20542.675781	-55.094063
20585.742188	-55.374672
20628.808594	-55.436367
20671.875000	-55.493225
20714.941406	-55.657734
20758.007812	-55.732853
20801.074219	-55.505829
20844.140625	-55.752876
20887.207031	-55.832687
20930.273438	-55.591431
20973.339844	-55.372314
21016.406250	-55.526981
21059.472656	-55.385338
21102.539062	-55.653610
21145.605469	-55.681904
21188.671875	-55.338428
21231.738281	-55.711418
21274.804688	-56.695728
21317.871094	-56.514919
21360.937500	-56.257099
21404.003906	-56.459846
21447.070312	-56.496826
21490.136719	-56.197536
21533.203125	-56.283260
21576.269531	-56.273369
21619.335938	-56.705196
21662.402344	-57.083496
21705.468750	-57.157566
21748.535156	-57.230942
21791.601562	-57.963120
21834.667969	-58.584953
21877.734375	-58.557369
21920.800781	-59.160988
21963.867188	-59.423420
22006.933594	-59.611618
