Frequency (Hz)	Level (dB)
21.533203	-14.127757
43.066406	-14.924161
64.599609	-16.054836
86.132812	-16.403524
107.666016	-16.511461
129.199219	-18.010151
150.732422	-18.358337
172.265625	-18.946297
193.798828	-18.724821
215.332031	-18.530140
236.865234	-19.506233
258.398438	-19.179911
279.931641	-19.023975
301.464844	-19.289841
322.998047	-18.703678
344.531250	-18.751358
366.064453	-19.120218
387.597656	-19.844229
409.130859	-20.194050
430.664062	-19.352346
452.197266	-19.242458
473.730469	-18.646387
495.263672	-19.444721
516.796875	-20.165728
538.330078	-20.302597
559.863281	-19.500320
581.396484	-19.407444
602.929688	-18.591284
624.462891	-19.114611
645.996094	-19.069647
667.529297	-19.652210
689.062500	-20.351475
710.595703	-19.597288
732.128906	-19.526960
753.662109	-19.248602
775.195312	-19.983551
796.728516	-20.005257
818.261719	-19.548836
839.794922	-20.178097
861.328125	-20.294445
882.861328	-20.806974
904.394531	-20.743048
925.927734	-21.179071
947.460938	-21.153429
968.994141	-21.312151
990.527344	-20.876120
1012.060547	-21.008562
1033.593750	-21.084347
1055.126953	-20.948620
1076.660156	-21.673277
1098.193359	-21.471201
1119.726562	-21.825008
1141.259766	-21.962597
1162.792969	-22.350216
1184.326172	-23.022633
1205.859375	-22.826469
1227.392578	-21.755022
1248.925781	-21.657284
1270.458984	-22.428022
1291.992188	-22.739058
1313.525391	-22.824347
1335.058594	-23.791059
1356.591797	-22.768871
1378.125000	-21.980053
1399.658203	-22.038546
1421.191406	-23.286058
1442.724609	-25.419762
1464.257812	-24.620516
1485.791016	-23.726807
1507.324219	-23.866913
1528.857422	-24.454872
1550.390625	-24.402044
1571.923828	-25.161001
1593.457031	-24.681490
1614.990234	-24.265228
1636.523438	-25.274118
1658.056641	-25.368103
1679.589844	-24.763481
1701.123047	-24.592934
1722.656250	-25.250092
1744.189453	-25.789881
1765.722656	-24.918692
1787.255859	-25.396029
1808.789062	-26.971464
1830.322266	-26.122013
1851.855469	-25.654961
1873.388672	-26.480055
1894.921875	-27.147406
1916.455078	-26.857536
1937.988281	-27.150448
1959.521484	-27.576548
1981.054688	-26.704659
2002.587891	-26.864769
2024.121094	-27.680143
2045.654297	-27.060932
2067.187500	-26.585201
2088.720703	-27.376207
2110.253906	-28.127806
2131.787109	-28.774546
2153.320312	-28.077927
2174.853516	-27.895191
2196.386719	-28.317513
2217.919922	-28.691702
2239.453125	-28.081047
2260.986328	-28.017124
2282.519531	-27.896612
2304.052734	-28.202124
2325.585938	-29.539095
2347.119141	-29.154993
2368.652344	-28.413914
2390.185547	-29.309582
2411.718750	-29.436243
2433.251953	-28.909986
2454.785156	-28.658348
2476.318359	-29.127411
2497.851562	-29.415169
2519.384766	-29.153196
2540.917969	-30.196709
2562.451172	-30.145239
2583.984375	-29.265337
2605.517578	-29.087721
2627.050781	-30.013414
2648.583984	-30.269407
2670.117188	-29.694485
2691.650391	-29.901423
2713.183594	-30.546124
2734.716797	-30.819597
2756.250000	-30.311541
2777.783203	-30.765320
2799.316406	-30.615870
2820.849609	-30.854685
2842.382812	-31.654083
2863.916016	-30.443487
2885.449219	-29.775301
2906.982422	-30.066610
2928.515625	-31.042847
2950.048828	-30.805429
2971.582031	-30.483595
2993.115234	-30.633175
3014.648438	-30.844255
3036.181641	-31.677660
3057.714844	-32.017063
3079.248047	-31.496840
3100.781250	-30.840883
3122.314453	-31.193130
3143.847656	-31.719269
3165.380859	-31.690578
3186.914062	-31.435356
3208.447266	-31.486988
3229.980469	-30.612642
3251.513672	-31.781773
3273.046875	-32.637280
3294.580078	-31.852299
3316.113281	-31.668835
3337.646484	-32.296482
3359.179688	-33.377422
3380.712891	-33.191475
3402.246094	-32.438618
3423.779297	-32.220932
3445.312500	-31.696497
3466.845703	-32.415180
3488.378906	-32.567303
3509.912109	-33.560596
3531.445312	-33.252510
3552.978516	-33.087673
3574.511719	-33.232944
3596.044922	-33.361603
3617.578125	-33.299633
3639.111328	-33.467388
3660.644531	-33.375214
3682.177734	-32.888157
3703.710938	-33.276943
3725.244141	-33.445232
3746.777344	-33.067982
3768.310547	-34.161087
3789.843750	-35.643135
3811.376953	-34.646324
3832.910156	-34.011379
3854.443359	-33.649738
3875.976562	-33.765301
3897.509766	-34.287685
3919.042969	-34.236298
3940.576172	-34.267395
3962.109375	-34.480995
3983.642578	-34.322239
4005.175781	-33.806164
4026.708984	-34.338585
4048.242188	-34.674789
4069.775391	-33.618053
4091.308594	-34.025826
4112.841797	-34.190109
4134.375000	-34.143044
4155.908203	-35.187943
4177.441406	-35.000988
4198.974609	-34.873577
4220.507812	-35.249332
4242.041016	-34.624138
4263.574219	-34.850403
4285.107422	-34.954456
4306.640625	-35.007500
4328.173828	-35.956272
4349.707031	-35.394440
4371.240234	-35.428619
4392.773438	-35.573856
4414.306641	-35.630257
4435.839844	-35.266087
4457.373047	-35.660622
4478.906250	-35.758640
4500.439453	-35.516911
4521.972656	-35.825932
4543.505859	-35.850014
4565.039062	-36.082176
4586.572266	-36.162052
4608.105469	-35.963890
4629.638672	-35.672821
4651.171875	-36.605762
4672.705078	-36.672573
4694.238281	-36.313923
4715.771484	-36.891659
4737.304688	-36.911564
4758.837891	-36.607334
4780.371094	-35.867916
4801.904297	-35.408844
4823.437500	-35.839924
4844.970703	-36.237339
4866.503906	-35.993122
4888.037109	-36.901138
4909.570312	-36.170204
4931.103516	-36.560833
4952.636719	-36.424217
4974.169922	-36.889278
4995.703125	-37.120350
5017.236328	-37.639351
5038.769531	-38.265743
5060.302734	-37.208828
5081.835938	-36.495941
5103.369141	-37.163746
5124.902344	-38.135368
5146.435547	-38.677532
5167.968750	-37.684402
5189.501953	-37.264236
5211.035156	-38.073151
5232.568359	-38.138630
5254.101562	-38.214264
5275.634766	-37.442318
5297.167969	-37.640965
5318.701172	-38.129669
5340.234375	-37.101074
5361.767578	-36.209614
5383.300781	-36.992695
5404.833984	-37.904678
5426.367188	-37.927631
5447.900391	-37.965137
5469.433594	-38.376999
5490.966797	-38.614555
5512.500000	-39.199505
5534.033203	-38.483276
5555.566406	-39.360573
5577.099609	-38.174938
5598.632812	-37.819473
5620.166016	-37.767902
5641.699219	-37.891953
5663.232422	-38.519058
5684.765625	-38.645905
5706.298828	-38.345299
5727.832031	-38.087284
5749.365234	-40.122490
5770.898438	-39.287045
5792.431641	-39.143745
5813.964844	-38.228779
5835.498047	-38.309490
5857.031250	-38.273136
5878.564453	-38.309811
5900.097656	-38.872543
5921.630859	-38.125996
5943.164062	-38.089836
5964.697266	-37.590958
5986.230469	-39.134724
6007.763672	-39.245399
6029.296875	-39.210880
6050.830078	-39.309525
6072.363281	-40.277435
6093.896484	-38.316414
6115.429688	-38.272995
6136.962891	-39.341278
6158.496094	-38.752563
6180.029297	-39.799534
6201.562500	-39.650421
6223.095703	-39.459896
6244.628906	-39.380646
6266.162109	-38.927441
6287.695312	-39.132828
6309.228516	-39.501152
6330.761719	-39.659870
6352.294922	-38.893440
6373.828125	-38.861835
6395.361328	-39.313683
6416.894531	-39.444462
6438.427734	-39.850544
6459.960938	-40.029049
6481.494141	-40.187695
6503.027344	-39.957783
6524.560547	-39.155651
6546.093750	-39.613884
6567.626953	-40.077808
6589.160156	-39.427158
6610.693359	-39.967983
6632.226562	-41.039185
6653.759766	-40.189049
6675.292969	-40.162369
6696.826172	-41.791267
6718.359375	-41.112755
6739.892578	-40.961254
6761.425781	-40.770096
6782.958984	-40.349266
6804.492188	-40.731865
6826.025391	-40.343288
6847.558594	-39.912300
6869.091797	-39.927589
6890.625000	-39.321056
6912.158203	-39.849495
6933.691406	-40.419331
6955.224609	-40.708412
6976.757812	-40.126469
6998.291016	-39.889149
7019.824219	-40.472271
7041.357422	-40.948158
7062.890625	-41.858490
7084.423828	-41.039165
7105.957031	-40.364983
7127.490234	-41.805412
7149.023438	-42.315346
7170.556641	-41.549278
7192.089844	-40.488636
7213.623047	-40.992119
7235.156250	-41.529469
7256.689453	-41.134399
7278.222656	-40.707878
7299.755859	-40.670712
7321.289062	-41.124710
7342.822266	-41.168056
7364.355469	-41.333313
7385.888672	-41.007385
7407.421875	-41.384823
7428.955078	-41.315090
7450.488281	-40.362312
7472.021484	-41.354065
7493.554688	-41.767944
7515.087891	-41.913044
7536.621094	-42.094055
7558.154297	-41.625854
7579.687500	-41.239037
7601.220703	-41.475918
7622.753906	-42.228443
7644.287109	-41.871765
7665.820312	-41.366959
7687.353516	-42.068737
7708.886719	-41.898312
7730.419922	-42.268639
7751.953125	-41.263798
7773.486328	-41.465775
7795.019531	-42.073769
7816.552734	-42.054058
7838.085938	-41.462730
7859.619141	-42.993443
7881.152344	-42.272060
7902.685547	-41.659081
7924.218750	-42.112896
7945.751953	-42.835995
7967.285156	-42.727222
7988.818359	-42.690918
8010.351562	-42.602673
8031.884766	-43.363510
8053.417969	-43.146996
8074.951172	-42.132191
8096.484375	-42.249260
8118.017578	-42.607052
8139.550781	-42.098087
8161.083984	-42.017986
8182.617188	-42.268909
8204.150391	-42.376129
8225.683594	-42.161152
8247.216797	-42.065044
8268.750000	-41.927383
8290.283203	-42.078636
8311.816406	-42.235973
8333.349609	-42.157547
8354.882812	-42.433407
8376.416016	-42.469959
8397.949219	-42.515701
8419.482422	-42.985203
8441.015625	-43.827995
8462.548828	-43.802391
8484.082031	-42.878311
8505.615234	-43.681358
8527.148438	-44.076500
8548.681641	-43.170792
8570.214844	-43.192387
8591.748047	-42.294922
8613.281250	-42.641396
8634.814453	-43.220692
8656.347656	-43.039089
8677.880859	-42.492558
8699.414062	-43.002892
8720.947266	-43.831387
8742.480469	-43.918571
8764.013672	-43.727367
8785.546875	-43.235424
8807.080078	-43.062088
8828.613281	-43.905735
8850.146484	-43.933296
8871.679688	-43.443008
8893.212891	-43.518768
8914.746094	-43.770424
8936.279297	-44.089226
8957.812500	-44.337444
8979.345703	-44.324417
9000.878906	-43.802559
9022.412109	-43.829060
9043.945312	-43.594734
9065.478516	-43.044636
9087.011719	-43.268852
9108.544922	-43.837811
9130.078125	-44.451790
9151.611328	-44.224819
9173.144531	-45.390202
9194.677734	-45.117977
9216.210938	-43.705444
9237.744141	-44.234489
9259.277344	-44.361324
9280.810547	-44.298302
9302.343750	-44.306007
9323.876953	-44.340389
9345.410156	-44.018459
9366.943359	-43.638161
9388.476562	-43.611885
9410.009766	-43.714542
9431.542969	-43.513866
9453.076172	-44.031013
9474.609375	-43.732418
9496.142578	-43.988506
9517.675781	-44.521229
9539.208984	-44.850700
9560.742188	-44.082733
9582.275391	-43.771740
9603.808594	-43.616898
9625.341797	-44.122005
9646.875000	-44.681217
9668.408203	-44.315178
9689.941406	-44.647968
9711.474609	-44.761803
9733.007812	-44.983814
9754.541016	-45.019882
9776.074219	-44.074219
9797.607422	-43.762081
9819.140625	-45.104912
9840.673828	-45.457207
9862.207031	-45.357960
9883.740234	-45.462196
9905.273438	-45.602867
9926.806641	-45.903027
9948.339844	-45.668171
9969.873047	-45.779316
9991.406250	-45.299946
10012.939453	-44.992348
10034.472656	-45.067875
10056.005859	-45.327076
10077.539062	-45.238308
10099.072266	-44.736221
10120.605469	-44.629032
10142.138672	-44.835320
10163.671875	-45.192089
10185.205078	-45.133968
10206.738281	-45.454163
10228.271484	-44.756260
10249.804688	-45.942310
10271.337891	-45.549946
10292.871094	-44.789734
10314.404297	-44.433121
10335.937500	-44.981014
10357.470703	-45.233925
10379.003906	-45.624130
10400.537109	-45.402241
10422.070312	-45.025948
10443.603516	-45.765686
10465.136719	-45.981445
10486.669922	-45.707512
10508.203125	-45.870560
10529.736328	-45.506706
10551.269531	-46.368397
10572.802734	-45.997650
10594.335938	-45.750431
10615.869141	-45.573078
10637.402344	-45.568405
10658.935547	-45.395947
10680.468750	-46.082722
10702.001953	-46.357807
10723.535156	-45.434948
10745.068359	-45.604557
10766.601562	-46.099102
10788.134766	-46.190014
10809.667969	-46.224110
10831.201172	-46.184383
10852.734375	-45.318806
10874.267578	-45.578709
10895.800781	-46.881214
10917.333984	-46.251629
10938.867188	-46.701595
10960.400391	-46.386436
10981.933594	-45.398895
11003.466797	-45.676552
11025.000000	-46.706944
11046.533203	-46.012192
11068.066406	-46.503452
11089.599609	-46.580658
11111.132812	-46.464218
11132.666016	-46.572418
11154.199219	-46.496193
11175.732422	-47.633568
11197.265625	-46.896698
11218.798828	-46.238491
11240.332031	-45.668766
11261.865234	-45.460655
11283.398438	-45.294868
11304.931641	-45.435207
11326.464844	-46.560169
11347.998047	-46.493813
11369.531250	-46.161209
11391.064453	-46.799519
11412.597656	-46.676727
11434.130859	-46.540977
11455.664062	-47.071842
11477.197266	-46.967075
11498.730469	-47.154694
11520.263672	-46.624119
11541.796875	-46.660198
11563.330078	-47.292351
11584.863281	-47.002285
11606.396484	-46.818344
11627.929688	-46.491325
11649.462891	-47.160866
11670.996094	-47.788921
11692.529297	-47.570667
11714.062500	-47.328426
11735.595703	-46.356834
11757.128906	-46.508492
11778.662109	-46.179558
11800.195312	-46.671108
11821.728516	-47.201656
11843.261719	-46.510910
11864.794922	-46.443695
11886.328125	-46.854134
11907.861328	-46.825420
11929.394531	-47.041473
11950.927734	-46.816814
11972.460938	-47.017063
11993.994141	-47.030491
12015.527344	-46.270218
12037.060547	-46.704292
12058.593750	-47.047787
12080.126953	-47.234795
12101.660156	-46.640957
12123.193359	-46.938465
12144.726562	-47.483528
12166.259766	-47.762230
12187.792969	-47.559032
12209.326172	-47.838593
12230.859375	-47.878704
12252.392578	-47.107430
12273.925781	-47.181351
12295.458984	-47.521767
12316.992188	-48.264683
12338.525391	-48.044254
12360.058594	-47.500916
12381.591797	-47.564411
12403.125000	-47.201279
12424.658203	-46.546875
12446.191406	-47.229931
12467.724609	-48.117767
12489.257812	-48.727505
12510.791016	-48.207085
12532.324219	-47.293812
12553.857422	-47.161404
12575.390625	-48.378708
12596.923828	-48.215897
12618.457031	-47.689819
12639.990234	-47.130978
12661.523438	-47.029213
12683.056641	-47.159824
12704.589844	-46.459023
12726.123047	-46.298264
12747.656250	-47.076836
12769.189453	-48.175724
12790.722656	-48.083996
12812.255859	-48.014690
12833.789062	-48.700390
12855.322266	-47.962669
12876.855469	-48.225338
12898.388672	-48.622536
12919.921875	-47.893909
12941.455078	-48.055614
12962.988281	-48.166824
12984.521484	-48.273922
13006.054688	-48.468250
13027.587891	-48.223618
13049.121094	-47.880100
13070.654297	-47.247742
13092.187500	-48.202110
13113.720703	-48.706585
13135.253906	-47.825340
13156.787109	-48.616013
13178.320312	-47.610912
13199.853516	-48.036736
13221.386719	-48.359344
13242.919922	-48.699699
13264.453125	-48.420250
13285.986328	-49.405609
13307.519531	-48.272659
13329.052734	-48.210690
13350.585938	-48.491230
13372.119141	-48.792274
13393.652344	-48.734150
13415.185547	-48.358681
13436.718750	-48.496696
13458.251953	-49.215935
13479.785156	-49.446987
13501.318359	-49.853806
13522.851562	-49.056190
13544.384766	-48.268696
13565.917969	-49.063622
13587.451172	-49.052914
13608.984375	-49.138500
13630.517578	-48.921188
13652.050781	-48.232876
13673.583984	-48.681812
13695.117188	-49.197895
13716.650391	-48.556427
13738.183594	-49.081264
13759.716797	-49.742023
13781.250000	-49.659512
13802.783203	-48.373970
13824.316406	-48.246948
13845.849609	-48.456123
13867.382812	-48.275112
13888.916016	-48.479420
13910.449219	-49.272438
13931.982422	-50.471039
13953.515625	-49.857822
13975.048828	-49.298401
13996.582031	-48.931942
14018.115234	-49.346882
14039.648438	-48.794243
14061.181641	-48.819611
14082.714844	-49.135735
14104.248047	-49.064533
14125.781250	-49.270725
14147.314453	-49.620514
14168.847656	-50.076374
14190.380859	-50.010597
14211.914062	-49.154202
14233.447266	-49.533226
14254.980469	-49.467182
14276.513672	-49.574867
14298.046875	-49.314095
14319.580078	-49.592644
14341.113281	-48.770596
14362.646484	-49.432259
14384.179688	-48.969925
14405.712891	-48.960007
14427.246094	-49.781693
14448.779297	-49.445446
14470.312500	-49.043091
14491.845703	-49.569527
14513.378906	-50.786373
14534.912109	-51.147411
14556.445312	-50.625618
14577.978516	-50.614624
14599.511719	-50.936749
14621.044922	-50.751381
14642.578125	-49.898434
14664.111328	-50.270298
14685.644531	-51.002560
14707.177734	-50.847866
14728.710938	-49.411068
14750.244141	-49.168377
14771.777344	-49.726856
14793.310547	-49.006657
14814.843750	-49.411228
14836.376953	-49.429855
14857.910156	-50.153240
14879.443359	-49.730797
14900.976562	-49.647469
14922.509766	-50.667740
14944.042969	-50.540722
14965.576172	-50.024387
14987.109375	-50.018734
15008.642578	-50.318550
15030.175781	-49.838367
15051.708984	-50.430077
15073.242188	-50.400806
15094.775391	-50.445709
15116.308594	-49.804478
15137.841797	-50.085365
15159.375000	-50.279453
15180.908203	-49.732483
15202.441406	-49.179218
15223.974609	-49.235561
15245.507812	-50.209587
15267.041016	-50.763798
15288.574219	-51.381638
15310.107422	-50.402576
15331.640625	-49.757896
15353.173828	-49.893333
15374.707031	-50.354904
15396.240234	-50.951096
15417.773438	-51.291809
15439.306641	-50.222614
15460.839844	-50.632912
15482.373047	-50.997128
15503.906250	-50.527714
15525.439453	-50.736034
15546.972656	-50.247616
15568.505859	-50.560215
15590.039062	-50.828842
15611.572266	-50.730309
15633.105469	-51.230331
15654.638672	-51.307720
15676.171875	-49.836834
15697.705078	-50.649395
15719.238281	-50.514915
15740.771484	-50.690609
15762.304688	-50.860924
15783.837891	-51.165703
15805.371094	-51.597630
15826.904297	-50.427692
15848.437500	-50.871304
15869.970703	-51.309135
15891.503906	-51.105278
15913.037109	-50.775555
15934.570312	-51.557667
15956.103516	-51.274902
15977.636719	-51.070370
15999.169922	-51.081333
16020.703125	-50.789005
16042.236328	-52.063351
16063.769531	-51.836021
16085.302734	-51.203842
16106.835938	-51.134964
16128.369141	-51.045250
16149.902344	-51.783234
16171.435547	-51.499081
16192.968750	-51.085701
16214.501953	-51.150139
16236.035156	-51.193882
16257.568359	-51.064163
16279.101562	-50.503216
16300.634766	-51.037022
16322.167969	-51.078377
16343.701172	-51.966488
16365.234375	-51.296425
16386.767578	-52.062763
16408.300781	-51.852680
16429.833984	-51.556618
16451.367188	-50.892841
16472.900391	-51.060406
16494.433594	-51.910820
16515.966797	-51.584137
16537.500000	-52.336697
16559.033203	-52.832802
16580.566406	-52.220844
16602.099609	-52.058792
16623.632812	-52.621250
16645.166016	-52.535847
16666.699219	-52.450092
16688.232422	-51.769482
16709.765625	-51.574436
16731.298828	-52.317547
16752.832031	-51.835136
16774.365234	-52.054485
16795.898438	-52.358135
16817.431641	-52.047943
16838.964844	-52.450790
16860.498047	-53.026062
16882.031250	-52.799103
16903.564453	-53.192345
16925.097656	-53.401169
16946.630859	-53.281403
16968.164062	-52.408936
16989.697266	-52.893612
17011.230469	-53.393402
17032.763672	-53.196548
17054.296875	-53.054455
17075.830078	-53.491009
17097.363281	-54.045685
17118.896484	-54.260899
17140.429688	-53.530670
17161.962891	-53.205280
17183.496094	-53.904209
17205.029297	-54.599812
17226.562500	-55.114685
17248.095703	-54.434990
17269.628906	-53.569065
17291.162109	-53.797337
17312.695312	-54.472019
17334.228516	-55.048191
17355.761719	-54.122749
17377.294922	-54.338127
17398.828125	-54.288040
17420.361328	-54.006332
17441.894531	-53.388458
17463.427734	-54.608749
17484.960938	-54.334267
17506.494141	-54.692455
17528.027344	-54.391525
17549.560547	-55.218731
17571.093750	-54.750183
17592.626953	-55.134941
17614.160156	-55.425304
17635.693359	-56.236668
17657.226562	-55.014568
17678.759766	-54.959923
17700.292969	-56.058502
17721.826172	-56.233353
17743.359375	-55.346691
17764.892578	-54.524815
17786.425781	-55.548504
17807.958984	-56.175991
17829.492188	-55.099430
17851.025391	-55.468323
17872.558594	-55.807365
17894.091797	-56.106049
17915.625000	-56.479118
17937.158203	-56.534325
17958.691406	-56.265930
17980.224609	-57.093678
18001.757812	-57.851765
18023.291016	-57.928825
18044.824219	-56.636494
18066.357422	-56.205067
18087.890625	-57.331821
18109.423828	-57.475582
18130.957031	-57.888412
18152.490234	-57.791119
18174.023438	-57.511372
18195.556641	-58.016323
18217.089844	-58.128628
18238.623047	-58.718292
18260.156250	-58.719574
18281.689453	-58.750439
18303.222656	-58.588276
18324.755859	-58.883873
18346.289062	-58.735218
18367.822266	-58.799809
18389.355469	-60.057037
18410.888672	-60.283676
18432.421875	-60.421673
18453.955078	-59.526413
18475.488281	-59.922867
18497.021484	-59.445461
18518.554688	-59.567348
18540.087891	-60.231159
18561.621094	-60.680641
18583.154297	-60.479141
18604.687500	-60.379208
18626.220703	-60.395329
18647.753906	-60.698891
18669.287109	-61.027721
18690.820312	-61.151016
18712.353516	-62.140251
18733.886719	-62.871525
18755.419922	-62.136864
18776.953125	-61.380180
18798.486328	-61.700779
18820.019531	-62.669189
18841.552734	-62.571957
18863.085938	-62.021381
18884.619141	-62.533905
18906.152344	-62.146912
18927.685547	-62.490070
18949.218750	-63.277794
18970.751953	-63.148472
18992.285156	-63.703568
19013.818359	-62.882889
19035.351562	-62.871883
19056.884766	-62.694016
19078.417969	-63.282471
19099.951172	-63.943298
19121.484375	-64.453407
19143.017578	-64.385063
19164.550781	-64.701622
19186.083984	-64.585327
19207.617188	-64.128952
19229.150391	-64.645981
19250.683594	-65.700478
19272.216797	-65.826302
19293.750000	-66.599655
19315.283203	-66.799507
19336.816406	-66.714561
19358.349609	-66.121300
19379.882812	-66.386391
19401.416016	-66.258240
19422.949219	-66.992058
19444.482422	-67.571167
19466.015625	-67.480553
19487.548828	-66.974747
19509.082031	-66.979851
19530.615234	-67.461838
19552.148438	-68.098572
19573.681641	-69.084045
19595.214844	-69.088394
19616.748047	-68.853981
19638.281250	-69.098640
19659.814453	-68.881927
19681.347656	-69.318542
19702.880859	-69.507057
19724.414062	-69.370224
19745.947266	-70.775459
19767.480469	-71.277321
19789.013672	-71.841698
19810.546875	-73.016838
19832.080078	-72.165001
19853.613281	-71.645920
19875.146484	-71.669228
19896.679688	-72.031502
19918.212891	-72.375389
19939.746094	-72.990707
19961.279297	-73.281479
19982.812500	-73.143806
20004.345703	-74.000534
20025.878906	-74.473511
20047.412109	-75.143944
20068.945312	-75.152168
20090.478516	-76.981255
20112.011719	-76.834587
20133.544922	-75.923302
20155.078125	-75.354805
20176.611328	-76.540604
20198.144531	-77.104866
20219.677734	-77.142998
20241.210938	-77.844070
20262.744141	-78.519218
20284.277344	-78.503441
20305.810547	-78.698051
20327.343750	-80.236588
20348.876953	-80.835335
20370.410156	-81.106316
20391.943359	-81.860443
20413.476562	-81.490982
20435.009766	-81.186859
20456.542969	-81.982346
20478.076172	-83.874870
20499.609375	-85.387466
20521.142578	-85.685791
20542.675781	-84.859703
20564.208984	-85.324020
20585.742188	-85.851303
20607.275391	-86.533073
20628.808594	-87.566917
20650.341797	-87.841721
20671.875000	-88.407402
20693.408203	-89.967911
20714.941406	-90.522476
20736.474609	-90.493851
20758.007812	-91.149864
20779.541016	-92.043404
20801.074219	-92.540016
20822.607422	-94.184166
20844.140625	-95.522629
20865.673828	-94.744507
20887.207031	-95.557388
20908.740234	-96.656334
20930.273438	-97.245644
20951.806641	-98.101181
20973.339844	-98.646278
20994.873047	-99.900673
21016.406250	-101.272949
21037.939453	-101.179573
21059.472656	-102.453445
21081.005859	-104.017517
21102.539062	-104.594841
21124.072266	-105.648621
21145.605469	-106.595001
21167.138672	-109.284210
21188.671875	-109.380318
21210.205078	-109.963730
21231.738281	-112.006172
21253.271484	-112.757324
21274.804688	-113.683578
21296.337891	-114.641716
21317.871094	-116.144531
21339.404297	-117.209854
21360.937500	-117.925613
21382.470703	-118.709488
21404.003906	-121.035301
21425.537109	-122.480240
21447.070312	-123.175827
21468.603516	-125.064163
21490.136719	-127.021042
21511.669922	-129.190277
21533.203125	-129.770767
21554.736328	-131.389160
21576.269531	-133.131363
21597.802734	-134.358322
21619.335938	-136.714661
21640.869141	-138.374359
21662.402344	-140.482437
21683.935547	-142.903732
21705.468750	-144.787338
21727.001953	-147.411484
21748.535156	-149.822128
21770.068359	-150.891144
21791.601562	-152.640762
21813.134766	-155.767197
21834.667969	-158.069565
21856.201172	-161.109467
21877.734375	-161.904678
21899.267578	-162.596603
21920.800781	-163.620422
21942.333984	-159.998764
21963.867188	-161.673630
21985.400391	-161.066284
22006.933594	-160.517776
22028.466797	-158.406708
