Frequency (Hz)	Level (dB)
43.066406	-31.025539
86.132812	-28.019409
129.199219	-26.435411
172.265625	-24.438435
215.332031	-23.461979
258.398438	-22.534876
301.464844	-21.820105
344.531250	-21.097292
387.597656	-20.377075
430.664062	-20.151930
473.730469	-19.801279
516.796875	-19.578590
559.863281	-19.194090
602.929688	-18.511368
645.996094	-18.612307
689.062500	-18.661983
732.128906	-18.004242
775.195312	-17.918503
818.261719	-17.792803
861.328125	-17.883558
904.394531	-18.168592
947.460938	-18.441111
990.527344	-18.426733
1033.593750	-18.622316
1076.660156	-18.492088
1119.726562	-18.773867
1162.792969	-18.756784
1205.859375	-18.581345
1248.925781	-18.657032
1291.992188	-19.402861
1335.058594	-19.621023
1378.125000	-18.866812
1421.191406	-19.367849
1464.257812	-19.821966
1507.324219	-19.627459
1550.390625	-19.737692
1593.457031	-20.003227
1636.523438	-19.972887
1679.589844	-20.211508
1722.656250	-20.833858
1765.722656	-20.530258
1808.789062	-20.742414
1851.855469	-20.691599
1894.921875	-21.255049
1937.988281	-21.156033
1981.054688	-21.457762
2024.121094	-21.808254
2067.187500	-21.926670
2110.253906	-21.868345
2153.320312	-21.930574
2196.386719	-22.156874
2239.453125	-21.862320
2282.519531	-22.343985
2325.585938	-22.449511
2368.652344	-22.765751
2411.718750	-23.043127
2454.785156	-23.552519
2497.851562	-23.425926
2540.917969	-23.369436
2583.984375	-23.432941
2627.050781	-23.706944
2670.117188	-23.930592
2713.183594	-23.786566
2756.250000	-24.135406
2799.316406	-24.172350
2842.382812	-24.239269
2885.449219	-24.964870
2928.515625	-24.712654
2971.582031	-25.047512
3014.648438	-25.291958
3057.714844	-25.065657
3100.781250	-25.235346
3143.847656	-25.486635
3186.914062	-25.257217
3229.980469	-25.589954
3273.046875	-26.217445
3316.113281	-26.285133
3359.179688	-26.077824
3402.246094	-26.045742
3445.312500	-26.582438
3488.378906	-26.602678
3531.445312	-26.584780
3574.511719	-26.844017
3617.578125	-27.123505
3660.644531	-26.889076
3703.710938	-27.463667
3746.777344	-27.672173
3789.843750	-27.526964
3832.910156	-27.867764
3875.976562	-27.701197
3919.042969	-28.041424
3962.109375	-28.052645
4005.175781	-28.131689
4048.242188	-28.300541
4091.308594	-28.588892
4134.375000	-28.310602
4177.441406	-28.242046
4220.507812	-28.418276
4263.574219	-28.889999
4306.640625	-28.635010
4349.707031	-28.822107
4392.773438	-29.056189
4435.839844	-29.214642
4478.906250	-29.296669
4521.972656	-29.799259
4565.039062	-29.985100
4608.105469	-29.977713
4651.171875	-29.851749
4694.238281	-29.741760
4737.304688	-29.556707
4780.371094	-29.670040
4823.437500	-29.915482
4866.503906	-30.474949
4909.570312	-30.448954
4952.636719	-30.459318
4995.703125	-30.479605
5038.769531	-30.988998
5081.835938	-31.081404
5124.902344	-30.962475
5167.968750	-31.024151
5211.035156	-31.174500
5254.101562	-31.280104
5297.167969	-31.421499
5340.234375	-31.500324
5383.300781	-31.338676
5426.367188	-31.819851
5469.433594	-32.142662
5512.500000	-31.794111
5555.566406	-31.832827
5598.632812	-31.809483
5641.699219	-32.065765
5684.765625	-32.160046
5727.832031	-32.139717
5770.898438	-32.213619
5813.964844	-32.370689
5857.031250	-32.390129
5900.097656	-33.135696
5943.164062	-32.567223
5986.230469	-32.425529
6029.296875	-32.843330
6072.363281	-33.062866
6115.429688	-33.096989
6158.496094	-33.122581
6201.562500	-33.321934
6244.628906	-33.282768
6287.695312	-33.499123
6330.761719	-33.856392
6373.828125	-33.674618
6416.894531	-33.275177
6459.960938	-33.251629
6503.027344	-34.153774
6546.093750	-34.385685
6589.160156	-34.292519
6632.226562	-34.529419
6675.292969	-34.494835
6718.359375	-34.286144
6761.425781	-34.303970
6804.492188	-35.097729
6847.558594	-34.718704
6890.625000	-34.647900
6933.691406	-34.485836
6976.757812	-34.707146
7019.824219	-34.916538
7062.890625	-35.098930
7105.957031	-35.214409
7149.023438	-35.644924
7192.089844	-35.729218
7235.156250	-35.349525
7278.222656	-35.255207
7321.289062	-35.592121
7364.355469	-35.683304
7407.421875	-35.833431
7450.488281	-35.675045
7493.554688	-35.843628
7536.621094	-35.827179
7579.687500	-35.839031
7622.753906	-36.044010
7665.820312	-36.097893
7708.886719	-36.382889
7751.953125	-36.280205
7795.019531	-36.156578
7838.085938	-36.362648
7881.152344	-36.427528
7924.218750	-36.642761
7967.285156	-37.058346
8010.351562	-36.909134
8053.417969	-36.522362
8096.484375	-36.568691
8139.550781	-36.889984
8182.617188	-36.876122
8225.683594	-36.987251
8268.750000	-37.187130
8311.816406	-37.256733
8354.882812	-37.267563
8397.949219	-37.226170
8441.015625	-37.353912
8484.082031	-37.128654
8527.148438	-37.715382
8570.214844	-38.106098
8613.281250	-37.974983
8656.347656	-37.802620
8699.414062	-37.670441
8742.480469	-38.121635
8785.546875	-38.124989
8828.613281	-38.123062
8871.679688	-38.381618
8914.746094	-38.570560
8957.812500	-38.440857
9000.878906	-38.179989
9043.945312	-38.260246
9087.011719	-38.470852
9130.078125	-38.483429
9173.144531	-38.785862
9216.210938	-38.921326
9259.277344	-39.127182
9302.343750	-39.320332
9345.410156	-39.236355
9388.476562	-39.262760
9431.542969	-38.974251
9474.609375	-39.049240
9517.675781	-39.215736
9560.742188	-39.007919
9603.808594	-39.109657
9646.875000	-39.461918
9689.941406	-39.834995
9733.007812	-39.693539
9776.074219	-39.451355
9819.140625	-39.690727
9862.207031	-39.728462
9905.273438	-39.827248
9948.339844	-39.993465
9991.406250	-39.851391
10034.472656	-39.935787
10077.539062	-40.373394
10120.605469	-40.316792
10163.671875	-40.069435
10206.738281	-40.614967
10249.804688	-40.552029
10292.871094	-40.249325
10335.937500	-39.834248
10379.003906	-40.153656
10422.070312	-40.343784
10465.136719	-40.278069
10508.203125	-40.429916
10551.269531	-40.631622
10594.335938	-40.956169
10637.402344	-41.168034
10680.468750	-40.965176
10723.535156	-41.178135
10766.601562	-41.418884
10809.667969	-41.230339
10852.734375	-41.208496
10895.800781	-41.331413
10938.867188	-41.159290
10981.933594	-41.490116
11025.000000	-41.497929
11068.066406	-41.480476
11111.132812	-41.504219
11154.199219	-41.537121
11197.265625	-41.669842
11240.332031	-41.449509
11283.398438	-41.442760
11326.464844	-41.561596
11369.531250	-42.056889
11412.597656	-42.047791
11455.664062	-42.054874
11498.730469	-41.998898
11541.796875	-41.561787
11584.863281	-41.886505
11627.929688	-42.062775
11670.996094	-42.625534
11714.062500	-42.347744
11757.128906	-42.320393
11800.195312	-42.589291
11843.261719	-42.384895
11886.328125	-42.254944
11929.394531	-42.366413
11972.460938	-42.390724
12015.527344	-42.636341
12058.593750	-42.766991
12101.660156	-42.828278
12144.726562	-42.406212
12187.792969	-42.383327
12230.859375	-42.865494
12273.925781	-42.793518
12316.992188	-42.607937
12360.058594	-43.107300
12403.125000	-43.303661
12446.191406	-43.294651
12489.257812	-43.211292
12532.324219	-43.780869
12575.390625	-43.599865
12618.457031	-43.895348
12661.523438	-44.106899
12704.589844	-44.157295
12747.656250	-44.177574
12790.722656	-43.817780
12833.789062	-43.687733
12876.855469	-43.805248
12919.921875	-43.618034
12962.988281	-43.640110
13006.054688	-43.953491
13049.121094	-44.154819
13092.187500	-44.093372
13135.253906	-43.963207
13178.320312	-44.554512
13221.386719	-44.143745
13264.453125	-44.059391
13307.519531	-44.245144
13350.585938	-44.332771
13393.652344	-44.338230
13436.718750	-44.907021
13479.785156	-44.722309
13522.851562	-44.670837
13565.917969	-44.526882
13608.984375	-44.368320
13652.050781	-44.818199
13695.117188	-44.921291
13738.183594	-44.741596
13781.250000	-44.890232
13824.316406	-45.422810
13867.382812	-45.144684
13910.449219	-45.474640
13953.515625	-45.382328
13996.582031	-45.278091
14039.648438	-45.043812
14082.714844	-45.234898
14125.781250	-45.097618
14168.847656	-45.256386
14211.914062	-45.523006
14254.980469	-45.446964
14298.046875	-45.352966
14341.113281	-45.406830
14384.179688	-46.086243
14427.246094	-46.041431
14470.312500	-45.656349
14513.378906	-45.397888
14556.445312	-45.668724
14599.511719	-45.911068
14642.578125	-45.387932
14685.644531	-45.790470
14728.710938	-46.267159
14771.777344	-46.328331
14814.843750	-46.396538
14857.910156	-46.084496
14900.976562	-46.236752
14944.042969	-46.140789
14987.109375	-46.184307
15030.175781	-46.254112
15073.242188	-46.508018
15116.308594	-46.710480
15159.375000	-46.322384
15202.441406	-46.114326
15245.507812	-46.866642
15288.574219	-46.633465
15331.640625	-46.695415
15374.707031	-47.124493
15417.773438	-46.772404
15460.839844	-46.118805
15503.906250	-46.793980
15546.972656	-46.996128
15590.039062	-46.953522
15633.105469	-47.020557
15676.171875	-47.088940
15719.238281	-47.501492
15762.304688	-47.264267
15805.371094	-47.366280
15848.437500	-47.443909
15891.503906	-47.407761
15934.570312	-47.310371
15977.636719	-47.106941
16020.703125	-47.428005
16063.769531	-47.585056
16106.835938	-47.588215
16149.902344	-47.255779
16192.968750	-47.685932
16236.035156	-47.624500
16279.101562	-47.647835
16322.167969	-47.582066
16365.234375	-47.528374
16408.300781	-47.647598
16451.367188	-47.992653
16494.433594	-47.664730
16537.500000	-47.886772
16580.566406	-47.884827
16623.632812	-47.840557
16666.699219	-48.095078
16709.765625	-48.369984
16752.832031	-48.324596
16795.898438	-48.391830
16838.964844	-48.345230
16882.031250	-48.177685
16925.097656	-48.077564
16968.164062	-48.174080
17011.230469	-48.346256
17054.296875	-48.597092
17097.363281	-49.036911
17140.429688	-48.281776
17183.496094	-48.420727
17226.562500	-48.582973
17269.628906	-48.807709
17312.695312	-49.082661
17355.761719	-48.956837
17398.828125	-49.206059
17441.894531	-49.242455
17484.960938	-49.080387
17528.027344	-48.941120
17571.093750	-48.831440
17614.160156	-49.008659
17657.226562	-49.168060
17700.292969	-49.049847
17743.359375	-49.282349
17786.425781	-49.438183
17829.492188	-48.981758
17872.558594	-49.301174
17915.625000	-49.345299
17958.691406	-49.447769
18001.757812	-49.390610
18044.824219	-49.639793
18087.890625	-49.794422
18130.957031	-49.861973
18174.023438	-49.836288
18217.089844	-49.769287
18260.156250	-49.953037
18303.222656	-50.305023
18346.289062	-50.301903
18389.355469	-50.031975
18432.421875	-50.019653
18475.488281	-50.119144
18518.554688	-50.529423
18561.621094	-50.083759
18604.687500	-50.198708
18647.753906	-50.391262
18690.820312	-50.785343
18733.886719	-50.518070
18776.953125	-50.592281
18820.019531	-50.994572
18863.085938	-50.640522
18906.152344	-50.373585
18949.218750	-50.530235
18992.285156	-50.590374
19035.351562	-50.526196
19078.417969	-50.625362
19121.484375	-50.201790
19164.550781	-50.599243
19207.617188	-50.956425
19250.683594	-50.987156
19293.750000	-51.373543
19336.816406	-51.391842
19379.882812	-51.069565
19422.949219	-50.793911
19466.015625	-50.857159
19509.082031	-50.949509
19552.148438	-50.829399
19595.214844	-51.239101
19638.281250	-51.498486
19681.347656	-50.954124
19724.414062	-50.731415
19767.480469	-50.833481
19810.546875	-51.465637
19853.613281	-51.558617
19896.679688	-51.700806
19939.746094	-51.323174
19982.812500	-51.317787
20025.878906	-51.208977
20068.945312	-51.498260
20112.011719	-51.850822
20155.078125	-51.772785
20198.144531	-51.750954
20241.210938	-51.861671
20284.277344	-51.825634
20327.343750	-51.862034
20370.410156	-52.065449
20413.476562	-52.004826
20456.542969	-52.257000
20499.609375	-52.083008
20542.675781	-52.292202
20585.742188	-52.437164
20628.808594	-52.561680
20671.875000	-52.009514
20714.941406	-52.198067
20758.007812	-52.259773
20801.074219	-52.025135
20844.140625	-52.196228
20887.207031	-52.647720
20930.273438	-52.528477
20973.339844	-52.943542
21016.406250	-52.336849
21059.472656	-52.192593
21102.539062	-52.645893
21145.605469	-52.838177
21188.671875	-52.939129
21231.738281	-53.251377
21274.804688	-52.774300
21317.871094	-52.717911
21360.937500	-53.136398
21404.003906	-53.566483
21447.070312	-53.217258
21490.136719	-52.888119
21533.203125	-53.457012
21576.269531	-53.495335
21619.335938	-53.373379
21662.402344	-53.707367
21705.468750	-53.623215
21748.535156	-53.768940
21791.601562	-53.519005
21834.667969	-53.514919
21877.734375	-53.623554
21920.800781	-53.477276
21963.867188	-53.901501
22006.933594	-53.880680
