Frequency (Hz)	Level (dB)
43.066406	-35.155209
86.132812	-32.660080
129.199219	-31.668203
172.265625	-31.018003
215.332031	-30.665295
258.398438	-30.276299
301.464844	-30.111938
344.531250	-30.618980
387.597656	-31.100193
430.664062	-31.328941
473.730469	-31.356911
516.796875	-31.629221
559.863281	-31.827736
602.929688	-31.577274
645.996094	-31.905891
689.062500	-32.476349
732.128906	-33.012085
775.195312	-33.604435
818.261719	-33.874802
861.328125	-34.550610
904.394531	-35.067192
947.460938	-35.202675
990.527344	-35.264000
1033.593750	-35.529842
1076.660156	-35.424004
1119.726562	-35.308685
1162.792969	-35.760677
1205.859375	-36.456226
1248.925781	-36.666466
1291.992188	-36.706951
1335.058594	-37.067192
1378.125000	-37.264011
1421.191406	-37.842075
1464.257812	-38.661766
1507.324219	-38.930569
1550.390625	-38.910828
1593.457031	-39.480854
1636.523438	-39.775738
1679.589844	-39.563755
1722.656250	-39.373047
1765.722656	-39.661751
1808.789062	-40.320129
1851.855469	-40.458355
1894.921875	-40.842392
1937.988281	-41.026779
1981.054688	-41.495655
2024.121094	-41.611488
2067.187500	-41.583279
2110.253906	-41.774090
2153.320312	-42.171375
2196.386719	-42.374844
2239.453125	-42.545162
2282.519531	-42.373241
2325.585938	-42.494102
2368.652344	-42.726440
2411.718750	-43.204395
2454.785156	-43.645290
2497.851562	-43.658791
2540.917969	-43.530411
2583.984375	-43.858982
2627.050781	-43.900455
2670.117188	-44.165134
2713.183594	-44.243401
2756.250000	-44.097851
2799.316406	-44.580925
2842.382812	-44.887150
2885.449219	-44.668518
2928.515625	-44.836464
2971.582031	-45.384048
3014.648438	-45.871323
3057.714844	-45.785538
3100.781250	-45.471951
3143.847656	-45.463543
3186.914062	-45.617825
3229.980469	-45.838600
3273.046875	-46.175625
3316.113281	-45.825558
3359.179688	-46.272533
3402.246094	-46.473309
3445.312500	-46.621338
3488.378906	-46.991650
3531.445312	-46.922688
3574.511719	-46.918552
3617.578125	-47.190052
3660.644531	-46.926193
3703.710938	-46.771427
3746.777344	-47.215130
3789.843750	-47.197750
3832.910156	-47.372860
3875.976562	-47.452785
3919.042969	-47.808979
3962.109375	-48.335846
4005.175781	-47.963619
4048.242188	-47.964920
4091.308594	-47.954250
4134.375000	-47.698147
4177.441406	-48.082146
4220.507812	-48.656784
4263.574219	-48.670265
4306.640625	-48.685490
4349.707031	-48.753983
4392.773438	-48.843277
4435.839844	-48.916725
4478.906250	-49.082798
4521.972656	-49.422745
4565.039062	-49.516087
4608.105469	-49.675694
4651.171875	-49.777328
4694.238281	-49.593182
4737.304688	-49.692677
4780.371094	-49.415260
4823.437500	-49.530319
4866.503906	-49.804390
4909.570312	-49.934181
4952.636719	-49.932507
4995.703125	-50.019791
5038.769531	-50.340996
5081.835938	-50.193077
5124.902344	-50.243874
5167.968750	-49.979595
5211.035156	-49.778145
5254.101562	-50.132385
5297.167969	-50.591202
5340.234375	-50.231098
5383.300781	-50.634945
5426.367188	-51.016953
5469.433594	-51.064472
5512.500000	-51.511616
5555.566406	-51.239578
5598.632812	-50.977261
5641.699219	-51.148037
5684.765625	-51.104324
5727.832031	-51.183910
5770.898438	-51.724636
5813.964844	-51.580841
5857.031250	-51.516212
5900.097656	-51.605042
5943.164062	-51.715641
5986.230469	-51.837780
6029.296875	-51.703808
6072.363281	-51.815441
6115.429688	-51.867287
6158.496094	-52.265957
6201.562500	-52.313145
6244.628906	-52.165203
6287.695312	-52.164165
6330.761719	-52.282234
6373.828125	-52.134678
6416.894531	-52.113407
6459.960938	-51.976471
6503.027344	-52.098637
6546.093750	-52.941116
6589.160156	-52.778610
6632.226562	-52.979412
6675.292969	-53.001091
6718.359375	-53.058414
6761.425781	-53.400841
6804.492188	-53.146866
6847.558594	-52.907574
6890.625000	-52.954926
6933.691406	-52.911747
6976.757812	-52.787170
7019.824219	-53.162273
7062.890625	-53.458179
7105.957031	-53.630512
7149.023438	-53.647842
7192.089844	-53.574757
7235.156250	-53.450478
7278.222656	-53.651596
7321.289062	-53.624569
7364.355469	-53.287590
7407.421875	-53.781006
7450.488281	-53.684780
7493.554688	-54.344482
7536.621094	-54.812229
7579.687500	-54.587452
7622.753906	-54.701557
7665.820312	-54.343464
7708.886719	-54.089066
7751.953125	-53.934738
7795.019531	-54.120731
7838.085938	-54.047180
7881.152344	-54.275185
7924.218750	-54.335110
7967.285156	-54.772900
8010.351562	-55.204666
8053.417969	-55.001141
8096.484375	-54.730690
8139.550781	-54.720291
8182.617188	-54.767010
8225.683594	-54.963634
8268.750000	-54.958927
8311.816406	-54.721043
8354.882812	-54.660271
8397.949219	-54.746361
8441.015625	-55.364632
8484.082031	-55.540367
8527.148438	-55.352562
8570.214844	-55.282173
8613.281250	-54.946865
8656.347656	-55.043121
8699.414062	-55.406502
8742.480469	-55.903206
8785.546875	-54.934063
8828.613281	-54.893822
8871.679688	-55.746410
8914.746094	-55.868908
8957.812500	-55.693329
9000.878906	-56.043491
9043.945312	-55.671276
9087.011719	-55.589336
9130.078125	-55.732590
9173.144531	-55.677109
9216.210938	-55.901634
9259.277344	-56.030823
9302.343750	-55.831593
9345.410156	-56.268356
9388.476562	-56.294067
9431.542969	-56.070423
9474.609375	-55.913338
9517.675781	-55.782974
9560.742188	-56.216274
9603.808594	-56.614033
9646.875000	-57.079990
9689.941406	-56.517082
9733.007812	-56.293186
9776.074219	-56.619549
9819.140625	-56.780457
9862.207031	-56.591019
9905.273438	-56.512028
9948.339844	-56.688446
9991.406250	-57.303974
10034.472656	-57.067078
10077.539062	-56.566910
10120.605469	-56.379333
10163.671875	-56.915108
10206.738281	-57.043385
10249.804688	-57.323025
10292.871094	-57.179249
10335.937500	-57.009895
10379.003906	-57.210144
10422.070312	-57.124485
10465.136719	-56.735882
10508.203125	-57.042065
10551.269531	-57.389942
10594.335938	-57.291924
10637.402344	-57.487160
10680.468750	-57.528847
10723.535156	-57.229328
10766.601562	-57.595791
10809.667969	-57.619759
10852.734375	-57.252411
10895.800781	-57.439011
10938.867188	-57.574383
10981.933594	-57.756603
11025.000000	-57.752754
11068.066406	-58.123344
11111.132812	-57.959564
11154.199219	-57.886570
11197.265625	-58.274372
11240.332031	-58.294689
11283.398438	-57.908058
11326.464844	-57.814548
11369.531250	-57.830032
11412.597656	-58.300064
11455.664062	-58.179947
11498.730469	-58.267208
11541.796875	-58.246906
11584.863281	-58.081764
11627.929688	-58.265167
11670.996094	-58.558014
11714.062500	-58.515991
11757.128906	-58.299526
11800.195312	-58.403080
11843.261719	-58.605618
11886.328125	-58.492565
11929.394531	-58.960262
11972.460938	-58.975040
12015.527344	-58.505863
12058.593750	-58.465424
12101.660156	-58.258068
12144.726562	-58.684155
12187.792969	-59.187183
12230.859375	-58.791515
12273.925781	-59.146252
12316.992188	-59.512115
12360.058594	-59.120548
12403.125000	-59.183311
12446.191406	-58.988430
12489.257812	-59.044197
12532.324219	-59.514851
12575.390625	-59.478737
12618.457031	-59.142708
12661.523438	-59.387634
12704.589844	-58.751225
12747.656250	-58.792660
12790.722656	-59.542168
12833.789062	-59.657825
12876.855469	-59.392776
12919.921875	-59.359360
12962.988281	-59.550140
13006.054688	-59.880825
13049.121094	-59.704285
13092.187500	-59.609943
13135.253906	-59.744377
13178.320312	-59.755608
13221.386719	-59.824142
13264.453125	-60.008869
13307.519531	-59.779991
13350.585938	-59.891907
13393.652344	-59.826454
13436.718750	-60.010460
13479.785156	-60.060307
13522.851562	-60.015308
13565.917969	-59.785957
13608.984375	-59.917507
13652.050781	-60.256302
13695.117188	-60.495441
13738.183594	-60.400696
13781.250000	-60.076847
13824.316406	-59.904945
13867.382812	-60.205524
13910.449219	-60.391232
13953.515625	-60.362316
13996.582031	-60.561863
14039.648438	-60.425587
14082.714844	-60.252583
14125.781250	-60.618568
14168.847656	-60.754185
14211.914062	-60.862450
14254.980469	-60.776756
14298.046875	-60.262299
14341.113281	-60.211685
14384.179688	-60.652420
14427.246094	-60.809807
14470.312500	-60.894268
14513.378906	-60.820621
14556.445312	-60.536636
14599.511719	-60.726379
14642.578125	-60.968998
14685.644531	-61.333157
14728.710938	-61.004333
14771.777344	-61.318516
14814.843750	-61.455326
14857.910156	-60.877625
14900.976562	-61.006611
14944.042969	-61.147987
14987.109375	-61.202705
15030.175781	-61.361748
15073.242188	-61.766369
15116.308594	-61.573807
15159.375000	-61.498634
15202.441406	-61.664051
15245.507812	-61.592709
15288.574219	-61.444664
15331.640625	-61.563782
15374.707031	-61.898285
15417.773438	-61.919777
15460.839844	-61.823448
15503.906250	-61.380787
15546.972656	-61.355717
15590.039062	-61.589020
15633.105469	-62.061596
15676.171875	-61.780380
15719.238281	-61.914093
15762.304688	-62.178471
15805.371094	-62.062943
15848.437500	-61.773376
15891.503906	-62.078018
15934.570312	-61.710094
15977.636719	-61.856056
16020.703125	-62.060658
16063.769531	-62.191528
16106.835938	-62.340317
16149.902344	-62.074089
16192.968750	-61.987206
16236.035156	-62.286854
16279.101562	-62.089321
16322.167969	-62.126057
16365.234375	-62.097595
16408.300781	-61.845707
16451.367188	-62.191776
16494.433594	-62.385136
16537.500000	-62.463715
16580.566406	-62.322533
16623.632812	-62.226044
16666.699219	-62.390549
16709.765625	-62.876240
16752.832031	-62.738064
16795.898438	-62.463211
16838.964844	-62.461838
16882.031250	-62.707226
16925.097656	-62.878326
16968.164062	-62.823555
17011.230469	-62.634850
17054.296875	-62.726822
17097.363281	-63.413727
17140.429688	-63.396542
17183.496094	-63.273350
17226.562500	-63.149979
17269.628906	-62.997608
17312.695312	-62.938698
17355.761719	-62.775074
17398.828125	-62.941380
17441.894531	-62.632183
17484.960938	-62.612217
17528.027344	-62.952656
17571.093750	-63.186050
17614.160156	-62.728535
17657.226562	-63.193573
17700.292969	-63.529919
17743.359375	-63.777138
17786.425781	-63.558270
17829.492188	-62.983784
17872.558594	-63.271496
17915.625000	-63.673645
17958.691406	-63.658646
18001.757812	-63.541389
18044.824219	-63.287365
18087.890625	-63.373741
18130.957031	-63.458199
18174.023438	-63.343838
18217.089844	-63.491482
18260.156250	-63.735569
18303.222656	-63.737083
18346.289062	-63.670517
18389.355469	-63.740959
18432.421875	-63.470448
18475.488281	-63.433468
18518.554688	-63.996758
18561.621094	-64.200653
18604.687500	-63.876328
18647.753906	-64.075958
18690.820312	-64.336411
18733.886719	-64.477768
18776.953125	-64.091949
18820.019531	-63.889122
18863.085938	-63.480892
18906.152344	-63.543873
18949.218750	-64.119232
18992.285156	-64.131470
19035.351562	-63.837601
19078.417969	-63.858391
19121.484375	-64.145805
19164.550781	-63.819988
19207.617188	-63.873440
19250.683594	-64.094757
19293.750000	-64.032349
19336.816406	-64.343620
19379.882812	-64.712486
19422.949219	-64.414665
19466.015625	-64.002312
19509.082031	-64.285866
19552.148438	-64.322105
19595.214844	-64.640015
19638.281250	-65.041275
19681.347656	-64.533607
19724.414062	-64.075294
19767.480469	-64.207672
19810.546875	-64.598228
19853.613281	-65.098022
19896.679688	-64.823753
19939.746094	-64.225983
19982.812500	-64.280754
20025.878906	-64.470863
20068.945312	-64.808769
20112.011719	-64.502419
20155.078125	-64.637260
20198.144531	-65.207710
20241.210938	-64.961266
20284.277344	-64.478928
20327.343750	-64.779030
20370.410156	-64.671104
20413.476562	-64.650047
20456.542969	-64.800735
20499.609375	-64.753082
20542.675781	-65.068626
20585.742188	-65.073296
20628.808594	-65.262543
20671.875000	-65.357086
20714.941406	-65.096069
20758.007812	-65.173096
20801.074219	-65.320450
20844.140625	-65.633064
20887.207031	-65.594879
20930.273438	-65.498093
20973.339844	-65.455460
21016.406250	-65.592484
21059.472656	-65.855019
21102.539062	-65.551109
21145.605469	-65.804947
21188.671875	-65.533554
21231.738281	-65.527031
21274.804688	-65.737648
21317.871094	-66.079117
21360.937500	-65.799042
21404.003906	-65.854546
21447.070312	-65.794250
21490.136719	-66.217506
21533.203125	-66.701141
21576.269531	-66.954010
21619.335938	-66.492455
21662.402344	-66.776443
21705.468750	-67.774834
21748.535156	-68.130348
21791.601562	-67.862801
21834.667969	-68.227081
21877.734375	-69.181946
21920.800781	-70.385384
21963.867188	-71.606895
22006.933594	-72.498543
