Frequency (Hz)	Level (dB)
43.066406	-31.178522
86.132812	-28.568020
129.199219	-27.204479
172.265625	-25.920713
215.332031	-25.447641
258.398438	-25.152044
301.464844	-25.288841
344.531250	-25.409180
387.597656	-25.378059
430.664062	-25.354013
473.730469	-25.810316
516.796875	-26.242977
559.863281	-26.330942
602.929688	-26.318588
645.996094	-26.607161
689.062500	-27.095766
732.128906	-27.485016
775.195312	-28.046341
818.261719	-28.350138
861.328125	-28.800259
904.394531	-29.394243
947.460938	-29.748583
990.527344	-29.891293
1033.593750	-30.305151
1076.660156	-30.382689
1119.726562	-30.475185
1162.792969	-30.457310
1205.859375	-31.537289
1248.925781	-31.921045
1291.992188	-32.502911
1335.058594	-32.242157
1378.125000	-32.106857
1421.191406	-32.599739
1464.257812	-33.308022
1507.324219	-33.496883
1550.390625	-33.542229
1593.457031	-33.938580
1636.523438	-34.312546
1679.589844	-34.608795
1722.656250	-34.413387
1765.722656	-34.777523
1808.789062	-35.493744
1851.855469	-35.436188
1894.921875	-36.139969
1937.988281	-35.835285
1981.054688	-35.596550
2024.121094	-35.672729
2067.187500	-35.851425
2110.253906	-36.069592
2153.320312	-36.538116
2196.386719	-36.989052
2239.453125	-36.459587
2282.519531	-36.727829
2325.585938	-37.071983
2368.652344	-37.344631
2411.718750	-37.816246
2454.785156	-38.215164
2497.851562	-37.961792
2540.917969	-37.946419
2583.984375	-38.479134
2627.050781	-38.814491
2670.117188	-38.671879
2713.183594	-38.538181
2756.250000	-38.605171
2799.316406	-38.830597
2842.382812	-39.286060
2885.449219	-39.501274
2928.515625	-39.173325
2971.582031	-39.619164
3014.648438	-40.036930
3057.714844	-39.802860
3100.781250	-39.757946
3143.847656	-39.807472
3186.914062	-39.713474
3229.980469	-40.160801
3273.046875	-40.152580
3316.113281	-40.052780
3359.179688	-40.813496
3402.246094	-41.072716
3445.312500	-40.770512
3488.378906	-40.938301
3531.445312	-40.959007
3574.511719	-41.157349
3617.578125	-41.676113
3660.644531	-41.102093
3703.710938	-41.134861
3746.777344	-41.487698
3789.843750	-41.395725
3832.910156	-41.823467
3875.976562	-41.833824
3919.042969	-42.046394
3962.109375	-41.863499
4005.175781	-42.351112
4048.242188	-42.775036
4091.308594	-42.431927
4134.375000	-42.305477
4177.441406	-42.378796
4220.507812	-42.743824
4263.574219	-42.677032
4306.640625	-43.020699
4349.707031	-43.187191
4392.773438	-43.371784
4435.839844	-43.276451
4478.906250	-43.174549
4521.972656	-43.415905
4565.039062	-43.524521
4608.105469	-43.611095
4651.171875	-43.584915
4694.238281	-43.678860
4737.304688	-43.391281
4780.371094	-43.402138
4823.437500	-43.429504
4866.503906	-43.730076
4909.570312	-44.022369
4952.636719	-44.336849
4995.703125	-44.256092
5038.769531	-44.605667
5081.835938	-44.129944
5124.902344	-43.994942
5167.968750	-44.242165
5211.035156	-44.119953
5254.101562	-44.475323
5297.167969	-44.608540
5340.234375	-44.631119
5383.300781	-44.719902
5426.367188	-44.805729
5469.433594	-45.164604
5512.500000	-45.116394
5555.566406	-44.873947
5598.632812	-44.892563
5641.699219	-45.193802
5684.765625	-44.943077
5727.832031	-45.037155
5770.898438	-45.421452
5813.964844	-45.278141
5857.031250	-45.407356
5900.097656	-45.767647
5943.164062	-45.348091
5986.230469	-45.584492
6029.296875	-45.678894
6072.363281	-45.958641
6115.429688	-46.115589
6158.496094	-46.006069
6201.562500	-45.885670
6244.628906	-46.212822
6287.695312	-46.390579
6330.761719	-46.445148
6373.828125	-46.265579
6416.894531	-45.769661
6459.960938	-45.550735
6503.027344	-46.174278
6546.093750	-46.697491
6589.160156	-47.115883
6632.226562	-47.264294
6675.292969	-46.898422
6718.359375	-46.761116
6761.425781	-46.901234
6804.492188	-47.272022
6847.558594	-46.784698
6890.625000	-46.979229
6933.691406	-46.756207
6976.757812	-46.897865
7019.824219	-47.101974
7062.890625	-47.337257
7105.957031	-47.609653
7149.023438	-47.513783
7192.089844	-47.630867
7235.156250	-47.496353
7278.222656	-47.302826
7321.289062	-47.145439
7364.355469	-47.328381
7407.421875	-47.999908
7450.488281	-47.864395
7493.554688	-47.907265
7536.621094	-47.753250
7579.687500	-47.956837
7622.753906	-48.185307
7665.820312	-48.249557
7708.886719	-48.127460
7751.953125	-47.681393
7795.019531	-47.969082
7838.085938	-47.980762
7881.152344	-48.456650
7924.218750	-48.559433
7967.285156	-48.372501
8010.351562	-48.240051
8053.417969	-48.176220
8096.484375	-48.335693
8139.550781	-48.507915
8182.617188	-48.649128
8225.683594	-48.817993
8268.750000	-49.238155
8311.816406	-48.611855
8354.882812	-48.440220
8397.949219	-48.789684
8441.015625	-49.146912
8484.082031	-48.953842
8527.148438	-49.043125
8570.214844	-49.210869
8613.281250	-49.332851
8656.347656	-49.434765
8699.414062	-49.131493
8742.480469	-49.473206
8785.546875	-49.037643
8828.613281	-48.860207
8871.679688	-49.651909
8914.746094	-49.850414
8957.812500	-49.774105
9000.878906	-49.692177
9043.945312	-49.818054
9087.011719	-49.889465
9130.078125	-49.680115
9173.144531	-49.545689
9216.210938	-50.027565
9259.277344	-50.451290
9302.343750	-50.182678
9345.410156	-49.987949
9388.476562	-49.904491
9431.542969	-49.532959
9474.609375	-49.522263
9517.675781	-49.881313
9560.742188	-49.975060
9603.808594	-50.268978
9646.875000	-50.702999
9689.941406	-50.695618
9733.007812	-50.516602
9776.074219	-50.780262
9819.140625	-50.821159
9862.207031	-50.365017
9905.273438	-50.171078
9948.339844	-50.268982
9991.406250	-50.656494
10034.472656	-50.300426
10077.539062	-50.153152
10120.605469	-50.334824
10163.671875	-50.523952
10206.738281	-50.738461
10249.804688	-50.728191
10292.871094	-50.637772
10335.937500	-50.778259
10379.003906	-51.063129
10422.070312	-50.707047
10465.136719	-50.754353
10508.203125	-50.682007
10551.269531	-50.995415
10594.335938	-51.129421
10637.402344	-51.259274
10680.468750	-50.938473
10723.535156	-51.086937
10766.601562	-51.655373
10809.667969	-51.643948
10852.734375	-51.275345
10895.800781	-51.426849
10938.867188	-51.260273
10981.933594	-51.513821
11025.000000	-51.039433
11068.066406	-51.383205
11111.132812	-51.119801
11154.199219	-51.313980
11197.265625	-51.745216
11240.332031	-51.854778
11283.398438	-51.651012
11326.464844	-51.704079
11369.531250	-51.661880
11412.597656	-51.634277
11455.664062	-51.941383
11498.730469	-51.677689
11541.796875	-51.518135
11584.863281	-51.882389
11627.929688	-52.050659
11670.996094	-52.361450
11714.062500	-51.691963
11757.128906	-52.150677
11800.195312	-52.398125
11843.261719	-52.548344
11886.328125	-52.105991
11929.394531	-52.457191
11972.460938	-52.340115
12015.527344	-52.343029
12058.593750	-52.094513
12101.660156	-52.123791
12144.726562	-52.172501
12187.792969	-52.170601
12230.859375	-52.427616
12273.925781	-52.378586
12316.992188	-52.481167
12360.058594	-52.425411
12403.125000	-52.296608
12446.191406	-52.497551
12489.257812	-52.849888
12532.324219	-53.119480
12575.390625	-52.928307
12618.457031	-53.307384
12661.523438	-53.219391
12704.589844	-52.804558
12747.656250	-52.854050
12790.722656	-52.907616
12833.789062	-52.982162
12876.855469	-52.949867
12919.921875	-53.119179
12962.988281	-53.060284
13006.054688	-53.303234
13049.121094	-53.855507
13092.187500	-53.714397
13135.253906	-53.643463
13178.320312	-53.305672
13221.386719	-53.282753
13264.453125	-53.394440
13307.519531	-53.538540
13350.585938	-53.434711
13393.652344	-53.067078
13436.718750	-53.120930
13479.785156	-53.326786
13522.851562	-53.620556
13565.917969	-54.031265
13608.984375	-53.702374
13652.050781	-53.815845
13695.117188	-54.010166
13738.183594	-53.701466
13781.250000	-53.900887
13824.316406	-54.071846
13867.382812	-53.914658
13910.449219	-53.988811
13953.515625	-54.093380
13996.582031	-54.159378
14039.648438	-53.611168
14082.714844	-53.857246
14125.781250	-53.966579
14168.847656	-53.732162
14211.914062	-54.003849
14254.980469	-54.085205
14298.046875	-53.895020
14341.113281	-54.351753
14384.179688	-54.526134
14427.246094	-54.286209
14470.312500	-54.390499
14513.378906	-53.861305
14556.445312	-53.974861
14599.511719	-54.124878
14642.578125	-53.950245
14685.644531	-54.434654
14728.710938	-54.476212
14771.777344	-54.831772
14814.843750	-54.822906
14857.910156	-54.517090
14900.976562	-54.437916
14944.042969	-54.270660
14987.109375	-54.952293
15030.175781	-55.160889
15073.242188	-55.019386
15116.308594	-54.764790
15159.375000	-54.590397
15202.441406	-54.557133
15245.507812	-55.241142
15288.574219	-55.002331
15331.640625	-54.916805
15374.707031	-55.029736
15417.773438	-54.989769
15460.839844	-54.882225
15503.906250	-55.128052
15546.972656	-55.271717
15590.039062	-54.990849
15633.105469	-55.207954
15676.171875	-55.181171
15719.238281	-55.224037
15762.304688	-55.432583
15805.371094	-55.449932
15848.437500	-55.959362
15891.503906	-55.510242
15934.570312	-55.293819
15977.636719	-55.384613
16020.703125	-55.584034
16063.769531	-55.391720
16106.835938	-55.270214
16149.902344	-55.454025
16192.968750	-56.312099
16236.035156	-56.246956
16279.101562	-55.982708
16322.167969	-55.567688
16365.234375	-55.102070
16408.300781	-55.326462
16451.367188	-55.770557
16494.433594	-55.596886
16537.500000	-55.921673
16580.566406	-55.863781
16623.632812	-55.665573
16666.699219	-55.796276
16709.765625	-56.293598
16752.832031	-56.581722
16795.898438	-56.448185
16838.964844	-56.006138
16882.031250	-55.940777
16925.097656	-56.216614
16968.164062	-55.879711
17011.230469	-55.597790
17054.296875	-56.179005
17097.363281	-56.695347
17140.429688	-56.199154
17183.496094	-56.225559
17226.562500	-56.150742
17269.628906	-56.092632
17312.695312	-56.063896
17355.761719	-56.161465
17398.828125	-56.331104
17441.894531	-56.455826
17484.960938	-56.618443
17528.027344	-56.511898
17571.093750	-56.403301
17614.160156	-56.369339
17657.226562	-56.403297
17700.292969	-57.015450
17743.359375	-57.407753
17786.425781	-57.057613
17829.492188	-56.741711
17872.558594	-56.896679
17915.625000	-57.068497
17958.691406	-56.907578
18001.757812	-56.395725
18044.824219	-56.715443
18087.890625	-56.879318
18130.957031	-57.047890
18174.023438	-57.079823
18217.089844	-56.849445
18260.156250	-57.186356
18303.222656	-57.519562
18346.289062	-57.729176
18389.355469	-57.860004
18432.421875	-57.726982
18475.488281	-57.439941
18518.554688	-57.370579
18561.621094	-57.399052
18604.687500	-57.284084
18647.753906	-57.408695
18690.820312	-57.709766
18733.886719	-57.670788
18776.953125	-58.028862
18820.019531	-57.960846
18863.085938	-57.271179
18906.152344	-57.374794
18949.218750	-57.934917
18992.285156	-57.803455
19035.351562	-57.601868
19078.417969	-57.542225
19121.484375	-57.405083
19164.550781	-57.749012
19207.617188	-57.839211
19250.683594	-57.759277
19293.750000	-57.800251
19336.816406	-58.181187
19379.882812	-58.518673
19422.949219	-58.152428
19466.015625	-58.172325
19509.082031	-58.019451
19552.148438	-58.003056
19595.214844	-58.356079
19638.281250	-58.525421
19681.347656	-57.975708
19724.414062	-57.681351
19767.480469	-58.036991
19810.546875	-58.607807
19853.613281	-58.688511
19896.679688	-58.524376
19939.746094	-58.181740
19982.812500	-58.318390
20025.878906	-58.288841
20068.945312	-58.301914
20112.011719	-58.539276
20155.078125	-58.618370
20198.144531	-58.661263
20241.210938	-58.506584
20284.277344	-58.416115
20327.343750	-58.535683
20370.410156	-58.813496
20413.476562	-58.468899
20456.542969	-58.739269
20499.609375	-58.522392
20542.675781	-58.901291
20585.742188	-59.008095
20628.808594	-59.117779
20671.875000	-59.138149
20714.941406	-58.668713
20758.007812	-58.691059
20801.074219	-58.329021
20844.140625	-58.564297
20887.207031	-59.093414
20930.273438	-59.137196
20973.339844	-59.660019
21016.406250	-59.232590
21059.472656	-59.035480
21102.539062	-59.325657
21145.605469	-59.796139
21188.671875	-59.306507
21231.738281	-58.845196
21274.804688	-59.184635
21317.871094	-59.331589
21360.937500	-59.055161
21404.003906	-59.251675
21447.070312	-59.356041
21490.136719	-59.459816
21533.203125	-59.769093
21576.269531	-60.070847
21619.335938	-59.588516
21662.402344	-59.930790
21705.468750	-60.697498
21748.535156	-60.748871
21791.601562	-60.950222
21834.667969	-61.126198
21877.734375	-61.723099
21920.800781	-62.584751
21963.867188	-63.054226
22006.933594	-63.513176
