Frequency (Hz)	Level (dB)
43.066406	-31.047796
86.132812	-28.315748
129.199219	-26.862093
172.265625	-25.120007
215.332031	-24.380936
258.398438	-24.118177
301.464844	-23.778172
344.531250	-23.369741
387.597656	-23.010605
430.664062	-23.275661
473.730469	-23.305775
516.796875	-23.198774
559.863281	-23.257059
602.929688	-23.115011
645.996094	-23.268288
689.062500	-23.662924
732.128906	-23.261673
775.195312	-23.516310
818.261719	-23.523352
861.328125	-23.722008
904.394531	-24.311546
947.460938	-24.777111
990.527344	-24.935831
1033.593750	-25.121342
1076.660156	-25.027836
1119.726562	-25.407841
1162.792969	-25.799946
1205.859375	-25.927076
1248.925781	-26.033459
1291.992188	-26.782495
1335.058594	-27.119789
1378.125000	-26.545399
1421.191406	-27.258257
1464.257812	-27.710564
1507.324219	-27.496532
1550.390625	-27.766508
1593.457031	-28.020285
1636.523438	-28.213411
1679.589844	-28.572468
1722.656250	-29.048491
1765.722656	-28.569088
1808.789062	-28.969112
1851.855469	-29.123001
1894.921875	-29.894234
1937.988281	-29.691904
1981.054688	-30.035622
2024.121094	-30.234655
2067.187500	-30.192177
2110.253906	-30.749508
2153.320312	-30.833595
2196.386719	-30.970890
2239.453125	-31.152023
2282.519531	-31.227180
2325.585938	-31.387188
2368.652344	-31.824442
2411.718750	-31.941422
2454.785156	-32.406433
2497.851562	-32.549480
2540.917969	-32.377182
2583.984375	-32.540665
2627.050781	-32.843857
2670.117188	-33.345573
2713.183594	-33.242008
2756.250000	-33.709843
2799.316406	-33.569031
2842.382812	-33.804363
2885.449219	-34.214695
2928.515625	-33.867809
2971.582031	-34.313049
3014.648438	-34.640907
3057.714844	-34.465149
3100.781250	-34.647964
3143.847656	-35.106838
3186.914062	-34.875225
3229.980469	-34.906494
3273.046875	-35.657902
3316.113281	-35.987541
3359.179688	-35.731842
3402.246094	-35.850796
3445.312500	-36.139473
3488.378906	-36.173786
3531.445312	-36.207191
3574.511719	-36.519428
3617.578125	-36.818859
3660.644531	-36.814060
3703.710938	-37.225677
3746.777344	-37.445866
3789.843750	-37.486279
3832.910156	-37.477985
3875.976562	-37.347618
3919.042969	-37.917664
3962.109375	-37.945267
4005.175781	-37.929699
4048.242188	-38.180443
4091.308594	-38.419434
4134.375000	-38.423386
4177.441406	-38.369728
4220.507812	-38.169827
4263.574219	-38.395424
4306.640625	-38.454712
4349.707031	-38.618774
4392.773438	-38.780956
4435.839844	-39.033272
4478.906250	-39.181030
4521.972656	-39.743004
4565.039062	-39.805038
4608.105469	-39.735085
4651.171875	-39.815975
4694.238281	-39.758751
4737.304688	-39.429745
4780.371094	-39.545570
4823.437500	-40.020931
4866.503906	-40.052353
4909.570312	-40.128311
4952.636719	-40.289898
4995.703125	-40.270706
5038.769531	-40.830830
5081.835938	-40.980354
5124.902344	-40.894302
5167.968750	-40.788445
5211.035156	-40.911404
5254.101562	-41.383820
5297.167969	-41.540440
5340.234375	-41.529587
5383.300781	-41.369873
5426.367188	-41.517185
5469.433594	-42.055145
5512.500000	-41.517437
5555.566406	-41.587711
5598.632812	-41.707264
5641.699219	-41.827099
5684.765625	-42.123924
5727.832031	-41.951572
5770.898438	-42.229698
5813.964844	-42.369503
5857.031250	-42.439411
5900.097656	-42.861282
5943.164062	-42.339142
5986.230469	-42.296413
6029.296875	-42.582615
6072.363281	-42.840389
6115.429688	-42.905964
6158.496094	-43.079029
6201.562500	-43.030411
6244.628906	-43.150517
6287.695312	-43.379238
6330.761719	-43.637691
6373.828125	-43.583351
6416.894531	-43.053406
6459.960938	-42.964542
6503.027344	-43.690647
6546.093750	-44.074650
6589.160156	-44.043938
6632.226562	-44.328255
6675.292969	-44.342266
6718.359375	-43.864326
6761.425781	-44.118298
6804.492188	-44.982483
6847.558594	-44.608459
6890.625000	-44.388588
6933.691406	-44.207474
6976.757812	-44.495323
7019.824219	-44.538780
7062.890625	-44.845215
7105.957031	-45.175907
7149.023438	-45.308365
7192.089844	-45.311161
7235.156250	-45.080402
7278.222656	-45.033813
7321.289062	-45.236858
7364.355469	-45.223629
7407.421875	-45.390373
7450.488281	-45.555904
7493.554688	-45.447079
7536.621094	-45.248989
7579.687500	-45.777973
7622.753906	-45.875256
7665.820312	-45.835621
7708.886719	-45.932663
7751.953125	-45.915871
7795.019531	-45.736504
7838.085938	-45.861778
7881.152344	-45.948689
7924.218750	-46.124874
7967.285156	-46.606190
8010.351562	-46.593090
8053.417969	-46.134926
8096.484375	-46.485916
8139.550781	-46.840725
8182.617188	-46.349331
8225.683594	-46.133415
8268.750000	-46.676247
8311.816406	-46.689941
8354.882812	-46.774178
8397.949219	-46.796761
8441.015625	-47.112957
8484.082031	-46.745762
8527.148438	-47.147240
8570.214844	-47.728619
8613.281250	-47.567295
8656.347656	-47.073860
8699.414062	-46.980354
8742.480469	-47.555138
8785.546875	-47.674732
8828.613281	-47.631859
8871.679688	-47.804909
8914.746094	-48.000702
8957.812500	-47.858490
9000.878906	-47.683807
9043.945312	-47.590538
9087.011719	-47.907742
9130.078125	-48.243790
9173.144531	-48.135654
9216.210938	-48.061584
9259.277344	-48.498466
9302.343750	-48.681454
9345.410156	-48.509304
9388.476562	-48.406315
9431.542969	-48.015808
9474.609375	-48.148224
9517.675781	-48.324467
9560.742188	-48.208942
9603.808594	-48.423744
9646.875000	-48.823189
9689.941406	-49.115749
9733.007812	-48.766682
9776.074219	-48.452881
9819.140625	-48.761715
9862.207031	-48.775501
9905.273438	-48.751038
9948.339844	-48.817261
9991.406250	-48.785515
10034.472656	-48.918762
10077.539062	-49.399792
10120.605469	-49.410118
10163.671875	-49.309814
10206.738281	-49.725872
10249.804688	-49.537952
10292.871094	-49.300392
10335.937500	-48.896580
10379.003906	-49.148056
10422.070312	-49.107403
10465.136719	-49.191193
10508.203125	-49.457588
10551.269531	-49.631447
10594.335938	-49.791386
10637.402344	-49.937416
10680.468750	-49.959396
10723.535156	-50.157433
10766.601562	-50.345978
10809.667969	-50.455585
10852.734375	-50.061687
10895.800781	-50.199177
10938.867188	-49.953342
10981.933594	-50.362518
11025.000000	-50.419067
11068.066406	-50.285042
11111.132812	-50.372166
11154.199219	-50.572498
11197.265625	-50.687309
11240.332031	-50.156132
11283.398438	-50.243862
11326.464844	-50.366692
11369.531250	-50.825119
11412.597656	-50.855976
11455.664062	-50.729908
11498.730469	-50.737549
11541.796875	-50.261547
11584.863281	-50.515465
11627.929688	-50.580669
11670.996094	-51.484989
11714.062500	-50.829613
11757.128906	-51.027111
11800.195312	-51.351944
11843.261719	-50.877239
11886.328125	-50.751804
11929.394531	-50.793121
11972.460938	-50.992550
12015.527344	-50.964470
12058.593750	-51.215927
12101.660156	-51.216099
12144.726562	-50.810989
12187.792969	-50.838428
12230.859375	-51.473698
12273.925781	-51.159824
12316.992188	-51.028366
12360.058594	-51.566555
12403.125000	-51.749561
12446.191406	-51.778301
12489.257812	-51.724510
12532.324219	-52.063770
12575.390625	-52.045044
12618.457031	-52.354511
12661.523438	-52.399700
12704.589844	-52.578869
12747.656250	-52.465767
12790.722656	-52.182510
12833.789062	-52.139683
12876.855469	-52.164291
12919.921875	-52.037724
12962.988281	-51.975830
13006.054688	-51.971306
13049.121094	-52.383110
13092.187500	-52.363281
13135.253906	-52.306713
13178.320312	-52.606167
13221.386719	-52.361282
13264.453125	-52.257462
13307.519531	-52.628361
13350.585938	-52.478661
13393.652344	-52.535690
13436.718750	-52.938408
13479.785156	-52.823002
13522.851562	-52.802544
13565.917969	-52.714771
13608.984375	-52.558441
13652.050781	-53.013035
13695.117188	-53.203033
13738.183594	-53.173546
13781.250000	-53.018417
13824.316406	-53.329311
13867.382812	-52.880226
13910.449219	-53.437180
13953.515625	-53.433613
13996.582031	-53.069244
14039.648438	-52.793957
14082.714844	-53.159554
14125.781250	-53.112423
14168.847656	-53.216064
14211.914062	-53.522449
14254.980469	-53.112942
14298.046875	-53.360188
14341.113281	-53.312115
14384.179688	-54.003540
14427.246094	-54.092388
14470.312500	-53.788170
14513.378906	-53.393135
14556.445312	-53.524570
14599.511719	-53.664490
14642.578125	-53.100254
14685.644531	-53.610786
14728.710938	-53.989876
14771.777344	-54.228172
14814.843750	-54.656033
14857.910156	-53.939304
14900.976562	-53.969131
14944.042969	-53.835377
14987.109375	-53.943913
15030.175781	-53.932549
15073.242188	-54.099392
15116.308594	-54.372757
15159.375000	-53.966377
15202.441406	-53.618336
15245.507812	-54.094479
15288.574219	-54.472637
15331.640625	-54.432270
15374.707031	-54.914448
15417.773438	-54.344498
15460.839844	-53.656246
15503.906250	-54.241825
15546.972656	-54.641212
15590.039062	-54.558815
15633.105469	-54.509163
15676.171875	-54.529163
15719.238281	-54.878983
15762.304688	-54.768986
15805.371094	-55.072807
15848.437500	-54.854950
15891.503906	-54.714798
15934.570312	-54.693249
15977.636719	-54.536312
16020.703125	-54.808434
16063.769531	-54.878723
16106.835938	-54.764961
16149.902344	-54.571369
16192.968750	-54.963100
16236.035156	-55.127892
16279.101562	-54.860210
16322.167969	-54.885899
16365.234375	-54.882603
16408.300781	-54.864670
16451.367188	-55.281406
16494.433594	-54.740246
16537.500000	-54.946442
16580.566406	-55.254173
16623.632812	-55.447968
16666.699219	-55.523697
16709.765625	-55.622623
16752.832031	-55.371269
16795.898438	-55.578320
16838.964844	-55.619312
16882.031250	-55.415764
16925.097656	-55.230236
16968.164062	-55.536453
17011.230469	-55.563042
17054.296875	-55.819054
17097.363281	-56.098022
17140.429688	-55.405926
17183.496094	-55.431709
17226.562500	-55.486362
17269.628906	-55.704296
17312.695312	-55.840099
17355.761719	-55.923679
17398.828125	-56.042252
17441.894531	-56.444839
17484.960938	-56.216393
17528.027344	-55.918381
17571.093750	-55.843773
17614.160156	-56.010090
17657.226562	-56.083359
17700.292969	-56.065220
17743.359375	-56.292179
17786.425781	-56.309990
17829.492188	-55.956444
17872.558594	-56.292820
17915.625000	-56.350155
17958.691406	-56.436234
18001.757812	-56.263542
18044.824219	-56.558884
18087.890625	-56.780441
18130.957031	-56.986382
18174.023438	-56.832188
18217.089844	-56.568871
18260.156250	-56.789352
18303.222656	-57.182873
18346.289062	-56.820240
18389.355469	-56.832840
18432.421875	-56.631081
18475.488281	-56.795116
18518.554688	-57.014339
18561.621094	-56.855541
18604.687500	-56.868263
18647.753906	-57.052902
18690.820312	-57.360523
18733.886719	-57.351349
18776.953125	-57.353264
18820.019531	-57.671539
18863.085938	-57.374626
18906.152344	-56.977554
18949.218750	-57.199951
18992.285156	-57.054657
19035.351562	-56.991005
19078.417969	-57.255363
19121.484375	-57.015030
19164.550781	-57.321671
19207.617188	-57.613228
19250.683594	-57.885532
19293.750000	-57.983025
19336.816406	-57.628304
19379.882812	-57.335510
19422.949219	-57.292202
19466.015625	-57.517422
19509.082031	-57.377949
19552.148438	-57.346615
19595.214844	-57.606159
19638.281250	-57.923336
19681.347656	-57.498192
19724.414062	-57.212711
19767.480469	-57.376740
19810.546875	-58.024113
19853.613281	-58.049763
19896.679688	-58.048851
19939.746094	-57.856789
19982.812500	-57.870396
20025.878906	-57.433971
20068.945312	-57.472023
20112.011719	-58.010998
20155.078125	-58.163185
20198.144531	-58.305824
20241.210938	-58.247974
20284.277344	-58.130222
20327.343750	-58.276711
20370.410156	-58.220909
20413.476562	-58.335491
20456.542969	-58.358414
20499.609375	-58.166050
20542.675781	-58.312992
20585.742188	-58.590332
20628.808594	-58.866341
20671.875000	-58.478043
20714.941406	-58.463345
20758.007812	-58.182228
20801.074219	-58.210403
20844.140625	-58.413952
20887.207031	-58.610641
20930.273438	-58.489178
20973.339844	-58.930885
21016.406250	-58.582825
21059.472656	-58.191685
21102.539062	-58.865028
21145.605469	-58.877991
21188.671875	-59.095348
21231.738281	-59.187462
21274.804688	-58.917431
21317.871094	-58.856331
21360.937500	-59.221138
21404.003906	-59.391373
21447.070312	-58.908932
21490.136719	-58.999264
21533.203125	-59.695225
21576.269531	-59.514565
21619.335938	-59.339035
21662.402344	-59.655941
21705.468750	-59.604031
21748.535156	-60.231544
21791.601562	-60.310680
21834.667969	-60.428349
21877.734375	-61.026386
21920.800781	-61.229584
21963.867188	-61.804878
22006.933594	-62.128475
