Frequency (Hz)	Level (dB)
43.066406	-34.816021
86.132812	-28.066259
129.199219	-24.052252
172.265625	-23.468946
215.332031	-23.890444
258.398438	-23.892328
301.464844	-23.847328
344.531250	-23.892078
387.597656	-23.915886
430.664062	-24.033218
473.730469	-24.187878
516.796875	-24.353760
559.863281	-24.505711
602.929688	-24.278002
645.996094	-24.522518
689.062500	-25.048178
732.128906	-24.977928
775.195312	-25.304989
818.261719	-25.353844
861.328125	-25.624722
904.394531	-26.179197
947.460938	-26.333868
990.527344	-26.305639
1033.593750	-26.448627
1076.660156	-26.516708
1119.726562	-26.710955
1162.792969	-27.065191
1205.859375	-27.137148
1248.925781	-27.315445
1291.992188	-27.604574
1335.058594	-27.718470
1378.125000	-27.490454
1421.191406	-27.914097
1464.257812	-28.255009
1507.324219	-28.163153
1550.390625	-28.244917
1593.457031	-28.493778
1636.523438	-28.720043
1679.589844	-28.718224
1722.656250	-28.737862
1765.722656	-28.883926
1808.789062	-29.161341
1851.855469	-29.202433
1894.921875	-29.539549
1937.988281	-29.558893
1981.054688	-29.746008
2024.121094	-29.796751
2067.187500	-29.752495
2110.253906	-29.945179
2153.320312	-29.910885
2196.386719	-30.089849
2239.453125	-30.024237
2282.519531	-29.950264
2325.585938	-30.016577
2368.652344	-30.204788
2411.718750	-30.570808
2454.785156	-30.861956
2497.851562	-30.774126
2540.917969	-30.802652
2583.984375	-30.897869
2627.050781	-30.913130
2670.117188	-31.034843
2713.183594	-30.959408
2756.250000	-31.207014
2799.316406	-31.180693
2842.382812	-31.324179
2885.449219	-31.365973
2928.515625	-31.367807
2971.582031	-31.705400
3014.648438	-31.937716
3057.714844	-31.689886
3100.781250	-31.685369
3143.847656	-31.634670
3186.914062	-31.636110
3229.980469	-31.760366
3273.046875	-32.091282
3316.113281	-32.034328
3359.179688	-32.155853
3402.246094	-32.332039
3445.312500	-32.350227
3488.378906	-32.454914
3531.445312	-32.384293
3574.511719	-32.548382
3617.578125	-32.838081
3660.644531	-32.559216
3703.710938	-32.554771
3746.777344	-32.889858
3789.843750	-33.040073
3832.910156	-32.854519
3875.976562	-32.751137
3919.042969	-33.107517
3962.109375	-33.104370
4005.175781	-33.082932
4048.242188	-33.207066
4091.308594	-33.214611
4134.375000	-33.160030
4177.441406	-33.236698
4220.507812	-33.179276
4263.574219	-33.291653
4306.640625	-33.503750
4349.707031	-33.578461
4392.773438	-33.621498
4435.839844	-33.715389
4478.906250	-33.699394
4521.972656	-33.865345
4565.039062	-33.937641
4608.105469	-33.862370
4651.171875	-34.057461
4694.238281	-34.076538
4737.304688	-33.908970
4780.371094	-33.843678
4823.437500	-34.033134
4866.503906	-34.207714
4909.570312	-34.390137
4952.636719	-34.271774
4995.703125	-34.376480
5038.769531	-34.663784
5081.835938	-34.383575
5124.902344	-34.492825
5167.968750	-34.429970
5211.035156	-34.480762
5254.101562	-34.625515
5297.167969	-34.633656
5340.234375	-34.480801
5383.300781	-34.720161
5426.367188	-35.009254
5469.433594	-34.946266
5512.500000	-34.903500
5555.566406	-34.749783
5598.632812	-34.753437
5641.699219	-34.853943
5684.765625	-34.950897
5727.832031	-35.087482
5770.898438	-35.377712
5813.964844	-35.247013
5857.031250	-35.201057
5900.097656	-35.390400
5943.164062	-35.045860
5986.230469	-35.084415
6029.296875	-35.264614
6072.363281	-35.386944
6115.429688	-35.235901
6158.496094	-35.228020
6201.562500	-35.437069
6244.628906	-35.577873
6287.695312	-35.637897
6330.761719	-35.623260
6373.828125	-35.468456
6416.894531	-35.320232
6459.960938	-35.201145
6503.027344	-35.664639
6546.093750	-35.942890
6589.160156	-36.026611
6632.226562	-36.202744
6675.292969	-36.155396
6718.359375	-36.048458
6761.425781	-36.074585
6804.492188	-36.159801
6847.558594	-35.817596
6890.625000	-35.891678
6933.691406	-35.789562
6976.757812	-35.768665
7019.824219	-36.042542
7062.890625	-36.216625
7105.957031	-36.471947
7149.023438	-36.525341
7192.089844	-36.314137
7235.156250	-36.295788
7278.222656	-36.253010
7321.289062	-36.317986
7364.355469	-36.183567
7407.421875	-36.471054
7450.488281	-36.493927
7493.554688	-36.633362
7536.621094	-36.737072
7579.687500	-36.726841
7622.753906	-36.801628
7665.820312	-36.767052
7708.886719	-36.796673
7751.953125	-36.639877
7795.019531	-36.686249
7838.085938	-36.652588
7881.152344	-36.747963
7924.218750	-36.679043
7967.285156	-36.974445
8010.351562	-37.062759
8053.417969	-36.934513
8096.484375	-36.900421
8139.550781	-36.900574
8182.617188	-36.785400
8225.683594	-36.818699
8268.750000	-37.048687
8311.816406	-37.024940
8354.882812	-37.143124
8397.949219	-37.238892
8441.015625	-37.598076
8484.082031	-37.451241
8527.148438	-37.361336
8570.214844	-37.385410
8613.281250	-37.264107
8656.347656	-37.163719
8699.414062	-37.231510
8742.480469	-37.641113
8785.546875	-37.196453
8828.613281	-37.029285
8871.679688	-37.527832
8914.746094	-37.667233
8957.812500	-37.534042
9000.878906	-37.589100
9043.945312	-37.548321
9087.011719	-37.492966
9130.078125	-37.548546
9173.144531	-37.668865
9216.210938	-37.681900
9259.277344	-37.747829
9302.343750	-37.942566
9345.410156	-37.921131
9388.476562	-37.973385
9431.542969	-37.821892
9474.609375	-37.689857
9517.675781	-37.804688
9560.742188	-37.853561
9603.808594	-37.954861
9646.875000	-38.271282
9689.941406	-38.219498
9733.007812	-37.989338
9776.074219	-38.055286
9819.140625	-38.268532
9862.207031	-38.110874
9905.273438	-38.076218
9948.339844	-38.128288
9991.406250	-38.198002
10034.472656	-38.217117
10077.539062	-37.949841
10120.605469	-37.977230
10163.671875	-38.116375
10206.738281	-38.500916
10249.804688	-38.640751
10292.871094	-38.143097
10335.937500	-38.127495
10379.003906	-38.262325
10422.070312	-38.185982
10465.136719	-38.245529
10508.203125	-38.314178
10551.269531	-38.401997
10594.335938	-38.359818
10637.402344	-38.483181
10680.468750	-38.577785
10723.535156	-38.473961
10766.601562	-38.655170
10809.667969	-38.626717
10852.734375	-38.358452
10895.800781	-38.676079
10938.867188	-38.575638
10981.933594	-38.458927
11025.000000	-38.525749
11068.066406	-38.534939
11111.132812	-38.538521
11154.199219	-38.747971
11197.265625	-38.927998
11240.332031	-38.774246
11283.398438	-38.588787
11326.464844	-38.552933
11369.531250	-38.631165
11412.597656	-38.908386
11455.664062	-38.951351
11498.730469	-38.824757
11541.796875	-38.678104
11584.863281	-38.880745
11627.929688	-38.892487
11670.996094	-39.063740
11714.062500	-38.751411
11757.128906	-38.827606
11800.195312	-39.065079
11843.261719	-39.118301
11886.328125	-38.953724
11929.394531	-39.083366
11972.460938	-39.087635
12015.527344	-38.969505
12058.593750	-38.900711
12101.660156	-38.820385
12144.726562	-38.958096
12187.792969	-39.250507
12230.859375	-39.309464
12273.925781	-39.143661
12316.992188	-39.326862
12360.058594	-39.333649
12403.125000	-39.237946
12446.191406	-39.270840
12489.257812	-39.470467
12532.324219	-39.468445
12575.390625	-39.449509
12618.457031	-39.493244
12661.523438	-39.471962
12704.589844	-39.218807
12747.656250	-39.313904
12790.722656	-39.595932
12833.789062	-39.630280
12876.855469	-39.490719
12919.921875	-39.384823
12962.988281	-39.506977
13006.054688	-39.516518
13049.121094	-39.617176
13092.187500	-39.678055
13135.253906	-39.716705
13178.320312	-39.705223
13221.386719	-39.578041
13264.453125	-39.626541
13307.519531	-39.678364
13350.585938	-39.565762
13393.652344	-39.733940
13436.718750	-39.852623
13479.785156	-39.991379
13522.851562	-39.997196
13565.917969	-39.972801
13608.984375	-39.967098
13652.050781	-39.846397
13695.117188	-40.123482
13738.183594	-40.118595
13781.250000	-39.760605
13824.316406	-39.643471
13867.382812	-39.761566
13910.449219	-40.036274
13953.515625	-40.094021
13996.582031	-40.118484
14039.648438	-40.013226
14082.714844	-40.078709
14125.781250	-40.028503
14168.847656	-40.045055
14211.914062	-40.346565
14254.980469	-40.219936
14298.046875	-39.915192
14341.113281	-39.987816
14384.179688	-40.315063
14427.246094	-40.425770
14470.312500	-40.318111
14513.378906	-40.236225
14556.445312	-40.131054
14599.511719	-40.262531
14642.578125	-40.064034
14685.644531	-40.517559
14728.710938	-40.539787
14771.777344	-40.400101
14814.843750	-40.476833
14857.910156	-40.217632
14900.976562	-40.255127
14944.042969	-40.424408
14987.109375	-40.447918
15030.175781	-40.481476
15073.242188	-40.700016
15116.308594	-40.583096
15159.375000	-40.484219
15202.441406	-40.492367
15245.507812	-40.647591
15288.574219	-40.477673
15331.640625	-40.350533
15374.707031	-40.694214
15417.773438	-40.667442
15460.839844	-40.485821
15503.906250	-40.506992
15546.972656	-40.666630
15590.039062	-40.627075
15633.105469	-40.831085
15676.171875	-40.785606
15719.238281	-40.804932
15762.304688	-40.938274
15805.371094	-41.016277
15848.437500	-40.945393
15891.503906	-40.706123
15934.570312	-40.648701
15977.636719	-40.542202
16020.703125	-40.782608
16063.769531	-40.955143
16106.835938	-40.959476
16149.902344	-40.805199
16192.968750	-40.899155
16236.035156	-40.886677
16279.101562	-40.927586
16322.167969	-40.941860
16365.234375	-40.998848
16408.300781	-40.809620
16451.367188	-41.002583
16494.433594	-40.836624
16537.500000	-41.199520
16580.566406	-41.332073
16623.632812	-41.058521
16666.699219	-40.998940
16709.765625	-41.136955
16752.832031	-41.094608
16795.898438	-41.087360
16838.964844	-41.076500
16882.031250	-41.173431
16925.097656	-41.268986
16968.164062	-41.164196
17011.230469	-41.000900
17054.296875	-41.211998
17097.363281	-41.595543
17140.429688	-41.385311
17183.496094	-41.421448
17226.562500	-41.447685
17269.628906	-41.413837
17312.695312	-41.445873
17355.761719	-41.411968
17398.828125	-41.365818
17441.894531	-41.064816
17484.960938	-41.037670
17528.027344	-41.283535
17571.093750	-41.327358
17614.160156	-41.288525
17657.226562	-41.508350
17700.292969	-41.609173
17743.359375	-41.849518
17786.425781	-41.787994
17829.492188	-41.438507
17872.558594	-41.496761
17915.625000	-41.741405
17958.691406	-41.829964
18001.757812	-41.734833
18044.824219	-41.643665
18087.890625	-41.629868
18130.957031	-41.631535
18174.023438	-41.539787
18217.089844	-41.599316
18260.156250	-41.786293
18303.222656	-41.916634
18346.289062	-41.852829
18389.355469	-42.040455
18432.421875	-41.880051
18475.488281	-41.702271
18518.554688	-41.990559
18561.621094	-41.889706
18604.687500	-41.800957
18647.753906	-42.073742
18690.820312	-42.201443
18733.886719	-42.165051
18776.953125	-42.092613
18820.019531	-42.218403
18863.085938	-41.843338
18906.152344	-41.833912
18949.218750	-42.127525
18992.285156	-41.914974
19035.351562	-41.797741
19078.417969	-41.865898
19121.484375	-41.791653
19164.550781	-41.789814
19207.617188	-41.900021
19250.683594	-42.029793
19293.750000	-42.134140
19336.816406	-42.206059
19379.882812	-42.249458
19422.949219	-42.073555
19466.015625	-41.969486
19509.082031	-41.967041
19552.148438	-41.917946
19595.214844	-42.215076
19638.281250	-42.279728
19681.347656	-41.921757
19724.414062	-41.813934
19767.480469	-42.088699
19810.546875	-42.413044
19853.613281	-42.442204
19896.679688	-42.289299
19939.746094	-42.179329
19982.812500	-42.122055
20025.878906	-42.006474
20068.945312	-42.237164
20112.011719	-42.303627
20155.078125	-42.443523
20198.144531	-42.672012
20241.210938	-42.485939
20284.277344	-42.442379
20327.343750	-42.450047
20370.410156	-42.498932
20413.476562	-42.393890
20456.542969	-42.446415
20499.609375	-42.521782
20542.675781	-42.679066
20585.742188	-42.742973
20628.808594	-42.836246
20671.875000	-42.598900
20714.941406	-42.654316
20758.007812	-42.815704
20801.074219	-42.757725
20844.140625	-42.769230
20887.207031	-42.973042
20930.273438	-42.835484
20973.339844	-42.735706
21016.406250	-42.841019
21059.472656	-42.829357
21102.539062	-43.014938
21145.605469	-43.235374
21188.671875	-43.214851
21231.738281	-42.959606
21274.804688	-42.893894
21317.871094	-43.127033
21360.937500	-43.218658
21404.003906	-43.369347
21447.070312	-43.468777
21490.136719	-43.606205
21533.203125	-43.676418
21576.269531	-43.980553
21619.335938	-43.943287
21662.402344	-44.264484
21705.468750	-44.725986
21748.535156	-45.019890
21791.601562	-45.576832
21834.667969	-46.467014
21877.734375	-47.760063
21920.800781	-49.517323
21963.867188	-52.511684
22006.933594	-57.263641
