Frequency (Hz)	Level (dB)
21.533203	-35.604599
43.066406	-33.361511
64.599609	-32.705082
86.132812	-33.046978
107.666016	-32.908943
129.199219	-32.978840
150.732422	-33.481884
172.265625	-33.427422
193.798828	-33.725494
215.332031	-35.186687
236.865234	-34.857159
258.398438	-34.542095
279.931641	-35.645733
301.464844	-36.022705
322.998047	-35.295708
344.531250	-35.950546
366.064453	-35.510216
387.597656	-34.908680
409.130859	-35.029625
430.664062	-35.246834
452.197266	-35.635487
473.730469	-35.247284
495.263672	-35.720657
516.796875	-34.346844
538.330078	-34.614307
559.863281	-34.087162
581.396484	-34.064053
602.929688	-33.827705
624.462891	-33.010349
645.996094	-33.105934
667.529297	-33.898426
689.062500	-33.253002
710.595703	-32.772034
732.128906	-32.680527
753.662109	-32.936043
775.195312	-33.475090
796.728516	-33.285229
818.261719	-32.007633
839.794922	-31.679283
861.328125	-33.556271
882.861328	-34.392570
904.394531	-35.044071
925.927734	-33.947952
947.460938	-33.912445
968.994141	-35.375698
990.527344	-34.930565
1012.060547	-35.255020
1033.593750	-35.839729
1055.126953	-35.629585
1076.660156	-35.582447
1098.193359	-35.665691
1119.726562	-36.117989
1141.259766	-36.687698
1162.792969	-36.524349
1184.326172	-36.150608
1205.859375	-35.875000
1227.392578	-36.143059
1248.925781	-36.828499
1270.458984	-36.996368
1291.992188	-37.457832
1313.525391	-37.985279
1335.058594	-38.523403
1356.591797	-38.160969
1378.125000	-38.515438
1399.658203	-37.710632
1421.191406	-38.544189
1442.724609	-39.279709
1464.257812	-40.429577
1485.791016	-39.838085
1507.324219	-38.494671
1528.857422	-38.338367
1550.390625	-38.609852
1571.923828	-38.434948
1593.457031	-39.097454
1614.990234	-39.784321
1636.523438	-40.270313
1658.056641	-39.681652
1679.589844	-40.241722
1701.123047	-40.574905
1722.656250	-41.122288
1744.189453	-39.754574
1765.722656	-39.416428
1787.255859	-40.446865
1808.789062	-41.302177
1830.322266	-39.693024
1851.855469	-39.991913
1873.388672	-40.477428
1894.921875	-41.819176
1916.455078	-40.165939
1937.988281	-40.570301
1959.521484	-42.063606
1981.054688	-42.458958
2002.587891	-42.286381
2024.121094	-42.232086
2045.654297	-41.709385
2067.187500	-41.969204
2088.720703	-42.907589
2110.253906	-43.829380
2131.787109	-42.845375
2153.320312	-41.985149
2174.853516	-42.327435
2196.386719	-43.118187
2217.919922	-43.337990
2239.453125	-43.687920
2260.986328	-43.470211
2282.519531	-43.852032
2304.052734	-43.390022
2325.585938	-43.297115
2347.119141	-43.765533
2368.652344	-44.267853
2390.185547	-43.229118
2411.718750	-43.037556
2433.251953	-44.041378
2454.785156	-45.702766
2476.318359	-45.537315
2497.851562	-45.022217
2519.384766	-44.932045
2540.917969	-45.998634
2562.451172	-46.019630
2583.984375	-44.844547
2605.517578	-44.462315
2627.050781	-44.118935
2648.583984	-45.335140
2670.117188	-45.486851
2691.650391	-45.344124
2713.183594	-45.123150
2734.716797	-46.187073
2756.250000	-47.360790
2777.783203	-45.957760
2799.316406	-44.919220
2820.849609	-45.590191
2842.382812	-46.816242
2863.916016	-47.473560
2885.449219	-48.050362
2906.982422	-47.109608
2928.515625	-46.766468
2950.048828	-47.004528
2971.582031	-47.484760
2993.115234	-47.194801
3014.648438	-46.990818
3036.181641	-46.825310
3057.714844	-46.874695
3079.248047	-47.518559
3100.781250	-48.688484
3122.314453	-49.876446
3143.847656	-49.009640
3165.380859	-48.862774
3186.914062	-48.601780
3208.447266	-48.301662
3229.980469	-49.170807
3251.513672	-49.259827
3273.046875	-50.001808
3294.580078	-50.337898
3316.113281	-50.515141
3337.646484	-50.058060
3359.179688	-48.788136
3380.712891	-49.686321
3402.246094	-50.347477
3423.779297	-49.994431
3445.312500	-49.924519
3466.845703	-50.275932
3488.378906	-50.580425
3509.912109	-50.333450
3531.445312	-50.141258
3552.978516	-50.241306
3574.511719	-50.433838
3596.044922	-50.912014
3617.578125	-51.263859
3639.111328	-50.216793
3660.644531	-49.966927
3682.177734	-51.963753
3703.710938	-52.278282
3725.244141	-52.032932
3746.777344	-53.135139
3768.310547	-54.453762
3789.843750	-54.084629
3811.376953	-53.015915
3832.910156	-52.497574
3854.443359	-52.864185
3875.976562	-51.852032
3897.509766	-53.159317
3919.042969	-54.043159
3940.576172	-54.248775
3962.109375	-54.108849
3983.642578	-53.745792
4005.175781	-54.770607
4026.708984	-53.420921
4048.242188	-53.505486
4069.775391	-53.562450
4091.308594	-54.208641
4112.841797	-55.188755
4134.375000	-55.118958
4155.908203	-53.816647
4177.441406	-53.833691
4198.974609	-54.077721
4220.507812	-53.227516
4242.041016	-53.411564
4263.574219	-54.732357
4285.107422	-55.358322
4306.640625	-54.741081
4328.173828	-55.476479
4349.707031	-55.014320
4371.240234	-54.794197
4392.773438	-54.901882
4414.306641	-55.866085
4435.839844	-56.082344
4457.373047	-55.716404
4478.906250	-55.642857
4500.439453	-56.257763
4521.972656	-56.388252
4543.505859	-56.927391
4565.039062	-57.126614
4586.572266	-57.203186
4608.105469	-56.443085
4629.638672	-57.404205
4651.171875	-57.393948
4672.705078	-57.661049
4694.238281	-56.411339
4715.771484	-55.958515
4737.304688	-56.184536
4758.837891	-56.209179
4780.371094	-56.772427
4801.904297	-56.864174
4823.437500	-58.144352
4844.970703	-59.268120
4866.503906	-58.813168
4888.037109	-58.572491
4909.570312	-57.843002
4931.103516	-57.691269
4952.636719	-57.694202
4974.169922	-57.943867
4995.703125	-58.069332
5017.236328	-59.053917
5038.769531	-59.129845
5060.302734	-59.078213
5081.835938	-60.050617
5103.369141	-59.490387
5124.902344	-59.122200
5146.435547	-59.663422
5167.968750	-59.992325
5189.501953	-60.052303
5211.035156	-60.335167
5232.568359	-61.467762
5254.101562	-61.519947
5275.634766	-60.826637
5297.167969	-61.130341
5318.701172	-62.237953
5340.234375	-62.044136
5361.767578	-59.952789
5383.300781	-60.736881
5404.833984	-61.781723
5426.367188	-60.952507
5447.900391	-62.296906
5469.433594	-62.393524
5490.966797	-61.472206
5512.500000	-62.332245
5534.033203	-62.167107
5555.566406	-60.895622
5577.099609	-60.974274
5598.632812	-61.714863
5620.166016	-61.527313
5641.699219	-61.756912
5663.232422	-62.016727
5684.765625	-61.722828
5706.298828	-61.665565
5727.832031	-62.353085
5749.365234	-61.573841
5770.898438	-62.355148
5792.431641	-63.113380
5813.964844	-63.461990
5835.498047	-63.472565
5857.031250	-63.436714
5878.564453	-63.626865
5900.097656	-63.558510
5921.630859	-63.842182
5943.164062	-63.764172
5964.697266	-63.613548
5986.230469	-63.760288
6007.763672	-64.967178
6029.296875	-64.108238
6050.830078	-64.626747
6072.363281	-64.629486
6093.896484	-65.013718
6115.429688	-64.563660
6136.962891	-64.172905
6158.496094	-64.352905
6180.029297	-64.801514
6201.562500	-64.500320
6223.095703	-64.836555
6244.628906	-64.154282
6266.162109	-64.658371
6287.695312	-65.137306
6309.228516	-65.057976
6330.761719	-65.219452
6352.294922	-65.860359
6373.828125	-65.094147
6395.361328	-66.263824
6416.894531	-67.115204
6438.427734	-65.804993
6459.960938	-65.398338
6481.494141	-66.040001
6503.027344	-66.518608
6524.560547	-66.165176
6546.093750	-66.487877
6567.626953	-66.304443
6589.160156	-66.543144
6610.693359	-66.127190
6632.226562	-67.154594
6653.759766	-67.173058
6675.292969	-67.010017
6696.826172	-67.246811
6718.359375	-67.472870
6739.892578	-67.568832
6761.425781	-67.788177
6782.958984	-67.380730
6804.492188	-67.850159
6826.025391	-67.804779
6847.558594	-67.509514
6869.091797	-68.871872
6890.625000	-69.408195
6912.158203	-69.361252
6933.691406	-68.173264
6955.224609	-68.451103
6976.757812	-68.865654
6998.291016	-69.505501
7019.824219	-68.662148
7041.357422	-68.994164
7062.890625	-68.092949
7084.423828	-68.759117
7105.957031	-68.597290
7127.490234	-68.510674
7149.023438	-69.603806
7170.556641	-68.802200
7192.089844	-69.876503
7213.623047	-70.065567
7235.156250	-69.523331
7256.689453	-70.593597
7278.222656	-69.777496
7299.755859	-70.262108
7321.289062	-70.326698
7342.822266	-70.378952
7364.355469	-70.825211
7385.888672	-70.078743
7407.421875	-70.728218
7428.955078	-70.811371
7450.488281	-71.238754
7472.021484	-70.469330
7493.554688	-71.756248
7515.087891	-72.739151
7536.621094	-72.032700
7558.154297	-71.129723
7579.687500	-72.065620
7601.220703	-72.192642
7622.753906	-72.468277
7644.287109	-72.444550
7665.820312	-71.122856
7687.353516	-70.301773
7708.886719	-71.347633
7730.419922	-72.116798
7751.953125	-72.305733
7773.486328	-72.571693
7795.019531	-71.201920
7816.552734	-72.119209
7838.085938	-72.701614
7859.619141	-72.954788
7881.152344	-72.725845
7902.685547	-72.028175
7924.218750	-72.331871
7945.751953	-71.847351
7967.285156	-72.989456
7988.818359	-72.905083
8010.351562	-72.944031
8031.884766	-74.006630
8053.417969	-72.690582
8074.951172	-72.390625
8096.484375	-73.950523
8118.017578	-74.254295
8139.550781	-73.651909
8161.083984	-73.624565
8182.617188	-73.679626
8204.150391	-73.918365
8225.683594	-74.464737
8247.216797	-74.352211
8268.750000	-74.863281
8290.283203	-74.251877
8311.816406	-73.759407
8333.349609	-74.084869
8354.882812	-74.312317
8376.416016	-74.203293
8397.949219	-75.427620
8419.482422	-75.560272
8441.015625	-75.518768
8462.548828	-75.411621
8484.082031	-74.642059
8505.615234	-74.688751
8527.148438	-76.552376
8548.681641	-76.195343
8570.214844	-76.691322
8591.748047	-76.063957
8613.281250	-75.927429
8634.814453	-75.489426
8656.347656	-75.146294
8677.880859	-75.847610
8699.414062	-76.066635
8720.947266	-75.858940
8742.480469	-76.490532
8764.013672	-77.021103
8785.546875	-77.327309
8807.080078	-76.579529
8828.613281	-76.533546
8850.146484	-77.010017
8871.679688	-77.867706
8893.212891	-78.014481
8914.746094	-76.839645
8936.279297	-77.034248
8957.812500	-76.837227
8979.345703	-77.459831
9000.878906	-78.442795
9022.412109	-77.090874
9043.945312	-77.205482
9065.478516	-77.180733
9087.011719	-77.909637
9108.544922	-79.389923
9130.078125	-79.125237
9151.611328	-78.378792
9173.144531	-77.934753
9194.677734	-78.370338
9216.210938	-78.562332
9237.744141	-78.719078
9259.277344	-79.034401
9280.810547	-78.265350
9302.343750	-78.567162
9323.876953	-79.574623
9345.410156	-78.476395
9366.943359	-77.477448
9388.476562	-78.802727
9410.009766	-80.044983
9431.542969	-79.167549
9453.076172	-79.440094
9474.609375	-80.029022
9496.142578	-80.364937
9517.675781	-80.354424
9539.208984	-79.779884
9560.742188	-79.945541
9582.275391	-79.719215
9603.808594	-79.243668
9625.341797	-80.147438
9646.875000	-82.090706
9668.408203	-80.716240
9689.941406	-80.823776
9711.474609	-80.934364
9733.007812	-80.136932
9754.541016	-80.205856
9776.074219	-80.727974
9797.607422	-80.758583
9819.140625	-81.079628
9840.673828	-80.448608
9862.207031	-79.986107
9883.740234	-80.208588
9905.273438	-81.323639
9926.806641	-80.867439
9948.339844	-80.804825
9969.873047	-80.248260
9991.406250	-80.993607
10012.939453	-82.477768
10034.472656	-81.715187
10056.005859	-81.540321
10077.539062	-82.087456
10099.072266	-81.873314
10120.605469	-82.400421
10142.138672	-82.765594
10163.671875	-82.772400
10185.205078	-81.844910
10206.738281	-82.265648
10228.271484	-81.316681
10249.804688	-83.334290
10271.337891	-83.311424
10292.871094	-82.059013
10314.404297	-82.002869
10335.937500	-82.129189
10357.470703	-82.350235
10379.003906	-82.390320
10400.537109	-82.344971
10422.070312	-82.295677
10443.603516	-82.943092
10465.136719	-83.431725
10486.669922	-84.004906
10508.203125	-83.351990
10529.736328	-83.034058
10551.269531	-83.666496
10572.802734	-83.746262
10594.335938	-84.158859
10615.869141	-84.560806
10637.402344	-84.429222
10658.935547	-84.207733
10680.468750	-83.233002
10702.001953	-84.412903
10723.535156	-85.643219
10745.068359	-85.684174
10766.601562	-84.957748
10788.134766	-85.250954
10809.667969	-84.899612
10831.201172	-84.538635
10852.734375	-84.606224
10874.267578	-83.624428
10895.800781	-84.918541
10917.333984	-85.107605
10938.867188	-84.432930
10960.400391	-85.997482
10981.933594	-87.049896
11003.466797	-87.376564
11025.000000	-85.654808
11046.533203	-84.829926
11068.066406	-84.876564
11089.599609	-85.460320
11111.132812	-86.795387
11132.666016	-86.605850
11154.199219	-85.471359
11175.732422	-85.816658
11197.265625	-85.847832
11218.798828	-85.604324
11240.332031	-85.392784
11261.865234	-85.712204
11283.398438	-86.322075
11304.931641	-86.458817
11326.464844	-87.140724
11347.998047	-87.002022
11369.531250	-87.357834
11391.064453	-87.650047
11412.597656	-87.639267
11434.130859	-86.412224
11455.664062	-86.224182
11477.197266	-88.180458
11498.730469	-87.688690
11520.263672	-87.395973
11541.796875	-86.841003
11563.330078	-88.204521
11584.863281	-88.148071
11606.396484	-87.871521
11627.929688	-86.724426
11649.462891	-87.141487
11670.996094	-88.572983
11692.529297	-89.031044
11714.062500	-88.948128
11735.595703	-88.428337
11757.128906	-87.901245
11778.662109	-87.569969
11800.195312	-87.775993
11821.728516	-87.530876
11843.261719	-87.574516
11864.794922	-88.210976
11886.328125	-88.876869
11907.861328	-88.131493
11929.394531	-87.817856
11950.927734	-88.594925
11972.460938	-89.610268
11993.994141	-89.258957
12015.527344	-88.654114
12037.060547	-88.513535
12058.593750	-90.456589
12080.126953	-91.119690
12101.660156	-90.320465
12123.193359	-90.105942
12144.726562	-90.137672
12166.259766	-90.319725
12187.792969	-89.612556
12209.326172	-89.245544
12230.859375	-89.366585
12252.392578	-89.597359
12273.925781	-90.424118
12295.458984	-90.812073
12316.992188	-90.633560
12338.525391	-90.292068
12360.058594	-91.080009
12381.591797	-91.398376
12403.125000	-91.065048
12424.658203	-91.234734
12446.191406	-91.432655
12467.724609	-91.731094
12489.257812	-91.143677
12510.791016	-91.279694
12532.324219	-91.175362
12553.857422	-91.302734
12575.390625	-90.855232
12596.923828	-91.154121
12618.457031	-91.050621
12639.990234	-92.283150
12661.523438	-92.002655
12683.056641	-91.601219
12704.589844	-93.196419
12726.123047	-92.224640
12747.656250	-91.699257
12769.189453	-91.564713
12790.722656	-92.379753
12812.255859	-92.514122
12833.789062	-92.117020
12855.322266	-92.499733
12876.855469	-92.471466
12898.388672	-91.887848
12919.921875	-93.761276
12941.455078	-92.921829
12962.988281	-93.892273
12984.521484	-93.191544
13006.054688	-93.907639
13027.587891	-93.129868
13049.121094	-93.500259
13070.654297	-93.785347
13092.187500	-93.369415
13113.720703	-92.963570
13135.253906	-93.487640
13156.787109	-94.246933
13178.320312	-93.093552
13199.853516	-92.822075
13221.386719	-92.943771
13242.919922	-93.161270
13264.453125	-93.936584
13285.986328	-94.581032
13307.519531	-94.562691
13329.052734	-94.225433
13350.585938	-94.206818
13372.119141	-94.515045
13393.652344	-93.731743
13415.185547	-93.923782
13436.718750	-94.770889
13458.251953	-94.596512
13479.785156	-94.604881
13501.318359	-95.116264
13522.851562	-96.019089
13544.384766	-95.689995
13565.917969	-95.273163
13587.451172	-94.970772
13608.984375	-94.288040
13630.517578	-94.551949
13652.050781	-94.728271
13673.583984	-94.937157
13695.117188	-95.338730
13716.650391	-95.543053
13738.183594	-95.691666
13759.716797	-96.597191
13781.250000	-95.381195
13802.783203	-95.614304
13824.316406	-96.429214
13845.849609	-95.803726
13867.382812	-95.425728
13888.916016	-95.448669
13910.449219	-95.366264
13931.982422	-96.089012
13953.515625	-97.011597
13975.048828	-97.833939
13996.582031	-96.693871
14018.115234	-95.843895
14039.648438	-96.653641
14061.181641	-96.578606
14082.714844	-96.502846
14104.248047	-96.703072
14125.781250	-96.770615
14147.314453	-96.493553
14168.847656	-97.585968
14190.380859	-97.271507
14211.914062	-97.531212
14233.447266	-97.173950
14254.980469	-96.815849
14276.513672	-96.673393
14298.046875	-97.422401
14319.580078	-96.976540
14341.113281	-96.737518
14362.646484	-96.974098
14384.179688	-97.758507
14405.712891	-98.285805
14427.246094	-98.160843
14448.779297	-98.538383
14470.312500	-97.063690
14491.845703	-97.373512
14513.378906	-99.000267
14534.912109	-98.848450
14556.445312	-98.859840
14577.978516	-98.247536
14599.511719	-98.520103
14621.044922	-99.293655
14642.578125	-98.420265
14664.111328	-98.640144
14685.644531	-99.709305
14707.177734	-98.867798
14728.710938	-97.299995
14750.244141	-97.297089
14771.777344	-98.542313
14793.310547	-98.854523
14814.843750	-98.973083
14836.376953	-98.963409
14857.910156	-98.663193
14879.443359	-99.455116
14900.976562	-99.845963
14922.509766	-99.581413
14944.042969	-101.129547
14965.576172	-100.257957
14987.109375	-99.365593
15008.642578	-100.150566
15030.175781	-98.985924
15051.708984	-98.987442
15073.242188	-99.309952
15094.775391	-100.042343
15116.308594	-100.548325
15137.841797	-100.118362
15159.375000	-99.348000
15180.908203	-99.387436
15202.441406	-99.648308
15223.974609	-100.170853
15245.507812	-100.062920
15267.041016	-100.843063
15288.574219	-101.321915
15310.107422	-101.661285
15331.640625	-101.169807
15353.173828	-100.793945
15374.707031	-100.114403
15396.240234	-100.586151
15417.773438	-100.775017
15439.306641	-101.284523
15460.839844	-100.319458
15482.373047	-99.624664
15503.906250	-99.872009
15525.439453	-100.127945
15546.972656	-100.153061
15568.505859	-100.936592
15590.039062	-101.583466
15611.572266	-101.257187
15633.105469	-101.426666
15654.638672	-100.942780
15676.171875	-102.291023
15697.705078	-101.945610
15719.238281	-101.767021
15740.771484	-101.682625
15762.304688	-102.450661
15783.837891	-102.694481
15805.371094	-101.763420
15826.904297	-101.978645
15848.437500	-101.804390
15869.970703	-101.899673
15891.503906	-101.658653
15913.037109	-100.911339
15934.570312	-100.874954
15956.103516	-101.475235
15977.636719	-102.081924
15999.169922	-103.146965
16020.703125	-102.750824
16042.236328	-103.396660
16063.769531	-102.090172
16085.302734	-102.536987
16106.835938	-103.015007
16128.369141	-103.368332
16149.902344	-102.998131
16171.435547	-102.876266
16192.968750	-103.866684
16214.501953	-103.665451
16236.035156	-103.784630
16257.568359	-103.784882
16279.101562	-103.276573
16300.634766	-103.036201
16322.167969	-103.172058
16343.701172	-103.708374
16365.234375	-104.222099
16386.767578	-103.952385
16408.300781	-103.171410
16429.833984	-102.776207
16451.367188	-103.294640
16472.900391	-104.073143
16494.433594	-103.620239
16515.966797	-104.159843
16537.500000	-103.309418
16559.033203	-103.450607
16580.566406	-103.873619
16602.099609	-104.123688
16623.632812	-104.456810
16645.166016	-104.398529
16666.699219	-102.901482
16688.232422	-104.171089
16709.765625	-105.026154
16731.298828	-104.409439
16752.832031	-104.695381
16774.365234	-104.732513
16795.898438	-105.337418
16817.431641	-105.969048
16838.964844	-105.891014
16860.498047	-105.308975
16882.031250	-104.934013
16903.564453	-104.765228
16925.097656	-105.052216
16946.630859	-104.667366
16968.164062	-104.916718
16989.697266	-105.308823
17011.230469	-105.982422
17032.763672	-106.814980
17054.296875	-106.660217
17075.830078	-105.469620
17097.363281	-106.267311
17118.896484	-105.590759
17140.429688	-105.703545
17161.962891	-106.387947
17183.496094	-106.109329
17205.029297	-106.251480
17226.562500	-106.344559
17248.095703	-106.715858
17269.628906	-106.370148
17291.162109	-106.115089
17312.695312	-105.456970
17334.228516	-105.006226
17355.761719	-105.130936
17377.294922	-105.773003
17398.828125	-106.332100
17420.361328	-106.531395
17441.894531	-106.021515
17463.427734	-105.344498
17484.960938	-105.298622
17506.494141	-106.453064
17528.027344	-105.485115
17549.560547	-106.041977
17571.093750	-105.643021
17592.626953	-105.900398
17614.160156	-106.480545
17635.693359	-107.519783
17657.226562	-107.275200
17678.759766	-107.279610
17700.292969	-106.905533
17721.826172	-107.213509
17743.359375	-106.922325
17764.892578	-106.153038
17786.425781	-107.432961
17807.958984	-108.533821
17829.492188	-107.908051
17851.025391	-108.029816
17872.558594	-108.095932
17894.091797	-107.691475
17915.625000	-107.171532
17937.158203	-107.061172
17958.691406	-106.905411
17980.224609	-107.431313
18001.757812	-107.680038
18023.291016	-108.046875
18044.824219	-108.057693
18066.357422	-108.459129
18087.890625	-108.049706
18109.423828	-108.169991
18130.957031	-107.575989
18152.490234	-107.437363
18174.023438	-107.750443
18195.556641	-107.908607
18217.089844	-108.329262
18238.623047	-108.023010
18260.156250	-108.068756
18281.689453	-108.069359
18303.222656	-108.676773
18324.755859	-107.371017
18346.289062	-107.618210
18367.822266	-108.458076
18389.355469	-108.767174
18410.888672	-108.707581
18432.421875	-108.179367
18453.955078	-108.057404
18475.488281	-109.674843
18497.021484	-110.134445
18518.554688	-111.084198
18540.087891	-109.840569
18561.621094	-109.294624
18583.154297	-109.894447
18604.687500	-108.943459
18626.220703	-109.707390
18647.753906	-109.663033
18669.287109	-109.157471
18690.820312	-109.586586
18712.353516	-109.935432
18733.886719	-107.612640
18755.419922	-107.299561
18776.953125	-108.792221
18798.486328	-109.075470
18820.019531	-109.995399
18841.552734	-109.819168
18863.085938	-110.171219
18884.619141	-109.941513
18906.152344	-109.611374
18927.685547	-108.990776
18949.218750	-109.588127
18970.751953	-109.823494
18992.285156	-110.677025
19013.818359	-110.915871
19035.351562	-110.719406
19056.884766	-110.931084
19078.417969	-111.133690
19099.951172	-112.097122
19121.484375	-112.177002
19143.017578	-111.711479
19164.550781	-112.429039
19186.083984	-111.571869
19207.617188	-111.029076
19229.150391	-111.631683
19250.683594	-111.909454
19272.216797	-112.504265
19293.750000	-111.856544
19315.283203	-111.859009
19336.816406	-112.435905
19358.349609	-112.975861
19379.882812	-112.417137
19401.416016	-112.186783
19422.949219	-112.159386
19444.482422	-112.528221
19466.015625	-113.459892
19487.548828	-114.546875
19509.082031	-114.288094
19530.615234	-113.596237
19552.148438	-114.578400
19573.681641	-114.610031
19595.214844	-114.492249
19616.748047	-114.347748
19638.281250	-113.905586
19659.814453	-114.624817
19681.347656	-115.062996
19702.880859	-115.636086
19724.414062	-115.417030
19745.947266	-115.410873
19767.480469	-116.673027
19789.013672	-117.516251
19810.546875	-118.566452
19832.080078	-117.793694
19853.613281	-117.316330
19875.146484	-117.982574
19896.679688	-118.135857
19918.212891	-118.038643
19939.746094	-119.427872
19961.279297	-119.899391
19982.812500	-118.635056
20004.345703	-119.745689
20025.878906	-119.709145
20047.412109	-120.167496
20068.945312	-120.638000
20090.478516	-121.202019
20112.011719	-121.207306
20133.544922	-122.541786
20155.078125	-122.220291
20176.611328	-122.699226
20198.144531	-123.034676
20219.677734	-123.370903
20241.210938	-124.771591
20262.744141	-124.890015
20284.277344	-124.714592
20305.810547	-125.496178
20327.343750	-126.356415
20348.876953	-126.292160
20370.410156	-127.162323
20391.943359	-127.895454
20413.476562	-127.258774
20435.009766	-127.792824
20456.542969	-129.402527
20478.076172	-129.421951
20499.609375	-129.692337
20521.142578	-130.340393
20542.675781	-131.602646
20564.208984	-132.761490
20585.742188	-132.994293
20607.275391	-133.505829
20628.808594	-134.080536
20650.341797	-135.522781
20671.875000	-134.836014
20693.408203	-136.375183
20714.941406	-136.130737
20736.474609	-136.163086
20758.007812	-137.278641
20779.541016	-139.240067
20801.074219	-140.548233
20822.607422	-141.104416
20844.140625	-141.679276
20865.673828	-141.978989
20887.207031	-143.113525
20908.740234	-145.700424
20930.273438	-145.909103
20951.806641	-145.665771
20973.339844	-145.956406
20994.873047	-147.324432
21016.406250	-147.639877
21037.939453	-148.380508
21059.472656	-150.320282
21081.005859	-151.101242
21102.539062	-152.090912
21124.072266	-152.822968
21145.605469	-154.578613
21167.138672	-155.759964
21188.671875	-155.965576
21210.205078	-156.768982
21231.738281	-157.460144
21253.271484	-158.522018
21274.804688	-161.261566
21296.337891	-162.096878
21317.871094	-164.137268
21339.404297	-164.645401
21360.937500	-165.917038
21382.470703	-166.155716
21404.003906	-167.546494
21425.537109	-169.799820
21447.070312	-171.239380
21468.603516	-172.794724
21490.136719	-172.872711
21511.669922	-174.043289
21533.203125	-174.617981
21554.736328	-177.029938
21576.269531	-177.029907
21597.802734	-179.095200
21619.335938	-176.995300
21640.869141	-178.056458
21662.402344	-177.972626
21683.935547	-178.709396
21705.468750	-179.602386
21727.001953	-178.194412
21748.535156	-179.299545
21770.068359	-179.162247
21791.601562	-178.400543
21813.134766	-178.005600
21834.667969	-178.946671
21856.201172	-178.536224
21877.734375	-176.920410
21899.267578	-177.724396
21920.800781	-176.818085
21942.333984	-177.807877
21963.867188	-176.544846
21985.400391	-176.640137
22006.933594	-178.837158
22028.466797	-177.517151
