Frequency (Hz)	Level (dB)
43.066406	-31.238857
86.132812	-27.767515
129.199219	-26.622295
172.265625	-25.668797
215.332031	-25.036678
258.398438	-24.525961
301.464844	-24.381159
344.531250	-24.350004
387.597656	-24.236727
430.664062	-23.945147
473.730469	-24.139845
516.796875	-24.333336
559.863281	-24.332165
602.929688	-24.309570
645.996094	-24.306131
689.062500	-24.910887
732.128906	-25.232141
775.195312	-25.420151
818.261719	-25.871609
861.328125	-26.140265
904.394531	-26.486712
947.460938	-26.397873
990.527344	-26.321941
1033.593750	-26.828896
1076.660156	-26.570629
1119.726562	-26.829710
1162.792969	-27.211321
1205.859375	-28.077406
1248.925781	-28.274179
1291.992188	-28.531416
1335.058594	-28.311874
1378.125000	-28.097263
1421.191406	-28.680574
1464.257812	-29.043999
1507.324219	-29.068850
1550.390625	-29.248238
1593.457031	-29.845161
1636.523438	-30.013988
1679.589844	-30.151556
1722.656250	-30.034859
1765.722656	-30.296871
1808.789062	-30.979933
1851.855469	-31.005598
1894.921875	-31.304449
1937.988281	-31.017597
1981.054688	-31.086803
2024.121094	-31.310619
2067.187500	-31.181761
2110.253906	-31.309460
2153.320312	-31.868649
2196.386719	-32.066902
2239.453125	-31.712318
2282.519531	-31.928808
2325.585938	-32.145706
2368.652344	-32.490513
2411.718750	-32.805206
2454.785156	-33.270370
2497.851562	-32.952644
2540.917969	-32.830650
2583.984375	-33.343201
2627.050781	-33.660713
2670.117188	-33.318851
2713.183594	-33.156208
2756.250000	-33.528160
2799.316406	-33.932037
2842.382812	-34.270416
2885.449219	-34.208942
2928.515625	-34.002895
2971.582031	-34.673058
3014.648438	-35.016731
3057.714844	-34.523979
3100.781250	-34.421021
3143.847656	-34.541050
3186.914062	-34.563683
3229.980469	-35.132656
3273.046875	-35.264339
3316.113281	-35.061474
3359.179688	-35.602375
3402.246094	-35.898632
3445.312500	-35.873863
3488.378906	-35.817841
3531.445312	-35.897869
3574.511719	-36.041580
3617.578125	-36.236427
3660.644531	-36.079033
3703.710938	-36.157661
3746.777344	-36.344486
3789.843750	-36.175018
3832.910156	-36.662758
3875.976562	-36.717426
3919.042969	-36.849274
3962.109375	-37.072319
4005.175781	-37.365185
4048.242188	-37.708511
4091.308594	-37.431480
4134.375000	-37.168648
4177.441406	-37.404839
4220.507812	-37.699986
4263.574219	-37.781353
4306.640625	-38.241657
4349.707031	-38.173710
4392.773438	-38.164703
4435.839844	-38.179123
4478.906250	-38.391220
4521.972656	-38.552067
4565.039062	-38.777813
4608.105469	-39.047546
4651.171875	-39.055580
4694.238281	-39.351116
4737.304688	-38.966240
4780.371094	-38.978069
4823.437500	-39.165180
4866.503906	-39.090855
4909.570312	-39.459240
4952.636719	-39.977200
4995.703125	-39.898769
5038.769531	-39.951378
5081.835938	-39.667789
5124.902344	-39.829975
5167.968750	-39.854973
5211.035156	-39.730804
5254.101562	-40.054710
5297.167969	-40.147045
5340.234375	-40.095409
5383.300781	-40.420673
5426.367188	-40.771202
5469.433594	-40.654221
5512.500000	-40.962208
5555.566406	-40.591740
5598.632812	-40.723667
5641.699219	-40.990059
5684.765625	-40.904461
5727.832031	-41.062824
5770.898438	-41.445820
5813.964844	-41.520729
5857.031250	-41.683010
5900.097656	-41.800831
5943.164062	-41.525921
5986.230469	-41.852783
6029.296875	-41.770157
6072.363281	-41.975895
6115.429688	-42.247013
6158.496094	-42.272381
6201.562500	-42.297802
6244.628906	-42.725113
6287.695312	-42.534218
6330.761719	-42.621071
6373.828125	-42.725727
6416.894531	-42.379677
6459.960938	-42.339615
6503.027344	-42.791870
6546.093750	-43.466854
6589.160156	-43.586197
6632.226562	-43.806023
6675.292969	-43.650276
6718.359375	-43.425285
6761.425781	-43.562145
6804.492188	-43.829208
6847.558594	-43.750797
6890.625000	-43.744167
6933.691406	-43.674873
6976.757812	-43.739601
7019.824219	-43.848530
7062.890625	-44.146965
7105.957031	-44.690063
7149.023438	-44.600609
7192.089844	-44.639591
7235.156250	-44.542793
7278.222656	-44.739048
7321.289062	-44.629215
7364.355469	-44.594166
7407.421875	-45.200642
7450.488281	-45.040848
7493.554688	-45.035728
7536.621094	-45.111130
7579.687500	-45.444836
7622.753906	-45.577496
7665.820312	-45.284527
7708.886719	-45.211678
7751.953125	-45.166847
7795.019531	-45.424431
7838.085938	-45.566463
7881.152344	-46.208374
7924.218750	-46.128490
7967.285156	-46.242893
8010.351562	-46.337475
8053.417969	-46.375324
8096.484375	-46.302116
8139.550781	-46.432987
8182.617188	-46.435894
8225.683594	-46.577560
8268.750000	-46.968433
8311.816406	-46.808376
8354.882812	-46.620056
8397.949219	-46.824799
8441.015625	-47.631996
8484.082031	-47.253494
8527.148438	-47.064915
8570.214844	-47.522404
8613.281250	-47.684711
8656.347656	-47.565311
8699.414062	-47.625813
8742.480469	-47.922573
8785.546875	-47.442287
8828.613281	-47.316315
8871.679688	-48.141144
8914.746094	-48.146492
8957.812500	-47.916462
9000.878906	-48.010174
9043.945312	-48.410652
9087.011719	-48.137604
9130.078125	-48.155300
9173.144531	-48.206306
9216.210938	-48.804707
9259.277344	-49.069427
9302.343750	-48.769943
9345.410156	-48.580750
9388.476562	-49.062992
9431.542969	-48.621483
9474.609375	-48.658955
9517.675781	-48.828785
9560.742188	-49.073483
9603.808594	-49.720013
9646.875000	-50.095692
9689.941406	-49.802437
9733.007812	-49.455967
9776.074219	-49.690155
9819.140625	-50.193382
9862.207031	-49.790653
9905.273438	-49.453533
9948.339844	-49.838375
9991.406250	-50.370800
10034.472656	-49.971077
10077.539062	-50.011070
10120.605469	-49.894363
10163.671875	-50.196777
10206.738281	-50.687260
10249.804688	-50.729736
10292.871094	-50.553806
10335.937500	-50.574593
10379.003906	-50.825569
10422.070312	-50.565331
10465.136719	-50.213413
10508.203125	-50.668728
10551.269531	-50.779961
10594.335938	-50.874073
10637.402344	-51.099251
10680.468750	-51.240334
10723.535156	-51.237625
10766.601562	-51.947479
10809.667969	-51.887402
10852.734375	-51.549034
10895.800781	-51.867496
10938.867188	-51.674747
10981.933594	-51.949589
11025.000000	-51.937462
11068.066406	-52.160854
11111.132812	-51.815903
11154.199219	-51.984619
11197.265625	-52.021347
11240.332031	-52.404743
11283.398438	-52.359077
11326.464844	-52.130928
11369.531250	-52.224327
11412.597656	-52.757977
11455.664062	-52.779613
11498.730469	-52.506580
11541.796875	-52.297779
11584.863281	-52.544174
11627.929688	-52.608166
11670.996094	-52.700020
11714.062500	-52.555740
11757.128906	-52.953205
11800.195312	-52.969727
11843.261719	-53.551792
11886.328125	-53.038097
11929.394531	-53.704201
11972.460938	-53.276096
12015.527344	-53.210667
12058.593750	-53.529568
12101.660156	-53.394798
12144.726562	-53.491589
12187.792969	-53.878239
12230.859375	-53.751316
12273.925781	-53.585796
12316.992188	-53.973537
12360.058594	-54.033485
12403.125000	-53.864510
12446.191406	-53.828850
12489.257812	-53.821449
12532.324219	-54.334923
12575.390625	-54.551395
12618.457031	-54.453564
12661.523438	-54.343040
12704.589844	-54.202133
12747.656250	-54.488506
12790.722656	-54.808681
12833.789062	-54.579693
12876.855469	-54.607143
12919.921875	-54.725101
12962.988281	-54.588486
13006.054688	-54.859562
13049.121094	-54.787083
13092.187500	-54.614010
13135.253906	-54.974159
13178.320312	-55.041195
13221.386719	-55.386597
13264.453125	-55.601063
13307.519531	-55.416786
13350.585938	-55.327435
13393.652344	-55.033829
13436.718750	-55.453415
13479.785156	-56.023209
13522.851562	-56.489727
13565.917969	-56.314125
13608.984375	-55.973656
13652.050781	-56.497856
13695.117188	-56.191055
13738.183594	-56.198170
13781.250000	-56.392601
13824.316406	-56.427879
13867.382812	-56.121838
13910.449219	-56.182819
13953.515625	-55.653881
13996.582031	-55.655823
14039.648438	-55.759109
14082.714844	-56.101818
14125.781250	-56.925724
14168.847656	-56.121883
14211.914062	-56.930775
14254.980469	-57.070683
14298.046875	-56.829548
14341.113281	-57.021904
14384.179688	-57.578911
14427.246094	-57.614101
14470.312500	-57.449860
14513.378906	-56.623604
14556.445312	-55.900963
14599.511719	-56.542110
14642.578125	-56.990364
14685.644531	-57.586025
14728.710938	-56.694702
14771.777344	-57.088463
14814.843750	-58.297031
14857.910156	-57.406391
14900.976562	-56.758877
14944.042969	-57.829411
14987.109375	-58.003376
15030.175781	-58.068825
15073.242188	-57.444790
15116.308594	-57.021603
15159.375000	-57.959087
15202.441406	-58.512062
15245.507812	-58.911625
15288.574219	-58.397602
15331.640625	-58.457294
15374.707031	-58.198277
15417.773438	-57.538597
15460.839844	-58.401917
15503.906250	-58.563530
15546.972656	-58.382820
15590.039062	-58.507908
15633.105469	-59.343468
15676.171875	-58.492195
15719.238281	-58.870171
15762.304688	-59.378067
15805.371094	-58.945679
15848.437500	-59.336407
15891.503906	-59.432560
15934.570312	-58.295662
15977.636719	-57.799675
16020.703125	-58.428730
16063.769531	-58.781517
16106.835938	-59.448795
16149.902344	-58.048508
16192.968750	-58.115829
16236.035156	-59.620350
16279.101562	-60.318443
16322.167969	-60.289471
16365.234375	-60.132259
16408.300781	-59.384056
16451.367188	-59.657520
16494.433594	-58.609779
16537.500000	-59.680267
16580.566406	-58.908123
16623.632812	-60.306290
16666.699219	-59.795078
16709.765625	-60.428101
16752.832031	-60.019352
16795.898438	-60.250385
16838.964844	-60.277153
16882.031250	-60.991787
16925.097656	-59.784054
16968.164062	-60.464947
17011.230469	-59.522396
17054.296875	-60.414631
17097.363281	-61.008549
17140.429688	-61.556370
17183.496094	-61.170170
17226.562500	-60.501938
17269.628906	-60.415920
17312.695312	-60.028904
17355.761719	-59.501072
17398.828125	-60.418110
17441.894531	-60.513828
17484.960938	-59.903221
17528.027344	-60.449341
17571.093750	-60.968479
17614.160156	-61.017921
17657.226562	-62.337910
17700.292969	-62.679562
17743.359375	-62.848206
17786.425781	-62.435829
17829.492188	-60.929504
17872.558594	-60.149117
17915.625000	-61.340385
17958.691406	-61.934296
18001.757812	-61.899696
18044.824219	-60.840343
18087.890625	-59.948811
18130.957031	-60.454227
18174.023438	-61.583054
18217.089844	-61.468472
18260.156250	-62.084717
18303.222656	-61.179676
18346.289062	-61.646824
18389.355469	-60.216927
18432.421875	-60.821835
18475.488281	-62.493572
18518.554688	-60.273167
18561.621094	-59.845989
18604.687500	-60.197483
18647.753906	-62.511253
18690.820312	-62.625618
18733.886719	-63.827679
18776.953125	-64.169449
18820.019531	-63.280510
18863.085938	-62.517673
18906.152344	-62.847469
18949.218750	-63.907913
18992.285156	-62.509308
19035.351562	-61.185139
19078.417969	-61.594551
19121.484375	-63.145824
19164.550781	-63.014278
19207.617188	-62.561520
19250.683594	-61.941734
19293.750000	-60.517666
19336.816406	-62.324905
19379.882812	-64.878418
19422.949219	-63.748070
19466.015625	-64.159363
19509.082031	-63.226833
19552.148438	-62.212219
19595.214844	-61.001392
19638.281250	-61.549152
19681.347656	-63.139851
19724.414062	-63.834404
19767.480469	-64.317230
19810.546875	-64.146294
19853.613281	-63.289734
19896.679688	-61.164803
19939.746094	-62.146248
19982.812500	-61.660191
20025.878906	-61.002274
20068.945312	-62.932610
20112.011719	-61.317890
20155.078125	-61.745918
20198.144531	-64.096062
20241.210938	-63.171635
20284.277344	-63.149689
20327.343750	-63.528404
20370.410156	-62.290688
20413.476562	-62.965687
20456.542969	-65.098351
20499.609375	-63.102142
20542.675781	-62.950375
20585.742188	-65.915833
20628.808594	-65.504417
20671.875000	-64.983414
20714.941406	-64.785027
20758.007812	-62.464939
20801.074219	-61.000137
20844.140625	-62.172211
20887.207031	-63.132694
20930.273438	-64.744545
20973.339844	-64.443550
21016.406250	-63.353222
21059.472656	-62.289162
21102.539062	-62.731037
21145.605469	-63.800472
21188.671875	-62.351559
21231.738281	-62.819870
21274.804688	-64.673195
21317.871094	-65.451279
21360.937500	-64.974800
21404.003906	-64.192139
21447.070312	-63.198311
21490.136719	-65.040306
21533.203125	-65.650291
21576.269531	-64.707947
21619.335938	-65.004456
21662.402344	-67.624542
21705.468750	-66.993202
21748.535156	-65.108986
21791.601562	-65.186615
21834.667969	-65.180107
21877.734375	-66.930008
21920.800781	-66.132278
21963.867188	-66.790344
22006.933594	-66.602501
