Frequency (Hz)	Level (dB)
43.066406	-17.070271
86.132812	-21.659071
129.199219	-23.750177
172.265625	-24.848330
215.332031	-25.820854
258.398438	-26.581366
301.464844	-27.188673
344.531250	-28.016127
387.597656	-28.492777
430.664062	-29.020496
473.730469	-29.441563
516.796875	-29.946047
559.863281	-30.302052
602.929688	-30.163061
645.996094	-30.492521
689.062500	-31.084539
732.128906	-31.125088
775.195312	-31.466406
818.261719	-31.587090
861.328125	-31.924461
904.394531	-32.354458
947.460938	-32.627228
990.527344	-32.573498
1033.593750	-32.832500
1076.660156	-32.872944
1119.726562	-33.088757
1162.792969	-33.384659
1205.859375	-33.300869
1248.925781	-33.494312
1291.992188	-33.892849
1335.058594	-34.010815
1378.125000	-33.691444
1421.191406	-34.219013
1464.257812	-34.557980
1507.324219	-34.388054
1550.390625	-34.372513
1593.457031	-34.669189
1636.523438	-34.843151
1679.589844	-34.831837
1722.656250	-34.813770
1765.722656	-35.033390
1808.789062	-35.311867
1851.855469	-35.263954
1894.921875	-35.707767
1937.988281	-35.744267
1981.054688	-35.817902
2024.121094	-35.861172
2067.187500	-35.928123
2110.253906	-36.077412
2153.320312	-35.961178
2196.386719	-36.066727
2239.453125	-36.022339
2282.519531	-36.044113
2325.585938	-36.080746
2368.652344	-36.250423
2411.718750	-36.580566
2454.785156	-36.895386
2497.851562	-36.854485
2540.917969	-36.737076
2583.984375	-36.796173
2627.050781	-36.880325
2670.117188	-37.013813
2713.183594	-36.881573
2756.250000	-37.059502
2799.316406	-37.007687
2842.382812	-37.165279
2885.449219	-37.233036
2928.515625	-37.198063
2971.582031	-37.500732
3014.648438	-37.657154
3057.714844	-37.466934
3100.781250	-37.588661
3143.847656	-37.427330
3186.914062	-37.398674
3229.980469	-37.527523
3273.046875	-37.797794
3316.113281	-37.746212
3359.179688	-37.860321
3402.246094	-37.829395
3445.312500	-37.936275
3488.378906	-38.189579
3531.445312	-37.962032
3574.511719	-38.138580
3617.578125	-38.462940
3660.644531	-38.121181
3703.710938	-38.149857
3746.777344	-38.459526
3789.843750	-38.544628
3832.910156	-38.489674
3875.976562	-38.316929
3919.042969	-38.749596
3962.109375	-38.733093
4005.175781	-38.621666
4048.242188	-38.699585
4091.308594	-38.830257
4134.375000	-38.733715
4177.441406	-38.757549
4220.507812	-38.731121
4263.574219	-38.905727
4306.640625	-39.001938
4349.707031	-39.036919
4392.773438	-39.076267
4435.839844	-39.193718
4478.906250	-39.083427
4521.972656	-39.388588
4565.039062	-39.326782
4608.105469	-39.235462
4651.171875	-39.479675
4694.238281	-39.479511
4737.304688	-39.315132
4780.371094	-39.209019
4823.437500	-39.415577
4866.503906	-39.616470
4909.570312	-39.676216
4952.636719	-39.575378
4995.703125	-39.673916
5038.769531	-39.983383
5081.835938	-39.639633
5124.902344	-39.721355
5167.968750	-39.722584
5211.035156	-39.801395
5254.101562	-40.060551
5297.167969	-39.990913
5340.234375	-39.811317
5383.300781	-39.935162
5426.367188	-40.182713
5469.433594	-40.221100
5512.500000	-40.191845
5555.566406	-39.959789
5598.632812	-39.989422
5641.699219	-40.083271
5684.765625	-40.212811
5727.832031	-40.336243
5770.898438	-40.467808
5813.964844	-40.410198
5857.031250	-40.316078
5900.097656	-40.496208
5943.164062	-40.181984
5986.230469	-40.264668
6029.296875	-40.421669
6072.363281	-40.452724
6115.429688	-40.299072
6158.496094	-40.391006
6201.562500	-40.713440
6244.628906	-40.770191
6287.695312	-40.705173
6330.761719	-40.715328
6373.828125	-40.559486
6416.894531	-40.499046
6459.960938	-40.353718
6503.027344	-40.677940
6546.093750	-40.989674
6589.160156	-41.081554
6632.226562	-41.177570
6675.292969	-41.070080
6718.359375	-41.041824
6761.425781	-41.181431
6804.492188	-41.183865
6847.558594	-40.793705
6890.625000	-40.936661
6933.691406	-40.784924
6976.757812	-40.829296
7019.824219	-41.180630
7062.890625	-41.337269
7105.957031	-41.518486
7149.023438	-41.694210
7192.089844	-41.373768
7235.156250	-41.314419
7278.222656	-41.159744
7321.289062	-41.282001
7364.355469	-41.117908
7407.421875	-41.363846
7450.488281	-41.367821
7493.554688	-41.459866
7536.621094	-41.682819
7579.687500	-41.575111
7622.753906	-41.595238
7665.820312	-41.758354
7708.886719	-41.696468
7751.953125	-41.592976
7795.019531	-41.553947
7838.085938	-41.543915
7881.152344	-41.570396
7924.218750	-41.577637
7967.285156	-41.887749
8010.351562	-41.849575
8053.417969	-41.685600
8096.484375	-41.736145
8139.550781	-41.764271
8182.617188	-41.632786
8225.683594	-41.677692
8268.750000	-41.778080
8311.816406	-41.868431
8354.882812	-41.979240
8397.949219	-42.011543
8441.015625	-42.317116
8484.082031	-42.189400
8527.148438	-42.235119
8570.214844	-42.194664
8613.281250	-41.975166
8656.347656	-41.907959
8699.414062	-41.942905
8742.480469	-42.425293
8785.546875	-41.975662
8828.613281	-41.864189
8871.679688	-42.213169
8914.746094	-42.373806
8957.812500	-42.261497
9000.878906	-42.239124
9043.945312	-42.244678
9087.011719	-42.200874
9130.078125	-42.177128
9173.144531	-42.324287
9216.210938	-42.380520
9259.277344	-42.432045
9302.343750	-42.568531
9345.410156	-42.583645
9388.476562	-42.646648
9431.542969	-42.497906
9474.609375	-42.306789
9517.675781	-42.442951
9560.742188	-42.531143
9603.808594	-42.537868
9646.875000	-42.820072
9689.941406	-42.922256
9733.007812	-42.797882
9776.074219	-42.699738
9819.140625	-42.837463
9862.207031	-42.753098
9905.273438	-42.792725
9948.339844	-42.835392
9991.406250	-42.954079
10034.472656	-42.866329
10077.539062	-42.525322
10120.605469	-42.608498
10163.671875	-42.665630
10206.738281	-43.105694
10249.804688	-43.214577
10292.871094	-42.783897
10335.937500	-42.790943
10379.003906	-42.925964
10422.070312	-42.814972
10465.136719	-42.844490
10508.203125	-42.864902
10551.269531	-42.999748
10594.335938	-42.982079
10637.402344	-43.074142
10680.468750	-43.141235
10723.535156	-42.963573
10766.601562	-43.190815
10809.667969	-43.160023
10852.734375	-42.903740
10895.800781	-43.143105
10938.867188	-43.159142
10981.933594	-42.978939
11025.000000	-43.030083
11068.066406	-43.064804
11111.132812	-43.013508
11154.199219	-43.174469
11197.265625	-43.433540
11240.332031	-43.286793
11283.398438	-43.113113
11326.464844	-43.029434
11369.531250	-43.231186
11412.597656	-43.313255
11455.664062	-43.354347
11498.730469	-43.297714
11541.796875	-43.204750
11584.863281	-43.319061
11627.929688	-43.310200
11670.996094	-43.569927
11714.062500	-43.286583
11757.128906	-43.145565
11800.195312	-43.386101
11843.261719	-43.466526
11886.328125	-43.331638
11929.394531	-43.494900
11972.460938	-43.516052
12015.527344	-43.421978
12058.593750	-43.322128
12101.660156	-43.257397
12144.726562	-43.358761
12187.792969	-43.656624
12230.859375	-43.714569
12273.925781	-43.545929
12316.992188	-43.710857
12360.058594	-43.597221
12403.125000	-43.546295
12446.191406	-43.671318
12489.257812	-43.811001
12532.324219	-43.830875
12575.390625	-43.729294
12618.457031	-43.806595
12661.523438	-43.833641
12704.589844	-43.585773
12747.656250	-43.750969
12790.722656	-43.824665
12833.789062	-43.928383
12876.855469	-43.881935
12919.921875	-43.638283
12962.988281	-43.822327
13006.054688	-43.854446
13049.121094	-44.003002
13092.187500	-44.131958
13135.253906	-43.966919
13178.320312	-44.092930
13221.386719	-43.808460
13264.453125	-43.922661
13307.519531	-44.050732
13350.585938	-43.948387
13393.652344	-44.030510
13436.718750	-44.137863
13479.785156	-44.290493
13522.851562	-44.280327
13565.917969	-44.152878
13608.984375	-44.269836
13652.050781	-44.018494
13695.117188	-44.345165
13738.183594	-44.352394
13781.250000	-44.034782
13824.316406	-43.922264
13867.382812	-43.992256
13910.449219	-44.251484
13953.515625	-44.289085
13996.582031	-44.379890
14039.648438	-44.101448
14082.714844	-44.223289
14125.781250	-44.210739
14168.847656	-44.231045
14211.914062	-44.516750
14254.980469	-44.431435
14298.046875	-44.082016
14341.113281	-44.083862
14384.179688	-44.366627
14427.246094	-44.561222
14470.312500	-44.343178
14513.378906	-44.329384
14556.445312	-44.353336
14599.511719	-44.372490
14642.578125	-44.257206
14685.644531	-44.622925
14728.710938	-44.598423
14771.777344	-44.566853
14814.843750	-44.520493
14857.910156	-44.236210
14900.976562	-44.454632
14944.042969	-44.700909
14987.109375	-44.662590
15030.175781	-44.576157
15073.242188	-44.817333
15116.308594	-44.612148
15159.375000	-44.548824
15202.441406	-44.544792
15245.507812	-44.761280
15288.574219	-44.473980
15331.640625	-44.472637
15374.707031	-44.878136
15417.773438	-44.668259
15460.839844	-44.564121
15503.906250	-44.662449
15546.972656	-44.688496
15590.039062	-44.669380
15633.105469	-44.783459
15676.171875	-44.886761
15719.238281	-44.925617
15762.304688	-45.031075
15805.371094	-45.106281
15848.437500	-44.897808
15891.503906	-44.682976
15934.570312	-44.704105
15977.636719	-44.562214
16020.703125	-44.735645
16063.769531	-44.904205
16106.835938	-44.963863
16149.902344	-44.922638
16192.968750	-44.921066
16236.035156	-44.884338
16279.101562	-44.907822
16322.167969	-44.875099
16365.234375	-44.854065
16408.300781	-44.782478
16451.367188	-44.989647
16494.433594	-44.788280
16537.500000	-45.128643
16580.566406	-45.346725
16623.632812	-44.930813
16666.699219	-44.886955
16709.765625	-45.061520
16752.832031	-45.066883
16795.898438	-44.914307
16838.964844	-45.121578
16882.031250	-45.139839
16925.097656	-45.195118
16968.164062	-45.143631
17011.230469	-45.004700
17054.296875	-45.086246
17097.363281	-45.426914
17140.429688	-45.258053
17183.496094	-45.351723
17226.562500	-45.230602
17269.628906	-45.249508
17312.695312	-45.401150
17355.761719	-45.300568
17398.828125	-45.146919
17441.894531	-44.851318
17484.960938	-44.784519
17528.027344	-45.124634
17571.093750	-45.212147
17614.160156	-45.034145
17657.226562	-45.257210
17700.292969	-45.388309
17743.359375	-45.612068
17786.425781	-45.582775
17829.492188	-45.208447
17872.558594	-45.354458
17915.625000	-45.523968
17958.691406	-45.648167
18001.757812	-45.535931
18044.824219	-45.422649
18087.890625	-45.492050
18130.957031	-45.437965
18174.023438	-45.287716
18217.089844	-45.455860
18260.156250	-45.470596
18303.222656	-45.650318
18346.289062	-45.647732
18389.355469	-45.830158
18432.421875	-45.597023
18475.488281	-45.433273
18518.554688	-45.833870
18561.621094	-45.725052
18604.687500	-45.602600
18647.753906	-45.763069
18690.820312	-45.957714
18733.886719	-45.937481
18776.953125	-45.867619
18820.019531	-45.998714
18863.085938	-45.523861
18906.152344	-45.573700
18949.218750	-45.735935
18992.285156	-45.614368
19035.351562	-45.531006
19078.417969	-45.522758
19121.484375	-45.443760
19164.550781	-45.524940
19207.617188	-45.675289
19250.683594	-45.764320
19293.750000	-45.863544
19336.816406	-45.853615
19379.882812	-45.961704
19422.949219	-45.731125
19466.015625	-45.505955
19509.082031	-45.565784
19552.148438	-45.469681
19595.214844	-45.825333
19638.281250	-45.831459
19681.347656	-45.419209
19724.414062	-45.360123
19767.480469	-45.635380
19810.546875	-45.889603
19853.613281	-46.038361
19896.679688	-45.963245
19939.746094	-45.694836
19982.812500	-45.616138
20025.878906	-45.639717
20068.945312	-45.944065
20112.011719	-45.941772
20155.078125	-46.076603
20198.144531	-46.328579
20241.210938	-46.127140
20284.277344	-45.967827
20327.343750	-45.992157
20370.410156	-45.985878
20413.476562	-45.891529
20456.542969	-45.892159
20499.609375	-46.101738
20542.675781	-46.299435
20585.742188	-46.206905
20628.808594	-46.311203
20671.875000	-46.130592
20714.941406	-46.291504
20758.007812	-46.392048
20801.074219	-46.296814
20844.140625	-46.317284
20887.207031	-46.520649
20930.273438	-46.381073
20973.339844	-46.183270
21016.406250	-46.341251
21059.472656	-46.325180
21102.539062	-46.513088
21145.605469	-46.729519
21188.671875	-46.675774
21231.738281	-46.483391
21274.804688	-46.343224
21317.871094	-46.517467
21360.937500	-46.726444
21404.003906	-46.828152
21447.070312	-46.931808
21490.136719	-46.956520
21533.203125	-46.988918
21576.269531	-47.213757
21619.335938	-47.197559
21662.402344	-47.369873
21705.468750	-47.542740
21748.535156	-47.491585
21791.601562	-47.720707
21834.667969	-47.955353
21877.734375	-48.194538
21920.800781	-48.422047
21963.867188	-48.910362
22006.933594	-49.020359
