Frequency (Hz)	Level (dB)
43.066406	-22.679228
86.132812	-21.402269
129.199219	-20.883875
172.265625	-20.231205
215.332031	-19.896378
258.398438	-19.610945
301.464844	-19.426233
344.531250	-19.426153
387.597656	-19.388920
430.664062	-19.577078
473.730469	-19.765751
516.796875	-19.926226
559.863281	-19.984846
602.929688	-19.658457
645.996094	-19.801369
689.062500	-20.259512
732.128906	-20.205187
775.195312	-20.602295
818.261719	-20.718899
861.328125	-21.057302
904.394531	-21.441605
947.460938	-21.696218
990.527344	-21.755911
1033.593750	-22.071009
1076.660156	-22.256676
1119.726562	-22.591776
1162.792969	-22.730587
1205.859375	-22.764618
1248.925781	-23.160639
1291.992188	-23.746958
1335.058594	-23.959888
1378.125000	-23.736395
1421.191406	-24.295584
1464.257812	-24.710928
1507.324219	-24.751543
1550.390625	-24.888252
1593.457031	-25.235130
1636.523438	-25.645529
1679.589844	-25.736969
1722.656250	-25.805435
1765.722656	-26.185680
1808.789062	-26.614977
1851.855469	-26.787163
1894.921875	-27.426670
1937.988281	-27.575464
1981.054688	-27.837000
2024.121094	-27.930386
2067.187500	-28.036386
2110.253906	-28.395891
2153.320312	-28.549814
2196.386719	-28.808191
2239.453125	-28.941143
2282.519531	-29.129780
2325.585938	-29.244902
2368.652344	-29.564087
2411.718750	-30.043760
2454.785156	-30.512043
2497.851562	-30.586763
2540.917969	-30.712868
2583.984375	-30.952230
2627.050781	-31.155787
2670.117188	-31.445904
2713.183594	-31.524975
2756.250000	-32.005936
2799.316406	-31.974302
2842.382812	-32.374275
2885.449219	-32.663872
2928.515625	-32.771465
2971.582031	-33.208771
3014.648438	-33.460754
3057.714844	-33.655243
3100.781250	-33.858795
3143.847656	-33.760429
3186.914062	-33.961117
3229.980469	-34.226471
3273.046875	-34.728596
3316.113281	-34.925999
3359.179688	-35.018417
3402.246094	-35.218269
3445.312500	-35.472767
3488.378906	-35.996689
3531.445312	-35.978283
3574.511719	-36.105568
3617.578125	-36.655518
3660.644531	-36.410656
3703.710938	-36.581451
3746.777344	-37.100986
3789.843750	-37.512291
3832.910156	-37.741573
3875.976562	-37.655190
3919.042969	-38.072899
3962.109375	-38.332264
4005.175781	-38.546375
4048.242188	-38.784454
4091.308594	-39.102371
4134.375000	-39.055561
4177.441406	-39.116112
4220.507812	-39.455860
4263.574219	-39.625275
4306.640625	-40.026268
4349.707031	-40.147961
4392.773438	-40.268002
4435.839844	-40.848694
4478.906250	-40.892941
4521.972656	-41.206310
4565.039062	-41.397594
4608.105469	-41.447548
4651.171875	-41.797089
4694.238281	-41.977039
4737.304688	-41.874191
4780.371094	-42.079319
4823.437500	-42.564571
4866.503906	-43.090847
4909.570312	-43.091019
4952.636719	-43.072830
4995.703125	-43.292393
5038.769531	-43.917786
5081.835938	-43.984970
5124.902344	-44.255821
5167.968750	-44.437664
5211.035156	-44.558533
5254.101562	-44.898727
5297.167969	-45.228870
5340.234375	-45.163681
5383.300781	-45.269257
5426.367188	-45.706051
5469.433594	-45.979042
5512.500000	-46.286533
5555.566406	-46.426811
5598.632812	-46.519970
5641.699219	-46.722168
5684.765625	-46.797737
5727.832031	-47.065269
5770.898438	-47.427586
5813.964844	-47.835110
5857.031250	-47.877579
5900.097656	-48.150394
5943.164062	-48.007557
5986.230469	-48.524380
6029.296875	-48.788754
6072.363281	-49.115421
6115.429688	-49.259357
6158.496094	-49.415218
6201.562500	-49.787830
6244.628906	-49.990650
6287.695312	-49.994240
6330.761719	-50.049107
6373.828125	-50.289864
6416.894531	-50.557343
6459.960938	-50.888573
6503.027344	-51.260735
6546.093750	-51.453377
6589.160156	-51.644516
6632.226562	-52.091358
6675.292969	-52.129749
6718.359375	-52.324444
6761.425781	-52.625698
6804.492188	-52.778618
6847.558594	-53.010174
6890.625000	-53.422031
6933.691406	-53.559570
6976.757812	-53.674492
7019.824219	-53.859566
7062.890625	-54.256481
7105.957031	-54.639042
7149.023438	-54.812950
7192.089844	-54.884125
7235.156250	-54.996990
7278.222656	-54.852718
7321.289062	-55.149994
7364.355469	-55.501011
7407.421875	-55.767300
7450.488281	-55.912041
7493.554688	-56.227833
7536.621094	-56.336403
7579.687500	-56.561062
7622.753906	-56.971996
7665.820312	-56.970566
7708.886719	-57.057896
7751.953125	-57.318649
7795.019531	-57.337757
7838.085938	-57.672394
7881.152344	-57.727577
7924.218750	-57.803879
7967.285156	-58.142525
8010.351562	-58.459709
8053.417969	-58.477440
8096.484375	-58.605770
8139.550781	-58.678654
8182.617188	-58.544510
8225.683594	-58.771492
8268.750000	-59.160355
8311.816406	-59.468925
8354.882812	-59.400898
8397.949219	-59.413395
8441.015625	-59.537579
8484.082031	-59.563778
8527.148438	-59.781540
8570.214844	-59.903057
8613.281250	-59.925388
8656.347656	-60.100479
8699.414062	-60.358707
8742.480469	-60.214207
8785.546875	-60.195892
8828.613281	-60.215790
8871.679688	-60.056297
8914.746094	-60.052753
8957.812500	-60.341473
9000.878906	-60.593235
9043.945312	-60.547920
9087.011719	-60.727894
9130.078125	-60.741642
9173.144531	-60.367626
9216.210938	-60.304760
9259.277344	-60.482296
9302.343750	-60.484825
9345.410156	-60.570877
9388.476562	-60.481598
9431.542969	-60.400791
9474.609375	-60.498508
9517.675781	-60.680801
9560.742188	-60.445698
9603.808594	-60.170765
9646.875000	-60.505478
9689.941406	-60.752014
9733.007812	-60.490303
9776.074219	-60.618481
9819.140625	-60.551632
9862.207031	-60.307785
9905.273438	-60.311699
9948.339844	-60.387466
9991.406250	-60.537300
10034.472656	-60.429577
10077.539062	-60.191364
10120.605469	-60.309887
10163.671875	-60.263103
10206.738281	-60.132576
10249.804688	-60.306183
10292.871094	-60.330746
10335.937500	-60.214935
10379.003906	-60.341694
10422.070312	-60.022831
10465.136719	-60.232445
10508.203125	-60.327724
10551.269531	-60.276230
10594.335938	-60.221714
10637.402344	-59.844826
10680.468750	-59.973980
10723.535156	-59.940746
10766.601562	-60.094975
10809.667969	-60.178829
10852.734375	-60.208797
10895.800781	-60.028122
10938.867188	-60.056637
10981.933594	-60.019932
11025.000000	-60.037903
11068.066406	-59.996525
11111.132812	-59.949818
11154.199219	-59.938858
11197.265625	-60.201096
11240.332031	-60.073032
11283.398438	-60.025414
11326.464844	-59.994892
11369.531250	-60.166046
11412.597656	-59.918705
11455.664062	-59.730911
11498.730469	-60.018753
11541.796875	-59.823589
11584.863281	-59.849720
11627.929688	-59.879848
11670.996094	-60.104897
11714.062500	-59.925873
11757.128906	-59.722157
11800.195312	-59.593887
11843.261719	-59.577759
11886.328125	-59.461094
11929.394531	-59.610676
11972.460938	-59.626755
12015.527344	-59.584930
12058.593750	-59.729263
12101.660156	-59.597446
12144.726562	-59.681934
12187.792969	-59.857750
12230.859375	-59.883732
12273.925781	-59.824768
12316.992188	-59.891560
12360.058594	-59.795799
12403.125000	-59.797649
12446.191406	-59.769211
12489.257812	-59.805332
12532.324219	-59.714939
12575.390625	-59.569256
12618.457031	-59.784988
12661.523438	-59.980186
12704.589844	-59.697563
12747.656250	-59.922050
12790.722656	-59.867947
12833.789062	-59.914845
12876.855469	-60.003300
12919.921875	-60.116154
12962.988281	-60.063953
13006.054688	-60.021885
13049.121094	-59.940289
13092.187500	-59.791386
13135.253906	-59.632740
13178.320312	-59.747055
13221.386719	-59.812241
13264.453125	-59.859634
13307.519531	-59.840546
13350.585938	-59.660503
13393.652344	-59.670822
13436.718750	-59.881638
13479.785156	-59.999264
13522.851562	-60.030682
13565.917969	-59.854256
13608.984375	-59.959232
13652.050781	-59.779865
13695.117188	-60.012672
13738.183594	-59.950878
13781.250000	-59.757404
13824.316406	-59.763355
13867.382812	-59.906361
13910.449219	-60.046082
13953.515625	-59.949535
13996.582031	-60.065075
14039.648438	-59.917236
14082.714844	-59.928719
14125.781250	-59.674618
14168.847656	-59.962536
14211.914062	-60.169064
14254.980469	-59.807709
14298.046875	-59.739090
14341.113281	-59.814766
14384.179688	-59.836578
14427.246094	-60.111618
14470.312500	-60.113785
14513.378906	-59.922146
14556.445312	-59.880833
14599.511719	-59.955288
14642.578125	-59.928486
14685.644531	-60.194641
14728.710938	-60.182152
14771.777344	-60.241653
14814.843750	-60.337437
14857.910156	-60.277546
14900.976562	-60.003948
14944.042969	-59.936390
14987.109375	-59.938980
15030.175781	-59.923447
15073.242188	-60.152519
15116.308594	-60.382133
15159.375000	-60.300957
15202.441406	-59.984261
15245.507812	-60.034081
15288.574219	-60.193436
15331.640625	-60.456718
15374.707031	-60.497890
15417.773438	-60.282478
15460.839844	-60.149960
15503.906250	-60.033215
15546.972656	-60.202671
15590.039062	-60.278370
15633.105469	-60.444714
15676.171875	-60.651321
15719.238281	-60.551483
15762.304688	-60.474098
15805.371094	-60.411205
15848.437500	-60.260239
15891.503906	-60.205902
15934.570312	-60.176575
15977.636719	-60.275532
16020.703125	-60.388729
16063.769531	-60.578564
16106.835938	-60.739849
16149.902344	-60.658558
16192.968750	-60.394573
16236.035156	-60.549145
16279.101562	-60.686813
16322.167969	-60.613480
16365.234375	-60.700481
16408.300781	-60.631527
16451.367188	-60.505947
16494.433594	-60.418507
16537.500000	-60.388859
16580.566406	-60.657574
16623.632812	-60.595089
16666.699219	-60.579651
16709.765625	-60.896000
16752.832031	-60.740479
16795.898438	-60.686646
16838.964844	-60.784061
16882.031250	-60.873676
16925.097656	-60.874493
16968.164062	-60.805195
17011.230469	-60.964603
17054.296875	-61.094845
17097.363281	-61.301590
17140.429688	-60.969513
17183.496094	-61.070354
17226.562500	-61.032978
17269.628906	-61.100224
17312.695312	-61.304703
17355.761719	-61.050156
17398.828125	-60.960255
17441.894531	-60.781929
17484.960938	-60.583572
17528.027344	-60.762585
17571.093750	-60.965984
17614.160156	-60.875481
17657.226562	-61.115959
17700.292969	-61.245384
17743.359375	-61.398098
17786.425781	-61.527821
17829.492188	-61.270782
17872.558594	-61.317200
17915.625000	-61.656082
17958.691406	-61.402203
18001.757812	-61.495350
18044.824219	-61.386604
18087.890625	-61.272934
18130.957031	-61.309807
18174.023438	-61.562271
18217.089844	-61.683765
18260.156250	-61.674519
18303.222656	-61.634743
18346.289062	-61.711365
18389.355469	-61.895741
18432.421875	-61.762054
18475.488281	-61.547630
18518.554688	-61.787003
18561.621094	-61.765301
18604.687500	-61.649261
18647.753906	-61.647247
18690.820312	-61.974720
18733.886719	-61.950615
18776.953125	-61.908573
18820.019531	-61.885780
18863.085938	-61.649666
18906.152344	-61.595520
18949.218750	-61.941250
18992.285156	-62.012733
19035.351562	-61.985165
19078.417969	-61.977608
19121.484375	-62.186436
19164.550781	-62.102245
19207.617188	-61.934406
19250.683594	-61.968876
19293.750000	-62.032303
19336.816406	-62.112373
19379.882812	-62.367466
19422.949219	-62.273972
19466.015625	-62.332680
19509.082031	-62.125839
19552.148438	-62.134979
19595.214844	-62.410824
19638.281250	-62.246170
19681.347656	-62.185497
19724.414062	-62.036060
19767.480469	-62.264271
19810.546875	-62.352783
19853.613281	-62.335037
19896.679688	-62.446617
19939.746094	-62.266613
19982.812500	-62.347771
20025.878906	-62.408905
20068.945312	-62.491898
20112.011719	-62.697334
20155.078125	-62.658588
20198.144531	-62.900829
20241.210938	-62.672470
20284.277344	-62.753551
20327.343750	-62.720478
20370.410156	-62.502609
20413.476562	-62.467480
20456.542969	-62.699959
20499.609375	-62.814667
20542.675781	-63.001328
20585.742188	-63.121677
20628.808594	-62.770283
20671.875000	-62.527905
20714.941406	-62.799641
20758.007812	-62.850067
20801.074219	-63.037155
20844.140625	-63.093475
20887.207031	-62.915257
20930.273438	-63.004036
20973.339844	-62.943005
21016.406250	-63.041271
21059.472656	-62.950558
21102.539062	-63.008476
21145.605469	-63.228649
21188.671875	-63.354534
21231.738281	-63.278652
21274.804688	-63.229416
21317.871094	-63.458294
21360.937500	-63.363014
21404.003906	-63.322914
21447.070312	-63.421429
21490.136719	-63.425926
21533.203125	-63.422756
21576.269531	-63.538048
21619.335938	-63.482960
21662.402344	-63.674580
21705.468750	-63.896736
21748.535156	-64.026978
21791.601562	-63.885273
21834.667969	-64.315170
21877.734375	-64.593552
21920.800781	-64.881081
21963.867188	-65.273216
22006.933594	-65.430222
