Frequency (Hz)	Level (dB)
43.066406	-22.610666
86.132812	-21.294876
129.199219	-20.598734
172.265625	-19.771288
215.332031	-19.311968
258.398438	-18.999331
301.464844	-18.751766
344.531250	-18.820364
387.597656	-18.756960
430.664062	-18.915703
473.730469	-19.023882
516.796875	-19.161854
559.863281	-19.291267
602.929688	-18.988636
645.996094	-19.103813
689.062500	-19.550341
732.128906	-19.511227
775.195312	-19.939758
818.261719	-20.107178
861.328125	-20.431557
904.394531	-20.723316
947.460938	-21.050455
990.527344	-21.194265
1033.593750	-21.495533
1076.660156	-21.681337
1119.726562	-22.048279
1162.792969	-22.274324
1205.859375	-22.374308
1248.925781	-22.754072
1291.992188	-23.389608
1335.058594	-23.604616
1378.125000	-23.342064
1421.191406	-24.016594
1464.257812	-24.537725
1507.324219	-24.594652
1550.390625	-24.786932
1593.457031	-25.134737
1636.523438	-25.632221
1679.589844	-25.776224
1722.656250	-25.881620
1765.722656	-26.343609
1808.789062	-26.803244
1851.855469	-27.022863
1894.921875	-27.712641
1937.988281	-27.918797
1981.054688	-28.152180
2024.121094	-28.364452
2067.187500	-28.609623
2110.253906	-29.018127
2153.320312	-29.289415
2196.386719	-29.537359
2239.453125	-29.691946
2282.519531	-29.902882
2325.585938	-30.089790
2368.652344	-30.480467
2411.718750	-30.988279
2454.785156	-31.588629
2497.851562	-31.707600
2540.917969	-31.788715
2583.984375	-32.122555
2627.050781	-32.396400
2670.117188	-32.831169
2713.183594	-32.985561
2756.250000	-33.355587
2799.316406	-33.324276
2842.382812	-33.797409
2885.449219	-34.246609
2928.515625	-34.385994
2971.582031	-34.864086
3014.648438	-35.208157
3057.714844	-35.390614
3100.781250	-35.630348
3143.847656	-35.636482
3186.914062	-35.939178
3229.980469	-36.212345
3273.046875	-36.809254
3316.113281	-37.151501
3359.179688	-37.279137
3402.246094	-37.478291
3445.312500	-37.760902
3488.378906	-38.275768
3531.445312	-38.279758
3574.511719	-38.645267
3617.578125	-39.216022
3660.644531	-39.009212
3703.710938	-39.174580
3746.777344	-39.773933
3789.843750	-40.216419
3832.910156	-40.480869
3875.976562	-40.387070
3919.042969	-40.933727
3962.109375	-41.277332
4005.175781	-41.440624
4048.242188	-41.637966
4091.308594	-42.097385
4134.375000	-42.139412
4177.441406	-42.320454
4220.507812	-42.671471
4263.574219	-42.917767
4306.640625	-43.328800
4349.707031	-43.597485
4392.773438	-43.697525
4435.839844	-44.222248
4478.906250	-44.297348
4521.972656	-44.719372
4565.039062	-45.005161
4608.105469	-45.073849
4651.171875	-45.570709
4694.238281	-45.789787
4737.304688	-45.702503
4780.371094	-45.858845
4823.437500	-46.387035
4866.503906	-46.808239
4909.570312	-47.045525
4952.636719	-47.054386
4995.703125	-47.326561
5038.769531	-48.021431
5081.835938	-48.078945
5124.902344	-48.441357
5167.968750	-48.714687
5211.035156	-48.880814
5254.101562	-49.260670
5297.167969	-49.648235
5340.234375	-49.598064
5383.300781	-49.620186
5426.367188	-50.190960
5469.433594	-50.558598
5512.500000	-50.954609
5555.566406	-51.097946
5598.632812	-51.239826
5641.699219	-51.412281
5684.765625	-51.560295
5727.832031	-51.959297
5770.898438	-52.264484
5813.964844	-52.576485
5857.031250	-52.644691
5900.097656	-52.917732
5943.164062	-52.904812
5986.230469	-53.410103
6029.296875	-53.838203
6072.363281	-54.156055
6115.429688	-54.324429
6158.496094	-54.474731
6201.562500	-54.819588
6244.628906	-54.995415
6287.695312	-54.980774
6330.761719	-55.175598
6373.828125	-55.518185
6416.894531	-55.695301
6459.960938	-55.947212
6503.027344	-56.380413
6546.093750	-56.619186
6589.160156	-56.955666
6632.226562	-57.411533
6675.292969	-57.330048
6718.359375	-57.557400
6761.425781	-57.861996
6804.492188	-58.072544
6847.558594	-58.215813
6890.625000	-58.515202
6933.691406	-58.855709
6976.757812	-58.978237
7019.824219	-59.036545
7062.890625	-59.270016
7105.957031	-59.731888
7149.023438	-59.856754
7192.089844	-59.809261
7235.156250	-59.829750
7278.222656	-59.733112
7321.289062	-60.110470
7364.355469	-60.535213
7407.421875	-60.739521
7450.488281	-60.881222
7493.554688	-60.999477
7536.621094	-61.014908
7579.687500	-61.367893
7622.753906	-61.690136
7665.820312	-61.739944
7708.886719	-61.871563
7751.953125	-61.771236
7795.019531	-61.740532
7838.085938	-62.045982
7881.152344	-62.099514
7924.218750	-62.216797
7967.285156	-62.223396
8010.351562	-62.501991
8053.417969	-62.399975
8096.484375	-62.389572
8139.550781	-62.483509
8182.617188	-62.429264
8225.683594	-62.490997
8268.750000	-62.877556
8311.816406	-62.975437
8354.882812	-62.875603
8397.949219	-62.903370
8441.015625	-62.864357
8484.082031	-62.921665
8527.148438	-62.812786
8570.214844	-62.590797
8613.281250	-62.907814
8656.347656	-63.110134
8699.414062	-63.353210
8742.480469	-63.343937
8785.546875	-63.068123
8828.613281	-63.260925
8871.679688	-63.225945
8914.746094	-63.277611
8957.812500	-63.427536
9000.878906	-63.560562
9043.945312	-63.528725
9087.011719	-63.480274
9130.078125	-63.551785
9173.144531	-63.275917
9216.210938	-63.249786
9259.277344	-63.368446
9302.343750	-63.343277
9345.410156	-63.189846
9388.476562	-63.143978
9431.542969	-63.329533
9474.609375	-63.502674
9517.675781	-63.604679
9560.742188	-63.505745
9603.808594	-63.265800
9646.875000	-63.537643
9689.941406	-63.532707
9733.007812	-63.200077
9776.074219	-63.337494
9819.140625	-63.563934
9862.207031	-63.417828
9905.273438	-63.375275
9948.339844	-63.322163
9991.406250	-63.330193
10034.472656	-63.365383
10077.539062	-63.091099
10120.605469	-63.331272
10163.671875	-63.483219
10206.738281	-63.331619
10249.804688	-63.513542
10292.871094	-63.467266
10335.937500	-63.439491
10379.003906	-63.510456
10422.070312	-63.372162
10465.136719	-63.390282
10508.203125	-63.224903
10551.269531	-63.317348
10594.335938	-63.405754
10637.402344	-63.371216
10680.468750	-63.557880
10723.535156	-63.426624
10766.601562	-63.534702
10809.667969	-63.536930
10852.734375	-63.467239
10895.800781	-63.302608
10938.867188	-63.407078
10981.933594	-63.482742
11025.000000	-63.484695
11068.066406	-63.676983
11111.132812	-63.416477
11154.199219	-63.494797
11197.265625	-63.728073
11240.332031	-63.605652
11283.398438	-63.543339
11326.464844	-63.432152
11369.531250	-63.654644
11412.597656	-63.606945
11455.664062	-63.385139
11498.730469	-63.548595
11541.796875	-63.620525
11584.863281	-63.793610
11627.929688	-63.554775
11670.996094	-63.705467
11714.062500	-63.813839
11757.128906	-63.547680
11800.195312	-63.434307
11843.261719	-63.524784
11886.328125	-63.594685
11929.394531	-63.614281
11972.460938	-63.607063
12015.527344	-63.705246
12058.593750	-63.947109
12101.660156	-63.508564
12144.726562	-63.468849
12187.792969	-63.898605
12230.859375	-64.008392
12273.925781	-63.995056
12316.992188	-63.955585
12360.058594	-63.825031
12403.125000	-63.821800
12446.191406	-63.999763
12489.257812	-64.214134
12532.324219	-64.149521
12575.390625	-63.974586
12618.457031	-64.007607
12661.523438	-64.229805
12704.589844	-64.135139
12747.656250	-64.225739
12790.722656	-64.158012
12833.789062	-64.134476
12876.855469	-64.058487
12919.921875	-64.195198
12962.988281	-64.507866
13006.054688	-64.466682
13049.121094	-64.320061
13092.187500	-64.093880
13135.253906	-64.085190
13178.320312	-64.300545
13221.386719	-64.368713
13264.453125	-64.385635
13307.519531	-64.591835
13350.585938	-64.333572
13393.652344	-64.202354
13436.718750	-64.316956
13479.785156	-64.661400
13522.851562	-64.741562
13565.917969	-64.604286
13608.984375	-64.615639
13652.050781	-64.209053
13695.117188	-64.592102
13738.183594	-64.680672
13781.250000	-64.419136
13824.316406	-64.471191
13867.382812	-64.651390
13910.449219	-64.612991
13953.515625	-64.482452
13996.582031	-64.676514
14039.648438	-64.610878
14082.714844	-64.544785
14125.781250	-64.304474
14168.847656	-64.531418
14211.914062	-65.025375
14254.980469	-64.964432
14298.046875	-64.655144
14341.113281	-64.562698
14384.179688	-64.623978
14427.246094	-64.817139
14470.312500	-64.969193
14513.378906	-64.999001
14556.445312	-64.876961
14599.511719	-64.953026
14642.578125	-64.826363
14685.644531	-65.021896
14728.710938	-65.045479
14771.777344	-65.101868
14814.843750	-65.137367
14857.910156	-64.846207
14900.976562	-64.897545
14944.042969	-65.117088
14987.109375	-65.075211
15030.175781	-65.020905
15073.242188	-65.341599
15116.308594	-65.327827
15159.375000	-65.204964
15202.441406	-65.218971
15245.507812	-65.351006
15288.574219	-65.304420
15331.640625	-65.388718
15374.707031	-65.358574
15417.773438	-65.252457
15460.839844	-65.336563
15503.906250	-65.222816
15546.972656	-65.309219
15590.039062	-65.403793
15633.105469	-65.381294
15676.171875	-65.625603
15719.238281	-65.567131
15762.304688	-65.522087
15805.371094	-65.592941
15848.437500	-65.436058
15891.503906	-65.454887
15934.570312	-65.422783
15977.636719	-65.377480
16020.703125	-65.682571
16063.769531	-65.851021
16106.835938	-66.084419
16149.902344	-65.970955
16192.968750	-65.675270
16236.035156	-65.970078
16279.101562	-65.820587
16322.167969	-65.767166
16365.234375	-65.765266
16408.300781	-65.869278
16451.367188	-65.894722
16494.433594	-65.891899
16537.500000	-66.116966
16580.566406	-66.213730
16623.632812	-66.053505
16666.699219	-65.979660
16709.765625	-66.320198
16752.832031	-66.341026
16795.898438	-66.145203
16838.964844	-66.188065
16882.031250	-66.174774
16925.097656	-66.408356
16968.164062	-66.323761
17011.230469	-66.403488
17054.296875	-66.695564
17097.363281	-66.813133
17140.429688	-66.357079
17183.496094	-66.317696
17226.562500	-66.299301
17269.628906	-66.525688
17312.695312	-66.645065
17355.761719	-66.705391
17398.828125	-66.530296
17441.894531	-66.393539
17484.960938	-66.275429
17528.027344	-66.500351
17571.093750	-66.514755
17614.160156	-66.581497
17657.226562	-66.864555
17700.292969	-66.802582
17743.359375	-66.801872
17786.425781	-67.057205
17829.492188	-66.822395
17872.558594	-66.626862
17915.625000	-66.990372
17958.691406	-67.095764
18001.757812	-67.018433
18044.824219	-67.026138
18087.890625	-67.045334
18130.957031	-66.947403
18174.023438	-67.134491
18217.089844	-67.306267
18260.156250	-67.162682
18303.222656	-67.150642
18346.289062	-67.308861
18389.355469	-67.512657
18432.421875	-67.362389
18475.488281	-67.267151
18518.554688	-67.538689
18561.621094	-67.539383
18604.687500	-67.381393
18647.753906	-67.457642
18690.820312	-67.674957
18733.886719	-67.621895
18776.953125	-67.572784
18820.019531	-67.849243
18863.085938	-67.244278
18906.152344	-67.382538
18949.218750	-67.568161
18992.285156	-67.465668
19035.351562	-67.423256
19078.417969	-67.522293
19121.484375	-67.615189
19164.550781	-67.755333
19207.617188	-67.521446
19250.683594	-67.641350
19293.750000	-67.756264
19336.816406	-68.069435
19379.882812	-68.180840
19422.949219	-67.700874
19466.015625	-67.992630
19509.082031	-67.887527
19552.148438	-67.687492
19595.214844	-68.112724
19638.281250	-68.029655
19681.347656	-67.773354
19724.414062	-67.617035
19767.480469	-67.735397
19810.546875	-68.033455
19853.613281	-68.286331
19896.679688	-68.253098
19939.746094	-67.858902
19982.812500	-68.065796
20025.878906	-68.109192
20068.945312	-68.297852
20112.011719	-68.508705
20155.078125	-68.395073
20198.144531	-68.652046
20241.210938	-68.545021
20284.277344	-68.590683
20327.343750	-68.682022
20370.410156	-68.573471
20413.476562	-68.399063
20456.542969	-68.571167
20499.609375	-68.704453
20542.675781	-68.835442
20585.742188	-68.821274
20628.808594	-68.839455
20671.875000	-68.641739
20714.941406	-68.813507
20758.007812	-68.701988
20801.074219	-68.864281
20844.140625	-68.765236
20887.207031	-68.878273
20930.273438	-68.870628
20973.339844	-68.876350
21016.406250	-68.958801
21059.472656	-68.769150
21102.539062	-69.025719
21145.605469	-69.501534
21188.671875	-69.388565
21231.738281	-69.205597
21274.804688	-69.059990
21317.871094	-69.255318
21360.937500	-69.285721
21404.003906	-69.526176
21447.070312	-69.560097
21490.136719	-69.631950
21533.203125	-69.637581
21576.269531	-69.682838
21619.335938	-69.648811
21662.402344	-70.017311
21705.468750	-70.232742
21748.535156	-70.090050
21791.601562	-70.087143
21834.667969	-70.372551
21877.734375	-70.349937
21920.800781	-70.435623
21963.867188	-70.912697
22006.933594	-70.754234
