Frequency (Hz)	Level (dB)
43.066406	-23.771429
86.132812	-16.997559
129.199219	-14.482821
172.265625	-15.593680
215.332031	-16.545082
258.398438	-16.923611
301.464844	-16.615303
344.531250	-16.598839
387.597656	-17.221235
430.664062	-17.086979
473.730469	-16.734047
516.796875	-16.967545
559.863281	-16.788267
602.929688	-16.385042
645.996094	-16.285164
689.062500	-16.818329
732.128906	-16.680622
775.195312	-16.677677
818.261719	-16.791103
861.328125	-17.170517
904.394531	-17.190590
947.460938	-17.118452
990.527344	-16.860012
1033.593750	-16.904541
1076.660156	-16.922922
1119.726562	-16.949345
1162.792969	-17.271145
1205.859375	-16.867760
1248.925781	-16.839251
1291.992188	-16.933344
1335.058594	-17.273443
1378.125000	-16.863056
1421.191406	-17.539019
1464.257812	-17.925508
1507.324219	-17.375099
1550.390625	-17.672314
1593.457031	-17.847206
1636.523438	-18.072248
1679.589844	-17.727964
1722.656250	-17.565826
1765.722656	-17.607946
1808.789062	-17.842453
1851.855469	-18.171482
1894.921875	-18.413137
1937.988281	-18.569538
1981.054688	-18.584530
2024.121094	-18.519220
2067.187500	-18.264412
2110.253906	-18.159674
2153.320312	-18.579266
2196.386719	-18.611679
2239.453125	-18.565449
2282.519531	-18.118263
2325.585938	-17.985916
2368.652344	-18.333309
2411.718750	-18.794821
2454.785156	-18.822779
2497.851562	-18.830502
2540.917969	-18.500973
2583.984375	-18.679003
2627.050781	-18.876862
2670.117188	-19.004995
2713.183594	-18.906355
2756.250000	-18.796106
2799.316406	-18.965380
2842.382812	-19.145973
2885.449219	-18.773958
2928.515625	-18.794947
2971.582031	-19.077911
3014.648438	-19.513525
3057.714844	-19.661032
3100.781250	-18.964933
3143.847656	-18.935638
3186.914062	-19.025675
3229.980469	-18.857779
3273.046875	-19.677612
3316.113281	-19.344803
3359.179688	-19.596533
3402.246094	-19.753397
3445.312500	-19.384960
3488.378906	-19.831425
3531.445312	-20.047512
3574.511719	-19.847118
3617.578125	-19.900759
3660.644531	-20.047525
3703.710938	-19.576366
3746.777344	-19.878767
3789.843750	-20.508131
3832.910156	-19.927401
3875.976562	-19.885725
3919.042969	-20.265163
3962.109375	-20.471737
4005.175781	-19.812666
4048.242188	-20.001902
4091.308594	-19.829485
4134.375000	-19.802406
4177.441406	-20.345310
4220.507812	-20.446159
4263.574219	-20.221527
4306.640625	-20.277159
4349.707031	-20.173321
4392.773438	-19.871223
4435.839844	-20.228910
4478.906250	-20.715866
4521.972656	-20.829527
4565.039062	-20.582201
4608.105469	-20.501469
4651.171875	-20.722137
4694.238281	-20.764839
4737.304688	-21.135656
4780.371094	-20.458658
4823.437500	-19.976137
4866.503906	-20.705170
4909.570312	-20.856520
4952.636719	-20.663019
4995.703125	-20.760429
5038.769531	-21.123617
5081.835938	-20.837765
5124.902344	-21.110262
5167.968750	-20.942776
5211.035156	-20.656500
5254.101562	-20.988903
5297.167969	-21.390133
5340.234375	-20.719313
5383.300781	-21.007614
5426.367188	-21.220850
5469.433594	-21.333817
5512.500000	-22.040564
5555.566406	-21.874626
5598.632812	-21.176620
5641.699219	-21.177156
5684.765625	-21.186455
5727.832031	-21.129389
5770.898438	-21.674856
5813.964844	-21.525345
5857.031250	-21.352774
5900.097656	-21.191910
5943.164062	-21.022995
5986.230469	-21.162451
6029.296875	-21.702246
6072.363281	-21.488028
6115.429688	-21.284685
6158.496094	-21.569233
6201.562500	-21.805449
6244.628906	-21.809582
6287.695312	-21.589737
6330.761719	-21.260172
6373.828125	-21.204994
6416.894531	-21.520590
6459.960938	-21.820705
6503.027344	-21.789577
6546.093750	-21.950905
6589.160156	-21.681973
6632.226562	-22.099167
6675.292969	-22.414179
6718.359375	-22.348207
6761.425781	-22.268623
6804.492188	-22.231604
6847.558594	-21.665701
6890.625000	-21.569586
6933.691406	-21.778675
6976.757812	-21.373730
7019.824219	-21.796694
7062.890625	-22.201145
7105.957031	-22.218824
7149.023438	-22.387861
7192.089844	-22.084709
7235.156250	-22.097195
7278.222656	-22.083624
7321.289062	-22.320040
7364.355469	-22.298300
7407.421875	-22.349327
7450.488281	-22.244261
7493.554688	-22.659842
7536.621094	-22.974970
7579.687500	-22.587957
7622.753906	-22.871655
7665.820312	-22.664228
7708.886719	-22.759842
7751.953125	-22.554768
7795.019531	-22.346008
7838.085938	-22.207067
7881.152344	-22.393341
7924.218750	-22.286425
7967.285156	-22.807161
8010.351562	-23.160313
8053.417969	-23.016516
8096.484375	-22.860247
8139.550781	-22.630238
8182.617188	-22.731987
8225.683594	-22.630800
8268.750000	-22.882734
8311.816406	-22.830078
8354.882812	-22.954069
8397.949219	-23.233389
8441.015625	-23.474289
8484.082031	-23.539198
8527.148438	-23.323269
8570.214844	-22.879715
8613.281250	-22.691046
8656.347656	-22.423906
8699.414062	-22.942192
8742.480469	-23.452272
8785.546875	-22.680202
8828.613281	-22.810961
8871.679688	-23.299751
8914.746094	-23.044151
8957.812500	-23.391003
9000.878906	-23.442001
9043.945312	-22.925516
9087.011719	-22.902546
9130.078125	-23.148365
9173.144531	-23.378141
9216.210938	-23.182495
9259.277344	-23.367252
9302.343750	-23.356356
9345.410156	-23.385714
9388.476562	-23.238716
9431.542969	-23.466339
9474.609375	-23.150740
9517.675781	-23.349405
9560.742188	-23.581011
9603.808594	-23.452757
9646.875000	-24.238008
9689.941406	-23.606543
9733.007812	-23.722221
9776.074219	-23.552862
9819.140625	-23.713291
9862.207031	-23.564610
9905.273438	-23.675039
9948.339844	-23.757723
9991.406250	-23.791624
10034.472656	-23.877886
10077.539062	-23.657364
10120.605469	-23.422323
10163.671875	-23.827673
10206.738281	-24.193918
10249.804688	-24.052578
10292.871094	-23.367823
10335.937500	-23.657141
10379.003906	-23.948488
10422.070312	-23.899504
10465.136719	-23.898689
10508.203125	-23.781023
10551.269531	-24.068876
10594.335938	-23.988977
10637.402344	-23.978506
10680.468750	-24.179655
10723.535156	-24.111332
10766.601562	-23.670801
10809.667969	-23.808115
10852.734375	-23.970974
10895.800781	-24.276550
10938.867188	-24.169655
10981.933594	-24.008955
11025.000000	-24.358711
11068.066406	-24.628210
11111.132812	-24.517921
11154.199219	-24.347376
11197.265625	-24.403730
11240.332031	-24.072206
11283.398438	-23.717024
11326.464844	-23.788210
11369.531250	-24.263546
11412.597656	-24.514978
11455.664062	-24.329794
11498.730469	-24.397512
11541.796875	-24.494141
11584.863281	-24.327684
11627.929688	-24.219400
11670.996094	-24.724192
11714.062500	-24.787506
11757.128906	-24.169407
11800.195312	-24.525032
11843.261719	-24.656168
11886.328125	-24.376341
11929.394531	-24.615822
11972.460938	-24.428543
12015.527344	-24.311392
12058.593750	-24.261621
12101.660156	-23.969364
12144.726562	-24.414717
12187.792969	-24.820723
12230.859375	-24.851408
12273.925781	-24.821962
12316.992188	-25.195051
12360.058594	-24.796083
12403.125000	-24.734762
12446.191406	-24.533655
12489.257812	-25.155453
12532.324219	-24.950573
12575.390625	-24.815041
12618.457031	-24.723021
12661.523438	-24.424215
12704.589844	-24.152321
12747.656250	-24.454212
12790.722656	-25.113810
12833.789062	-25.211716
12876.855469	-25.032621
12919.921875	-24.675840
12962.988281	-24.904324
13006.054688	-25.518961
13049.121094	-24.970030
13092.187500	-25.006905
13135.253906	-25.076218
13178.320312	-25.046347
13221.386719	-24.937757
13264.453125	-25.655081
13307.519531	-25.518183
13350.585938	-25.195177
13393.652344	-25.362963
13436.718750	-25.765602
13479.785156	-25.923395
13522.851562	-25.256454
13565.917969	-24.960732
13608.984375	-25.524033
13652.050781	-25.807074
13695.117188	-25.649399
13738.183594	-25.601835
13781.250000	-25.331684
13824.316406	-24.866533
13867.382812	-25.021841
13910.449219	-25.494081
13953.515625	-25.686844
13996.582031	-25.586393
14039.648438	-25.382236
14082.714844	-25.226608
14125.781250	-25.820257
14168.847656	-25.857603
14211.914062	-25.804577
14254.980469	-25.667738
14298.046875	-25.189711
14341.113281	-25.297689
14384.179688	-25.595022
14427.246094	-25.348467
14470.312500	-25.521303
14513.378906	-26.067516
14556.445312	-25.739967
14599.511719	-26.145887
14642.578125	-26.227882
14685.644531	-26.337492
14728.710938	-25.953814
14771.777344	-25.559032
14814.843750	-25.698540
14857.910156	-25.569489
14900.976562	-25.595503
14944.042969	-25.898232
14987.109375	-25.588903
15030.175781	-25.976595
15073.242188	-26.166307
15116.308594	-25.941835
15159.375000	-26.136356
15202.441406	-26.044464
15245.507812	-25.880880
15288.574219	-26.244989
15331.640625	-26.201960
15374.707031	-26.507463
15417.773438	-26.412693
15460.839844	-26.185921
15503.906250	-25.966160
15546.972656	-26.028755
15590.039062	-26.239286
15633.105469	-26.696468
15676.171875	-26.406708
15719.238281	-26.380419
15762.304688	-26.656336
15805.371094	-26.698887
15848.437500	-26.294651
15891.503906	-26.583475
15934.570312	-26.303221
15977.636719	-26.104219
16020.703125	-26.441401
16063.769531	-26.910521
16106.835938	-26.756012
16149.902344	-26.639610
16192.968750	-26.165453
16236.035156	-26.437166
16279.101562	-26.300003
16322.167969	-26.630531
16365.234375	-26.842924
16408.300781	-26.450085
16451.367188	-26.365076
16494.433594	-26.288149
16537.500000	-26.727028
16580.566406	-27.093609
16623.632812	-26.817440
16666.699219	-26.511442
16709.765625	-26.600519
16752.832031	-26.663130
16795.898438	-26.757359
16838.964844	-26.828285
16882.031250	-26.946922
16925.097656	-27.131878
16968.164062	-26.902128
17011.230469	-26.745825
17054.296875	-26.599947
17097.363281	-27.314478
17140.429688	-27.439438
17183.496094	-27.110903
17226.562500	-27.215347
17269.628906	-27.060793
17312.695312	-27.209618
17355.761719	-26.795898
17398.828125	-26.669844
17441.894531	-26.880510
17484.960938	-26.858524
17528.027344	-26.864607
17571.093750	-27.552261
17614.160156	-27.240095
17657.226562	-27.294327
17700.292969	-27.258766
17743.359375	-27.343126
17786.425781	-27.223875
17829.492188	-26.945559
17872.558594	-27.181364
17915.625000	-27.753914
17958.691406	-27.747349
18001.757812	-27.930199
18044.824219	-27.022253
18087.890625	-26.566256
18130.957031	-26.850574
18174.023438	-26.899160
18217.089844	-27.573820
18260.156250	-27.741304
18303.222656	-27.700779
18346.289062	-27.572645
18389.355469	-27.504507
18432.421875	-27.127533
18475.488281	-27.123854
18518.554688	-27.917065
18561.621094	-28.026155
18604.687500	-27.701567
18647.753906	-27.788805
18690.820312	-28.197523
18733.886719	-28.434820
18776.953125	-27.587465
18820.019531	-27.771828
18863.085938	-27.244064
18906.152344	-27.353920
18949.218750	-27.531731
18992.285156	-27.602863
19035.351562	-27.403988
19078.417969	-27.643631
19121.484375	-27.506054
19164.550781	-27.648178
19207.617188	-27.331139
19250.683594	-27.621933
19293.750000	-27.847198
19336.816406	-27.894659
19379.882812	-28.126110
19422.949219	-27.703545
19466.015625	-27.599913
19509.082031	-27.809523
19552.148438	-27.680618
19595.214844	-27.964182
19638.281250	-28.522877
19681.347656	-28.132458
19724.414062	-27.883667
19767.480469	-27.877998
19810.546875	-28.189711
19853.613281	-28.371058
19896.679688	-28.031221
19939.746094	-27.473042
19982.812500	-27.357790
20025.878906	-27.553858
20068.945312	-28.233570
20112.011719	-27.681332
20155.078125	-28.271885
20198.144531	-28.657331
20241.210938	-28.381453
20284.277344	-28.128294
20327.343750	-28.155191
20370.410156	-27.748863
20413.476562	-27.740440
20456.542969	-28.196943
20499.609375	-28.763945
20542.675781	-28.670218
20585.742188	-28.637764
20628.808594	-28.524225
20671.875000	-28.757774
20714.941406	-28.619904
20758.007812	-28.667368
20801.074219	-28.372549
20844.140625	-28.788874
20887.207031	-28.943810
20930.273438	-28.534155
20973.339844	-28.578617
21016.406250	-28.941317
21059.472656	-29.289776
21102.539062	-29.064692
21145.605469	-29.351353
21188.671875	-28.874243
21231.738281	-29.238651
21274.804688	-29.469257
21317.871094	-29.325216
21360.937500	-29.072180
21404.003906	-29.323790
21447.070312	-29.322529
21490.136719	-29.472473
21533.203125	-29.829746
21576.269531	-29.766008
21619.335938	-29.793493
21662.402344	-29.911743
21705.468750	-29.955408
21748.535156	-30.652365
21791.601562	-30.944860
21834.667969	-32.011707
21877.734375	-32.973518
21920.800781	-34.000542
21963.867188	-36.037750
22006.933594	-38.619884
