Frequency (Hz)	Level (dB)
43.066406	-17.475317
86.132812	-11.641773
129.199219	-9.069470
172.265625	-10.052374
215.332031	-10.974484
258.398438	-11.226603
301.464844	-11.502884
344.531250	-11.813802
387.597656	-12.246957
430.664062	-12.452668
473.730469	-12.849269
516.796875	-12.788075
559.863281	-13.273912
602.929688	-12.883721
645.996094	-13.305523
689.062500	-14.003015
732.128906	-14.106864
775.195312	-14.493057
818.261719	-15.022909
861.328125	-15.373756
904.394531	-15.582844
947.460938	-15.651595
990.527344	-15.687637
1033.593750	-15.586292
1076.660156	-16.111504
1119.726562	-16.357258
1162.792969	-16.192604
1205.859375	-16.738726
1248.925781	-17.504784
1291.992188	-16.887358
1335.058594	-17.113281
1378.125000	-17.378374
1421.191406	-17.619373
1464.257812	-17.890188
1507.324219	-17.603052
1550.390625	-18.035803
1593.457031	-18.816433
1636.523438	-18.750198
1679.589844	-18.284458
1722.656250	-18.530708
1765.722656	-18.687973
1808.789062	-19.138674
1851.855469	-19.010021
1894.921875	-19.201038
1937.988281	-19.758404
1981.054688	-20.191809
2024.121094	-19.594286
2067.187500	-19.475649
2110.253906	-19.491575
2153.320312	-19.943110
2196.386719	-19.957302
2239.453125	-20.081766
2282.519531	-19.900007
2325.585938	-19.503933
2368.652344	-19.958281
2411.718750	-20.495758
2454.785156	-20.702784
2497.851562	-20.393129
2540.917969	-20.291693
2583.984375	-20.536055
2627.050781	-21.063877
2670.117188	-20.962429
2713.183594	-20.753908
2756.250000	-20.918159
2799.316406	-20.820625
2842.382812	-21.118959
2885.449219	-20.880598
2928.515625	-21.003326
2971.582031	-21.442923
3014.648438	-21.380651
3057.714844	-21.457085
3100.781250	-21.236698
3143.847656	-20.903624
3186.914062	-21.585197
3229.980469	-21.895056
3273.046875	-21.941502
3316.113281	-21.466022
3359.179688	-21.633247
3402.246094	-21.870655
3445.312500	-21.838634
3488.378906	-22.219421
3531.445312	-22.181978
3574.511719	-21.801741
3617.578125	-21.957338
3660.644531	-21.789574
3703.710938	-21.444885
3746.777344	-22.181017
3789.843750	-22.252167
3832.910156	-22.305082
3875.976562	-22.495888
3919.042969	-22.853914
3962.109375	-22.986731
4005.175781	-22.724222
4048.242188	-22.604248
4091.308594	-23.065584
4134.375000	-22.770226
4177.441406	-22.834772
4220.507812	-22.920120
4263.574219	-22.834148
4306.640625	-22.642601
4349.707031	-22.639965
4392.773438	-22.341101
4435.839844	-22.847609
4478.906250	-22.747696
4521.972656	-22.652220
4565.039062	-22.855038
4608.105469	-22.978935
4651.171875	-23.631935
4694.238281	-23.126009
4737.304688	-22.883957
4780.371094	-22.728832
4823.437500	-22.931414
4866.503906	-23.328756
4909.570312	-23.684483
4952.636719	-23.540440
4995.703125	-23.234642
5038.769531	-23.391790
5081.835938	-23.289251
5124.902344	-23.440577
5167.968750	-23.382420
5211.035156	-23.089798
5254.101562	-23.618351
5297.167969	-23.637247
5340.234375	-23.232729
5383.300781	-23.527876
5426.367188	-23.856964
5469.433594	-23.851402
5512.500000	-24.406145
5555.566406	-24.129669
5598.632812	-23.850822
5641.699219	-23.701042
5684.765625	-23.604443
5727.832031	-23.930592
5770.898438	-24.577705
5813.964844	-24.533466
5857.031250	-23.944687
5900.097656	-24.191500
5943.164062	-24.128197
5986.230469	-24.322638
6029.296875	-24.339846
6072.363281	-24.941927
6115.429688	-24.621380
6158.496094	-24.147678
6201.562500	-24.653627
6244.628906	-24.555752
6287.695312	-24.540291
6330.761719	-24.523891
6373.828125	-23.723032
6416.894531	-23.915083
6459.960938	-23.783878
6503.027344	-24.006983
6546.093750	-24.680704
6589.160156	-24.886909
6632.226562	-25.143764
6675.292969	-24.996832
6718.359375	-24.944208
6761.425781	-24.941929
6804.492188	-24.853436
6847.558594	-24.684635
6890.625000	-24.808706
6933.691406	-24.444277
6976.757812	-24.581629
7019.824219	-24.910486
7062.890625	-24.508142
7105.957031	-24.843100
7149.023438	-25.079498
7192.089844	-25.127323
7235.156250	-24.912561
7278.222656	-24.486395
7321.289062	-24.775383
7364.355469	-25.450228
7407.421875	-25.537987
7450.488281	-25.280632
7493.554688	-25.597157
7536.621094	-25.797276
7579.687500	-25.774300
7622.753906	-25.788292
7665.820312	-25.702168
7708.886719	-25.674196
7751.953125	-25.463427
7795.019531	-25.329409
7838.085938	-25.562744
7881.152344	-25.579681
7924.218750	-25.290157
7967.285156	-25.293776
8010.351562	-25.758270
8053.417969	-25.861048
8096.484375	-26.009846
8139.550781	-25.330219
8182.617188	-25.126951
8225.683594	-25.328190
8268.750000	-25.523483
8311.816406	-25.584991
8354.882812	-25.672060
8397.949219	-25.887592
8441.015625	-25.908655
8484.082031	-26.328659
8527.148438	-26.319031
8570.214844	-25.779007
8613.281250	-25.719461
8656.347656	-26.048542
8699.414062	-25.983265
8742.480469	-26.237787
8785.546875	-25.439604
8828.613281	-25.619600
8871.679688	-26.089062
8914.746094	-26.408808
8957.812500	-25.994513
9000.878906	-26.492407
9043.945312	-26.381498
9087.011719	-26.201674
9130.078125	-26.354149
9173.144531	-25.642605
9216.210938	-26.289816
9259.277344	-26.044497
9302.343750	-25.879740
9345.410156	-26.585041
9388.476562	-26.719666
9431.542969	-26.165224
9474.609375	-25.949495
9517.675781	-25.865940
9560.742188	-26.040588
9603.808594	-26.673792
9646.875000	-27.383511
9689.941406	-26.722759
9733.007812	-26.197676
9776.074219	-26.456926
9819.140625	-26.522318
9862.207031	-26.226225
9905.273438	-26.448561
9948.339844	-26.596022
9991.406250	-26.620958
10034.472656	-26.583454
10077.539062	-26.397144
10120.605469	-26.411037
10163.671875	-26.653780
10206.738281	-26.810705
10249.804688	-26.718063
10292.871094	-26.440321
10335.937500	-27.017456
10379.003906	-27.166033
10422.070312	-26.709009
10465.136719	-27.102459
10508.203125	-27.121042
10551.269531	-27.257477
10594.335938	-26.890633
10637.402344	-26.826361
10680.468750	-27.143070
10723.535156	-27.007048
10766.601562	-27.057627
10809.667969	-26.804003
10852.734375	-26.929001
10895.800781	-27.115828
10938.867188	-27.122421
10981.933594	-27.183634
11025.000000	-27.121601
11068.066406	-27.227978
11111.132812	-27.324057
11154.199219	-27.434246
11197.265625	-27.217117
11240.332031	-27.512714
11283.398438	-27.288933
11326.464844	-27.210491
11369.531250	-27.684353
11412.597656	-27.632919
11455.664062	-27.454218
11498.730469	-27.540482
11541.796875	-27.481031
11584.863281	-27.122660
11627.929688	-27.670473
11670.996094	-28.178400
11714.062500	-27.363876
11757.128906	-27.290318
11800.195312	-27.424715
11843.261719	-27.605448
11886.328125	-27.352709
11929.394531	-27.701738
11972.460938	-28.143435
12015.527344	-27.977680
12058.593750	-27.903950
12101.660156	-27.370098
12144.726562	-27.724813
12187.792969	-27.785574
12230.859375	-27.715250
12273.925781	-28.020832
12316.992188	-27.875505
12360.058594	-27.816311
12403.125000	-28.040237
12446.191406	-28.025705
12489.257812	-28.140181
12532.324219	-28.321487
12575.390625	-28.126684
12618.457031	-28.063007
12661.523438	-28.336617
12704.589844	-27.882267
12747.656250	-27.847843
12790.722656	-28.278318
12833.789062	-28.583513
12876.855469	-28.348005
12919.921875	-28.226696
12962.988281	-28.351334
13006.054688	-28.787155
13049.121094	-28.702274
13092.187500	-28.490822
13135.253906	-28.330240
13178.320312	-28.384327
13221.386719	-28.465282
13264.453125	-28.750975
13307.519531	-28.907749
13350.585938	-28.698950
13393.652344	-28.489853
13436.718750	-28.749197
13479.785156	-28.733618
13522.851562	-28.565643
13565.917969	-28.537140
13608.984375	-28.904072
13652.050781	-29.061146
13695.117188	-29.238369
13738.183594	-29.206772
13781.250000	-29.042562
13824.316406	-28.993599
13867.382812	-29.287811
13910.449219	-28.942949
13953.515625	-28.805748
13996.582031	-28.765909
14039.648438	-28.946028
14082.714844	-29.187634
14125.781250	-29.093683
14168.847656	-29.249453
14211.914062	-29.307205
14254.980469	-29.248165
14298.046875	-28.657701
14341.113281	-28.793098
14384.179688	-29.195230
14427.246094	-29.242104
14470.312500	-29.163397
14513.378906	-29.022263
14556.445312	-28.841829
14599.511719	-28.947660
14642.578125	-29.336443
14685.644531	-29.651930
14728.710938	-29.673222
14771.777344	-29.579067
14814.843750	-29.108727
14857.910156	-29.492613
14900.976562	-29.465096
14944.042969	-28.965805
14987.109375	-29.252762
15030.175781	-29.913626
15073.242188	-30.208059
15116.308594	-29.461046
15159.375000	-29.531309
15202.441406	-29.718721
15245.507812	-29.332428
15288.574219	-29.885180
15331.640625	-29.812628
15374.707031	-29.706161
15417.773438	-29.770952
15460.839844	-29.758301
15503.906250	-29.578180
15546.972656	-29.804245
15590.039062	-29.814606
15633.105469	-29.887070
15676.171875	-29.920702
15719.238281	-29.973532
15762.304688	-30.494413
15805.371094	-30.271671
15848.437500	-30.230654
15891.503906	-29.817127
15934.570312	-30.096880
15977.636719	-30.318802
16020.703125	-30.533855
16063.769531	-30.296940
16106.835938	-29.698584
16149.902344	-30.141113
16192.968750	-30.100832
16236.035156	-30.116209
16279.101562	-30.044907
16322.167969	-30.362150
16365.234375	-29.918383
16408.300781	-29.477127
16451.367188	-30.158323
16494.433594	-30.200308
16537.500000	-30.728872
16580.566406	-30.314285
16623.632812	-30.043121
16666.699219	-30.308794
16709.765625	-30.418299
16752.832031	-30.374630
16795.898438	-30.099909
16838.964844	-29.935448
16882.031250	-29.770473
16925.097656	-30.500620
16968.164062	-30.812170
17011.230469	-30.520704
17054.296875	-30.441654
17097.363281	-30.668043
17140.429688	-30.791569
17183.496094	-30.481310
17226.562500	-30.560530
17269.628906	-31.047636
17312.695312	-30.801388
17355.761719	-30.523966
17398.828125	-30.305290
17441.894531	-30.371269
17484.960938	-31.026918
17528.027344	-30.589613
17571.093750	-30.678320
17614.160156	-30.638889
17657.226562	-30.836775
17700.292969	-30.958111
17743.359375	-31.352474
17786.425781	-31.569363
17829.492188	-30.651482
17872.558594	-30.768461
17915.625000	-31.117096
17958.691406	-31.203014
18001.757812	-31.128441
18044.824219	-31.062727
18087.890625	-30.882423
18130.957031	-30.843109
18174.023438	-31.114357
18217.089844	-30.682022
18260.156250	-31.224751
18303.222656	-31.751982
18346.289062	-31.785643
18389.355469	-31.457720
18432.421875	-31.496826
18475.488281	-31.576683
18518.554688	-32.086403
18561.621094	-31.911062
18604.687500	-31.532192
18647.753906	-31.497963
18690.820312	-31.812990
18733.886719	-31.916941
18776.953125	-31.758265
18820.019531	-31.910082
18863.085938	-31.196409
18906.152344	-31.195286
18949.218750	-31.684683
18992.285156	-31.658606
19035.351562	-31.669235
19078.417969	-31.788158
19121.484375	-31.721329
19164.550781	-31.614729
19207.617188	-31.816092
19250.683594	-31.605757
19293.750000	-31.383726
19336.816406	-31.840557
19379.882812	-32.383099
19422.949219	-32.207714
19466.015625	-31.973202
19509.082031	-32.239609
19552.148438	-32.083015
19595.214844	-32.568260
19638.281250	-32.559616
19681.347656	-32.423283
19724.414062	-32.075912
19767.480469	-32.360428
19810.546875	-32.346405
19853.613281	-31.759911
19896.679688	-31.803707
19939.746094	-31.733051
19982.812500	-31.845131
20025.878906	-31.880651
20068.945312	-32.285591
20112.011719	-32.442646
20155.078125	-31.884689
20198.144531	-32.473019
20241.210938	-32.624119
20284.277344	-32.380821
20327.343750	-32.498531
20370.410156	-32.144985
20413.476562	-32.099701
20456.542969	-32.192959
20499.609375	-32.115623
20542.675781	-32.472183
20585.742188	-32.804794
20628.808594	-33.014557
20671.875000	-32.842335
20714.941406	-32.278015
20758.007812	-32.565536
20801.074219	-32.234726
20844.140625	-32.623146
20887.207031	-32.913261
20930.273438	-32.561180
20973.339844	-32.761677
21016.406250	-33.403614
21059.472656	-32.962433
21102.539062	-32.883968
21145.605469	-33.419743
21188.671875	-32.994732
21231.738281	-32.333534
21274.804688	-33.002785
21317.871094	-33.242260
21360.937500	-32.826519
21404.003906	-32.672413
21447.070312	-33.057743
21490.136719	-33.481991
21533.203125	-33.159267
21576.269531	-33.358971
21619.335938	-33.217419
21662.402344	-33.630589
21705.468750	-33.461296
21748.535156	-33.313564
21791.601562	-33.321297
21834.667969	-33.501770
21877.734375	-33.646248
21920.800781	-34.163696
21963.867188	-34.186424
22006.933594	-34.212151
