Frequency (Hz)	Level (dB)
43.066406	-25.258368
86.132812	-24.645935
129.199219	-24.099289
172.265625	-23.593819
215.332031	-22.768366
258.398438	-22.188555
301.464844	-21.612799
344.531250	-21.202950
387.597656	-21.347738
430.664062	-21.121820
473.730469	-20.776966
516.796875	-20.896257
559.863281	-20.670588
602.929688	-20.102488
645.996094	-20.052727
689.062500	-20.423119
732.128906	-20.043615
775.195312	-20.279728
818.261719	-20.127541
861.328125	-20.206280
904.394531	-20.655237
947.460938	-20.565182
990.527344	-20.322041
1033.593750	-20.154922
1076.660156	-20.127331
1119.726562	-20.484734
1162.792969	-20.621357
1205.859375	-20.281710
1248.925781	-20.426836
1291.992188	-20.590004
1335.058594	-20.863232
1378.125000	-20.675497
1421.191406	-21.125526
1464.257812	-21.518642
1507.324219	-21.358019
1550.390625	-21.258190
1593.457031	-21.144722
1636.523438	-21.535318
1679.589844	-21.518166
1722.656250	-21.833588
1765.722656	-21.937704
1808.789062	-21.784372
1851.855469	-22.104673
1894.921875	-22.265965
1937.988281	-22.524069
1981.054688	-22.781370
2024.121094	-22.847748
2067.187500	-22.796326
2110.253906	-23.188728
2153.320312	-22.896215
2196.386719	-23.003645
2239.453125	-23.060743
2282.519531	-22.858492
2325.585938	-23.119108
2368.652344	-23.347078
2411.718750	-23.662596
2454.785156	-23.478651
2497.851562	-23.703367
2540.917969	-24.219231
2583.984375	-24.148104
2627.050781	-24.157928
2670.117188	-24.352701
2713.183594	-24.459517
2756.250000	-24.640110
2799.316406	-24.721464
2842.382812	-24.782076
2885.449219	-24.588972
2928.515625	-24.859179
2971.582031	-25.115993
3014.648438	-25.473286
3057.714844	-25.682709
3100.781250	-25.362715
3143.847656	-25.491455
3186.914062	-25.406698
3229.980469	-25.413000
3273.046875	-25.764353
3316.113281	-25.772560
3359.179688	-25.960995
3402.246094	-26.320471
3445.312500	-26.294998
3488.378906	-26.598978
3531.445312	-26.975115
3574.511719	-27.004793
3617.578125	-27.012371
3660.644531	-26.876858
3703.710938	-26.825697
3746.777344	-27.142113
3789.843750	-27.608639
3832.910156	-27.122168
3875.976562	-27.106642
3919.042969	-27.345413
3962.109375	-27.394735
4005.175781	-27.266870
4048.242188	-27.522659
4091.308594	-27.391819
4134.375000	-27.540289
4177.441406	-27.929001
4220.507812	-27.959002
4263.574219	-27.899931
4306.640625	-28.245123
4349.707031	-28.251274
4392.773438	-28.496292
4435.839844	-28.842825
4478.906250	-28.895042
4521.972656	-28.644646
4565.039062	-28.718725
4608.105469	-28.624153
4651.171875	-28.865576
4694.238281	-29.117571
4737.304688	-29.325039
4780.371094	-28.996798
4823.437500	-28.952692
4866.503906	-29.500832
4909.570312	-29.702520
4952.636719	-29.327225
4995.703125	-29.624981
5038.769531	-29.782635
5081.835938	-29.891821
5124.902344	-30.165815
5167.968750	-30.167700
5211.035156	-30.190086
5254.101562	-29.868221
5297.167969	-30.166254
5340.234375	-30.011484
5383.300781	-30.314552
5426.367188	-30.806536
5469.433594	-30.677204
5512.500000	-30.863062
5555.566406	-30.892597
5598.632812	-30.742645
5641.699219	-30.782093
5684.765625	-31.033161
5727.832031	-31.435921
5770.898438	-31.659445
5813.964844	-31.463821
5857.031250	-31.535381
5900.097656	-31.367277
5943.164062	-31.225466
5986.230469	-31.268476
6029.296875	-31.498537
6072.363281	-31.620905
6115.429688	-31.381866
6158.496094	-31.515757
6201.562500	-31.851458
6244.628906	-31.818251
6287.695312	-31.970276
6330.761719	-31.873470
6373.828125	-31.989723
6416.894531	-31.883608
6459.960938	-32.005592
6503.027344	-32.280087
6546.093750	-32.301247
6589.160156	-32.258976
6632.226562	-32.730865
6675.292969	-32.896896
6718.359375	-33.015690
6761.425781	-33.046642
6804.492188	-33.014931
6847.558594	-32.508087
6890.625000	-32.582329
6933.691406	-32.816837
6976.757812	-32.834339
7019.824219	-33.068394
7062.890625	-33.234188
7105.957031	-33.336597
7149.023438	-33.594246
7192.089844	-33.527161
7235.156250	-33.270187
7278.222656	-33.334694
7321.289062	-33.852184
7364.355469	-33.854565
7407.421875	-33.700115
7450.488281	-33.622795
7493.554688	-34.242924
7536.621094	-34.267151
7579.687500	-33.717075
7622.753906	-34.007786
7665.820312	-34.271210
7708.886719	-34.527016
7751.953125	-34.433155
7795.019531	-34.357517
7838.085938	-34.396885
7881.152344	-34.147263
7924.218750	-34.312180
7967.285156	-34.713512
8010.351562	-34.859505
8053.417969	-35.152584
8096.484375	-35.012367
8139.550781	-34.584736
8182.617188	-34.401329
8225.683594	-34.276924
8268.750000	-34.769005
8311.816406	-34.974064
8354.882812	-35.457901
8397.949219	-35.530540
8441.015625	-35.414146
8484.082031	-35.613361
8527.148438	-35.612370
8570.214844	-35.513775
8613.281250	-35.322361
8656.347656	-35.296803
8699.414062	-35.646244
8742.480469	-35.781738
8785.546875	-35.574757
8828.613281	-35.523579
8871.679688	-35.799320
8914.746094	-36.028873
8957.812500	-36.123989
9000.878906	-36.257847
9043.945312	-35.999863
9087.011719	-36.083057
9130.078125	-36.256847
9173.144531	-36.369713
9216.210938	-35.914921
9259.277344	-36.114929
9302.343750	-36.541431
9345.410156	-36.855343
9388.476562	-36.600208
9431.542969	-36.805561
9474.609375	-36.782516
9517.675781	-36.995445
9560.742188	-37.008759
9603.808594	-36.667030
9646.875000	-36.988232
9689.941406	-36.762264
9733.007812	-36.775425
9776.074219	-36.850899
9819.140625	-37.381817
9862.207031	-37.230808
9905.273438	-37.555809
9948.339844	-37.511768
9991.406250	-37.414959
10034.472656	-37.605465
10077.539062	-37.237030
10120.605469	-37.107037
10163.671875	-37.378597
10206.738281	-37.574776
10249.804688	-37.888023
10292.871094	-37.299290
10335.937500	-37.664536
10379.003906	-37.637161
10422.070312	-37.595947
10465.136719	-37.757931
10508.203125	-37.613579
10551.269531	-37.748161
10594.335938	-37.751682
10637.402344	-37.886150
10680.468750	-38.327900
10723.535156	-38.278343
10766.601562	-37.877670
10809.667969	-37.991035
10852.734375	-37.940834
10895.800781	-38.382668
10938.867188	-38.250637
10981.933594	-38.184967
11025.000000	-38.311619
11068.066406	-38.321697
11111.132812	-38.579178
11154.199219	-38.766018
11197.265625	-38.845631
11240.332031	-38.683582
11283.398438	-38.371799
11326.464844	-38.294785
11369.531250	-38.501614
11412.597656	-38.955467
11455.664062	-38.775040
11498.730469	-38.910530
11541.796875	-39.094658
11584.863281	-39.204422
11627.929688	-39.138710
11670.996094	-39.157780
11714.062500	-39.188816
11757.128906	-39.005219
11800.195312	-39.155022
11843.261719	-39.112495
11886.328125	-38.729137
11929.394531	-39.053970
11972.460938	-39.562786
12015.527344	-39.694138
12058.593750	-39.447014
12101.660156	-39.002731
12144.726562	-39.531189
12187.792969	-39.695911
12230.859375	-39.906200
12273.925781	-39.982693
12316.992188	-40.155693
12360.058594	-39.958702
12403.125000	-39.641186
12446.191406	-39.553745
12489.257812	-40.089794
12532.324219	-39.892670
12575.390625	-40.285061
12618.457031	-39.985626
12661.523438	-39.823269
12704.589844	-39.630730
12747.656250	-39.792473
12790.722656	-40.619366
12833.789062	-40.833900
12876.855469	-40.319237
12919.921875	-40.114765
12962.988281	-40.295803
13006.054688	-40.491371
13049.121094	-40.422997
13092.187500	-40.393681
13135.253906	-40.508930
13178.320312	-40.763203
13221.386719	-40.800068
13264.453125	-40.711781
13307.519531	-40.432339
13350.585938	-40.260548
13393.652344	-40.663532
13436.718750	-40.946682
13479.785156	-41.138176
13522.851562	-40.833752
13565.917969	-41.042614
13608.984375	-41.262188
13652.050781	-41.002068
13695.117188	-41.189571
13738.183594	-41.213745
13781.250000	-41.363697
13824.316406	-40.870583
13867.382812	-41.010479
13910.449219	-41.506615
13953.515625	-41.702000
13996.582031	-41.662861
14039.648438	-41.539608
14082.714844	-41.515137
14125.781250	-41.548859
14168.847656	-41.733589
14211.914062	-41.796848
14254.980469	-41.756321
14298.046875	-41.396065
14341.113281	-41.337830
14384.179688	-41.377357
14427.246094	-41.395855
14470.312500	-41.845036
14513.378906	-42.275616
14556.445312	-42.192913
14599.511719	-42.341206
14642.578125	-41.861816
14685.644531	-42.177326
14728.710938	-42.414074
14771.777344	-41.979084
14814.843750	-42.124077
14857.910156	-42.033829
14900.976562	-41.702236
14944.042969	-42.396240
14987.109375	-42.014938
15030.175781	-42.258846
15073.242188	-42.526424
15116.308594	-42.629696
15159.375000	-42.579971
15202.441406	-42.531445
15245.507812	-42.585022
15288.574219	-42.638344
15331.640625	-42.494816
15374.707031	-42.580700
15417.773438	-42.780617
15460.839844	-42.713146
15503.906250	-42.778614
15546.972656	-42.795368
15590.039062	-42.851414
15633.105469	-43.139767
15676.171875	-42.722622
15719.238281	-42.751888
15762.304688	-43.108505
15805.371094	-43.474365
15848.437500	-42.851513
15891.503906	-42.621597
15934.570312	-43.005386
15977.636719	-42.965405
16020.703125	-43.138863
16063.769531	-43.226868
16106.835938	-43.144535
16149.902344	-43.117085
16192.968750	-43.123772
16236.035156	-43.369629
16279.101562	-43.172729
16322.167969	-43.413677
16365.234375	-43.746872
16408.300781	-43.235695
16451.367188	-43.089703
16494.433594	-43.292488
16537.500000	-43.760639
16580.566406	-43.855366
16623.632812	-43.755089
16666.699219	-43.732540
16709.765625	-43.366867
16752.832031	-43.462749
16795.898438	-43.670624
16838.964844	-43.536137
16882.031250	-43.676155
16925.097656	-43.974354
16968.164062	-43.951092
17011.230469	-43.774914
17054.296875	-44.058540
17097.363281	-44.585842
17140.429688	-44.304703
17183.496094	-44.324558
17226.562500	-44.709053
17269.628906	-44.494972
17312.695312	-44.625858
17355.761719	-44.490765
17398.828125	-44.582523
17441.894531	-43.967445
17484.960938	-43.883873
17528.027344	-44.205936
17571.093750	-44.775505
17614.160156	-44.603451
17657.226562	-44.713642
17700.292969	-44.776524
17743.359375	-44.546810
17786.425781	-44.724121
17829.492188	-44.883919
17872.558594	-44.811996
17915.625000	-44.894501
17958.691406	-44.986969
18001.757812	-45.387608
18044.824219	-45.086246
18087.890625	-44.835033
18130.957031	-45.229443
18174.023438	-45.125160
18217.089844	-45.469532
18260.156250	-45.686493
18303.222656	-45.310764
18346.289062	-45.121143
18389.355469	-45.806595
18432.421875	-45.525730
18475.488281	-45.438152
18518.554688	-45.542496
18561.621094	-45.481789
18604.687500	-45.468422
18647.753906	-45.423347
18690.820312	-45.764866
18733.886719	-45.799503
18776.953125	-45.501507
18820.019531	-45.669041
18863.085938	-45.373718
18906.152344	-45.295334
18949.218750	-45.629707
18992.285156	-45.859146
19035.351562	-45.576805
19078.417969	-45.558517
19121.484375	-45.555553
19164.550781	-45.733944
19207.617188	-45.661652
19250.683594	-45.693604
19293.750000	-46.229637
19336.816406	-46.539513
19379.882812	-46.154293
19422.949219	-45.888973
19466.015625	-46.211098
19509.082031	-46.156059
19552.148438	-45.856041
19595.214844	-46.085857
19638.281250	-46.154957
19681.347656	-46.154881
19724.414062	-45.977783
19767.480469	-45.926872
19810.546875	-46.634350
19853.613281	-46.734917
19896.679688	-46.592873
19939.746094	-46.413727
19982.812500	-46.237755
20025.878906	-45.986835
20068.945312	-46.106907
20112.011719	-46.077038
20155.078125	-46.387402
20198.144531	-46.889320
20241.210938	-46.691879
20284.277344	-46.812141
20327.343750	-46.789051
20370.410156	-46.513798
20413.476562	-46.370274
20456.542969	-46.287701
20499.609375	-46.821484
20542.675781	-46.798450
20585.742188	-46.941280
20628.808594	-47.123173
20671.875000	-46.953793
20714.941406	-47.136681
20758.007812	-47.122059
20801.074219	-47.104710
20844.140625	-47.355423
20887.207031	-47.585094
20930.273438	-46.961498
20973.339844	-46.815464
21016.406250	-47.120045
21059.472656	-47.375580
21102.539062	-47.583515
21145.605469	-47.634823
21188.671875	-47.573658
21231.738281	-47.404602
21274.804688	-47.622719
21317.871094	-47.820206
21360.937500	-47.692551
21404.003906	-48.011272
21447.070312	-47.979980
21490.136719	-47.890102
21533.203125	-48.220627
21576.269531	-48.391640
21619.335938	-48.214539
21662.402344	-48.485291
21705.468750	-48.484921
21748.535156	-48.865765
21791.601562	-48.784618
21834.667969	-49.355320
21877.734375	-49.330021
21920.800781	-49.487370
21963.867188	-50.476219
22006.933594	-51.042435
