Frequency (Hz)	Level (dB)
43.066406	-25.287962
86.132812	-24.901712
129.199219	-24.376371
172.265625	-23.339802
215.332031	-22.716143
258.398438	-22.345087
301.464844	-22.279942
344.531250	-22.534361
387.597656	-22.411861
430.664062	-22.556833
473.730469	-22.620882
516.796875	-22.511673
559.863281	-22.811867
602.929688	-22.585518
645.996094	-22.707510
689.062500	-23.286409
732.128906	-23.331848
775.195312	-23.802959
818.261719	-23.469851
861.328125	-23.669458
904.394531	-24.633190
947.460938	-25.149563
990.527344	-25.032480
1033.593750	-25.262676
1076.660156	-25.339130
1119.726562	-25.748871
1162.792969	-26.425903
1205.859375	-26.116154
1248.925781	-26.252611
1291.992188	-26.774096
1335.058594	-27.358921
1378.125000	-27.313992
1421.191406	-27.866385
1464.257812	-28.338366
1507.324219	-28.510458
1550.390625	-28.347960
1593.457031	-28.639299
1636.523438	-29.179285
1679.589844	-29.213438
1722.656250	-29.345846
1765.722656	-29.753397
1808.789062	-29.898407
1851.855469	-29.804413
1894.921875	-30.300785
1937.988281	-30.532913
1981.054688	-31.010836
2024.121094	-31.373886
2067.187500	-31.559856
2110.253906	-31.917816
2153.320312	-31.574669
2196.386719	-31.927126
2239.453125	-32.149673
2282.519531	-32.307865
2325.585938	-32.347870
2368.652344	-32.555748
2411.718750	-32.820515
2454.785156	-32.937580
2497.851562	-33.302513
2540.917969	-33.899933
2583.984375	-33.694771
2627.050781	-33.376995
2670.117188	-34.103065
2713.183594	-34.005756
2756.250000	-34.609783
2799.316406	-34.169647
2842.382812	-34.549301
2885.449219	-35.175011
2928.515625	-35.285656
2971.582031	-35.492050
3014.648438	-35.781364
3057.714844	-35.364197
3100.781250	-35.995399
3143.847656	-36.305534
3186.914062	-35.986080
3229.980469	-35.785789
3273.046875	-36.817783
3316.113281	-36.792812
3359.179688	-36.382805
3402.246094	-36.567318
3445.312500	-37.028744
3488.378906	-37.501453
3531.445312	-37.337589
3574.511719	-37.456638
3617.578125	-37.673306
3660.644531	-37.395264
3703.710938	-37.885513
3746.777344	-38.330414
3789.843750	-38.709175
3832.910156	-38.184605
3875.976562	-38.205650
3919.042969	-38.575478
3962.109375	-38.411613
4005.175781	-38.568848
4048.242188	-38.598427
4091.308594	-39.189579
4134.375000	-39.319496
4177.441406	-39.009144
4220.507812	-38.831993
4263.574219	-39.396076
4306.640625	-39.472534
4349.707031	-39.586849
4392.773438	-39.774113
4435.839844	-40.209179
4478.906250	-40.365112
4521.972656	-40.396332
4565.039062	-40.333652
4608.105469	-40.132275
4651.171875	-40.474068
4694.238281	-40.456013
4737.304688	-40.262516
4780.371094	-40.390022
4823.437500	-41.452721
4866.503906	-41.673206
4909.570312	-41.364555
4952.636719	-40.774899
4995.703125	-41.252022
5038.769531	-41.738251
5081.835938	-41.724689
5124.902344	-41.755764
5167.968750	-41.670502
5211.035156	-42.216721
5254.101562	-42.445686
5297.167969	-42.648708
5340.234375	-42.193192
5383.300781	-42.362442
5426.367188	-42.749981
5469.433594	-42.692196
5512.500000	-42.537682
5555.566406	-42.559788
5598.632812	-42.373272
5641.699219	-42.634930
5684.765625	-43.144142
5727.832031	-43.098167
5770.898438	-43.344116
5813.964844	-43.653923
5857.031250	-43.761929
5900.097656	-43.956051
5943.164062	-43.635555
5986.230469	-43.621700
6029.296875	-43.728893
6072.363281	-43.861313
6115.429688	-43.732254
6158.496094	-43.627670
6201.562500	-43.879593
6244.628906	-43.989307
6287.695312	-44.077126
6330.761719	-44.369488
6373.828125	-43.999531
6416.894531	-44.104790
6459.960938	-44.075226
6503.027344	-44.583923
6546.093750	-44.834061
6589.160156	-45.006382
6632.226562	-45.000744
6675.292969	-45.037220
6718.359375	-44.857750
6761.425781	-44.985794
6804.492188	-44.975079
6847.558594	-44.761337
6890.625000	-45.251766
6933.691406	-45.468315
6976.757812	-45.532276
7019.824219	-45.778156
7062.890625	-45.886925
7105.957031	-45.972958
7149.023438	-45.768715
7192.089844	-45.575409
7235.156250	-45.707397
7278.222656	-46.047745
7321.289062	-46.488110
7364.355469	-46.147209
7407.421875	-46.197155
7450.488281	-46.368610
7493.554688	-46.506958
7536.621094	-46.605862
7579.687500	-46.559341
7622.753906	-46.642998
7665.820312	-46.760864
7708.886719	-47.039539
7751.953125	-47.025124
7795.019531	-46.669159
7838.085938	-46.931622
7881.152344	-46.632103
7924.218750	-46.696926
7967.285156	-47.290905
8010.351562	-47.023659
8053.417969	-46.884064
8096.484375	-47.171356
8139.550781	-47.220188
8182.617188	-47.169197
8225.683594	-47.130856
8268.750000	-47.406647
8311.816406	-47.315994
8354.882812	-47.654331
8397.949219	-47.977203
8441.015625	-48.101952
8484.082031	-47.812546
8527.148438	-48.031628
8570.214844	-48.319355
8613.281250	-47.716537
8656.347656	-47.573849
8699.414062	-48.205547
8742.480469	-48.507824
8785.546875	-48.345482
8828.613281	-48.125397
8871.679688	-48.307770
8914.746094	-48.653721
8957.812500	-48.477928
9000.878906	-48.688625
9043.945312	-48.463726
9087.011719	-48.845863
9130.078125	-48.964924
9173.144531	-48.960255
9216.210938	-48.433132
9259.277344	-48.742199
9302.343750	-49.402527
9345.410156	-49.298691
9388.476562	-49.538498
9431.542969	-49.600067
9474.609375	-49.907509
9517.675781	-49.513474
9560.742188	-49.316914
9603.808594	-49.349651
9646.875000	-49.791809
9689.941406	-49.789093
9733.007812	-49.359207
9776.074219	-49.504871
9819.140625	-49.875904
9862.207031	-49.684620
9905.273438	-49.755508
9948.339844	-49.701172
9991.406250	-49.854095
10034.472656	-50.237770
10077.539062	-49.823505
10120.605469	-50.042046
10163.671875	-50.113430
10206.738281	-50.472408
10249.804688	-50.730751
10292.871094	-50.185528
10335.937500	-49.686581
10379.003906	-49.925716
10422.070312	-50.091255
10465.136719	-50.374950
10508.203125	-50.463608
10551.269531	-50.466362
10594.335938	-50.662701
10637.402344	-50.615078
10680.468750	-50.841694
10723.535156	-50.989632
10766.601562	-50.966461
10809.667969	-50.668320
10852.734375	-50.630272
10895.800781	-50.895298
10938.867188	-51.178181
10981.933594	-51.127850
11025.000000	-51.153996
11068.066406	-50.791771
11111.132812	-50.837749
11154.199219	-51.168175
11197.265625	-51.563473
11240.332031	-51.258213
11283.398438	-51.457253
11326.464844	-51.220669
11369.531250	-51.371918
11412.597656	-51.874672
11455.664062	-51.531395
11498.730469	-51.562130
11541.796875	-51.632549
11584.863281	-52.128853
11627.929688	-51.994835
11670.996094	-52.268875
11714.062500	-51.841812
11757.128906	-52.096741
11800.195312	-52.153282
11843.261719	-51.682640
11886.328125	-51.790432
11929.394531	-51.765606
11972.460938	-52.497936
12015.527344	-52.518147
12058.593750	-52.406269
12101.660156	-52.104755
12144.726562	-52.087177
12187.792969	-52.248501
12230.859375	-52.488785
12273.925781	-52.558365
12316.992188	-52.823410
12360.058594	-53.244320
12403.125000	-53.034775
12446.191406	-52.883835
12489.257812	-52.855282
12532.324219	-52.859337
12575.390625	-53.061974
12618.457031	-53.137180
12661.523438	-53.122398
12704.589844	-53.298981
12747.656250	-53.189342
12790.722656	-53.576611
12833.789062	-53.809189
12876.855469	-53.267975
12919.921875	-53.199081
12962.988281	-53.529869
13006.054688	-53.093948
13049.121094	-53.579872
13092.187500	-53.547047
13135.253906	-53.192322
13178.320312	-53.832066
13221.386719	-53.559917
13264.453125	-53.041687
13307.519531	-53.172070
13350.585938	-53.270435
13393.652344	-54.053284
13436.718750	-54.086578
13479.785156	-53.910065
13522.851562	-53.959385
13565.917969	-54.074963
13608.984375	-54.030094
13652.050781	-53.886227
13695.117188	-54.202614
13738.183594	-54.302483
13781.250000	-53.870117
13824.316406	-53.724968
13867.382812	-54.146729
13910.449219	-54.485699
13953.515625	-54.042564
13996.582031	-54.450928
14039.648438	-54.512280
14082.714844	-54.812550
14125.781250	-54.212589
14168.847656	-54.389706
14211.914062	-54.952961
14254.980469	-54.901257
14298.046875	-54.982368
14341.113281	-54.441101
14384.179688	-54.619465
14427.246094	-54.873486
14470.312500	-55.013332
14513.378906	-54.900700
14556.445312	-54.884018
14599.511719	-54.870594
14642.578125	-54.391411
14685.644531	-54.952587
14728.710938	-55.285061
14771.777344	-55.146618
14814.843750	-55.467281
14857.910156	-54.971149
14900.976562	-54.896275
14944.042969	-55.314053
14987.109375	-55.216248
15030.175781	-55.040577
15073.242188	-55.403992
15116.308594	-55.541050
15159.375000	-55.336136
15202.441406	-55.468430
15245.507812	-55.739613
15288.574219	-55.615837
15331.640625	-55.488739
15374.707031	-55.693993
15417.773438	-55.597805
15460.839844	-55.543423
15503.906250	-55.752296
15546.972656	-56.007236
15590.039062	-55.981216
15633.105469	-56.192688
15676.171875	-56.039589
15719.238281	-56.098175
15762.304688	-56.007038
15805.371094	-56.040623
15848.437500	-55.973534
15891.503906	-55.797165
15934.570312	-55.830376
15977.636719	-55.860287
16020.703125	-56.160336
16063.769531	-56.336548
16106.835938	-56.227722
16149.902344	-55.982647
16192.968750	-56.117462
16236.035156	-56.392910
16279.101562	-56.515739
16322.167969	-56.347988
16365.234375	-56.184334
16408.300781	-56.144241
16451.367188	-56.407848
16494.433594	-56.062210
16537.500000	-56.412025
16580.566406	-56.864090
16623.632812	-56.762547
16666.699219	-56.755238
16709.765625	-56.776249
16752.832031	-56.630867
16795.898438	-56.576393
16838.964844	-56.399040
16882.031250	-56.661182
16925.097656	-57.050537
16968.164062	-56.953358
17011.230469	-56.703140
17054.296875	-57.199116
17097.363281	-57.412594
17140.429688	-56.873093
17183.496094	-56.955387
17226.562500	-57.295170
17269.628906	-57.684944
17312.695312	-57.658043
17355.761719	-57.689121
17398.828125	-57.845417
17441.894531	-57.203934
17484.960938	-56.817024
17528.027344	-57.102840
17571.093750	-57.396820
17614.160156	-57.663158
17657.226562	-57.905727
17700.292969	-57.816307
17743.359375	-57.976952
17786.425781	-58.168110
17829.492188	-57.873871
17872.558594	-57.823986
17915.625000	-57.934834
17958.691406	-58.351273
18001.757812	-58.222912
18044.824219	-58.360992
18087.890625	-58.338585
18130.957031	-58.084961
18174.023438	-58.476780
18217.089844	-58.584431
18260.156250	-58.644878
18303.222656	-58.856258
18346.289062	-58.315426
18389.355469	-58.679279
18432.421875	-58.623791
18475.488281	-58.649765
18518.554688	-58.494080
18561.621094	-58.299614
18604.687500	-58.587475
18647.753906	-58.703117
18690.820312	-58.930714
18733.886719	-58.859192
18776.953125	-58.918957
18820.019531	-59.149742
18863.085938	-58.874989
18906.152344	-58.891087
18949.218750	-58.872295
18992.285156	-58.737099
19035.351562	-58.896080
19078.417969	-59.023579
19121.484375	-58.776756
19164.550781	-58.693096
19207.617188	-58.872746
19250.683594	-59.142582
19293.750000	-59.329002
19336.816406	-59.520714
19379.882812	-59.194305
19422.949219	-58.982101
19466.015625	-59.084343
19509.082031	-58.959846
19552.148438	-58.795452
19595.214844	-59.191525
19638.281250	-59.512291
19681.347656	-59.188618
19724.414062	-59.131401
19767.480469	-59.039417
19810.546875	-59.520084
19853.613281	-59.767509
19896.679688	-59.874783
19939.746094	-59.893906
19982.812500	-59.675785
20025.878906	-59.145630
20068.945312	-59.472305
20112.011719	-59.700790
20155.078125	-60.094273
20198.144531	-60.588791
20241.210938	-60.188637
20284.277344	-59.897915
20327.343750	-60.195614
20370.410156	-60.189686
20413.476562	-60.037548
20456.542969	-60.011635
20499.609375	-60.299213
20542.675781	-60.182640
20585.742188	-60.396633
20628.808594	-60.633251
20671.875000	-60.131027
20714.941406	-60.445724
20758.007812	-60.375679
20801.074219	-60.660488
20844.140625	-60.729095
20887.207031	-60.685566
20930.273438	-60.544373
20973.339844	-60.342529
21016.406250	-60.400482
21059.472656	-60.286110
21102.539062	-60.388924
21145.605469	-60.465820
21188.671875	-61.090015
21231.738281	-61.137199
21274.804688	-60.596336
21317.871094	-60.686195
21360.937500	-61.280174
21404.003906	-61.492191
21447.070312	-60.936192
21490.136719	-61.108120
21533.203125	-61.355980
21576.269531	-61.787636
21619.335938	-61.708332
21662.402344	-61.825481
21705.468750	-61.673092
21748.535156	-62.209702
21791.601562	-62.172024
21834.667969	-62.228531
21877.734375	-62.543606
21920.800781	-62.905529
21963.867188	-63.329220
22006.933594	-63.371166
