Frequency (Hz)	Level (dB)
43.066406	-24.798302
86.132812	-23.899397
129.199219	-24.013273
172.265625	-22.956696
215.332031	-22.670959
258.398438	-22.244238
301.464844	-22.046200
344.531250	-21.889603
387.597656	-21.653566
430.664062	-21.913139
473.730469	-21.970783
516.796875	-22.118160
559.863281	-22.070412
602.929688	-21.828264
645.996094	-22.319586
689.062500	-22.651489
732.128906	-22.396418
775.195312	-22.721746
818.261719	-22.857372
861.328125	-23.233709
904.394531	-23.791048
947.460938	-24.320923
990.527344	-24.579027
1033.593750	-25.077282
1076.660156	-25.028612
1119.726562	-25.284958
1162.792969	-25.545107
1205.859375	-25.705624
1248.925781	-25.892282
1291.992188	-26.827024
1335.058594	-27.258125
1378.125000	-26.628611
1421.191406	-27.394947
1464.257812	-27.868223
1507.324219	-27.701929
1550.390625	-27.917120
1593.457031	-28.263823
1636.523438	-28.528524
1679.589844	-28.888601
1722.656250	-29.515619
1765.722656	-29.238708
1808.789062	-29.637060
1851.855469	-29.622377
1894.921875	-30.348461
1937.988281	-30.164814
1981.054688	-30.508617
2024.121094	-31.013657
2067.187500	-31.048084
2110.253906	-31.179804
2153.320312	-31.243433
2196.386719	-31.704876
2239.453125	-31.465502
2282.519531	-31.793627
2325.585938	-32.076096
2368.652344	-32.510719
2411.718750	-32.745979
2454.785156	-33.150928
2497.851562	-33.031235
2540.917969	-33.026836
2583.984375	-33.332851
2627.050781	-33.545208
2670.117188	-33.781902
2713.183594	-33.668472
2756.250000	-34.073967
2799.316406	-34.120266
2842.382812	-34.339931
2885.449219	-34.967804
2928.515625	-34.625538
2971.582031	-35.042603
3014.648438	-35.361149
3057.714844	-35.158615
3100.781250	-35.422283
3143.847656	-35.661873
3186.914062	-35.393402
3229.980469	-35.736336
3273.046875	-36.375332
3316.113281	-36.489079
3359.179688	-36.302341
3402.246094	-36.378048
3445.312500	-36.777180
3488.378906	-36.766281
3531.445312	-36.834465
3574.511719	-37.107681
3617.578125	-37.371727
3660.644531	-37.157803
3703.710938	-37.705276
3746.777344	-37.955959
3789.843750	-37.911366
3832.910156	-38.128815
3875.976562	-38.017502
3919.042969	-38.324146
3962.109375	-38.219315
4005.175781	-38.465183
4048.242188	-38.741333
4091.308594	-38.924217
4134.375000	-38.635757
4177.441406	-38.681259
4220.507812	-38.818119
4263.574219	-39.107014
4306.640625	-38.923309
4349.707031	-39.147003
4392.773438	-39.471508
4435.839844	-39.615593
4478.906250	-39.642765
4521.972656	-40.151402
4565.039062	-40.345001
4608.105469	-40.339806
4651.171875	-40.192913
4694.238281	-40.215038
4737.304688	-39.935017
4780.371094	-40.029484
4823.437500	-40.313370
4866.503906	-40.729038
4909.570312	-40.768799
4952.636719	-40.856983
4995.703125	-40.748653
5038.769531	-41.336178
5081.835938	-41.439537
5124.902344	-41.332890
5167.968750	-41.399921
5211.035156	-41.571442
5254.101562	-41.733009
5297.167969	-41.926331
5340.234375	-41.946381
5383.300781	-41.705807
5426.367188	-42.003201
5469.433594	-42.511528
5512.500000	-42.151474
5555.566406	-42.119572
5598.632812	-42.061714
5641.699219	-42.267708
5684.765625	-42.442829
5727.832031	-42.332619
5770.898438	-42.559174
5813.964844	-42.784889
5857.031250	-42.714035
5900.097656	-43.478939
5943.164062	-42.834206
5986.230469	-42.645882
6029.296875	-42.925102
6072.363281	-43.221420
6115.429688	-43.392864
6158.496094	-43.511879
6201.562500	-43.564293
6244.628906	-43.608711
6287.695312	-43.842007
6330.761719	-44.053684
6373.828125	-43.880192
6416.894531	-43.403889
6459.960938	-43.506737
6503.027344	-44.373978
6546.093750	-44.713223
6589.160156	-44.582687
6632.226562	-44.792805
6675.292969	-44.817574
6718.359375	-44.417931
6761.425781	-44.560802
6804.492188	-45.413864
6847.558594	-45.038471
6890.625000	-44.909382
6933.691406	-44.689552
6976.757812	-44.885330
7019.824219	-44.988201
7062.890625	-45.306278
7105.957031	-45.540024
7149.023438	-45.655235
7192.089844	-45.827579
7235.156250	-45.465488
7278.222656	-45.370029
7321.289062	-45.737957
7364.355469	-45.854294
7407.421875	-45.925297
7450.488281	-45.706142
7493.554688	-45.892883
7536.621094	-45.853973
7579.687500	-46.027359
7622.753906	-46.174332
7665.820312	-46.240776
7708.886719	-46.550529
7751.953125	-46.389442
7795.019531	-46.108402
7838.085938	-46.400139
7881.152344	-46.540901
7924.218750	-46.636925
7967.285156	-47.040936
8010.351562	-46.887600
8053.417969	-46.553146
8096.484375	-46.741562
8139.550781	-47.041695
8182.617188	-46.872295
8225.683594	-46.860676
8268.750000	-47.228542
8311.816406	-47.199593
8354.882812	-47.270157
8397.949219	-47.227135
8441.015625	-47.471989
8484.082031	-47.173428
8527.148438	-47.683887
8570.214844	-48.105965
8613.281250	-47.928928
8656.347656	-47.679085
8699.414062	-47.580826
8742.480469	-48.066761
8785.546875	-48.052177
8828.613281	-48.057411
8871.679688	-48.385277
8914.746094	-48.563850
8957.812500	-48.257675
9000.878906	-48.073635
9043.945312	-48.155224
9087.011719	-48.361477
9130.078125	-48.586353
9173.144531	-48.691597
9216.210938	-48.660580
9259.277344	-49.063316
9302.343750	-49.262817
9345.410156	-48.974400
9388.476562	-48.933739
9431.542969	-48.664696
9474.609375	-48.756298
9517.675781	-48.943932
9560.742188	-48.647335
9603.808594	-48.840652
9646.875000	-49.246075
9689.941406	-49.651745
9733.007812	-49.404396
9776.074219	-49.122406
9819.140625	-49.372723
9862.207031	-49.215370
9905.273438	-49.374569
9948.339844	-49.512051
9991.406250	-49.441807
10034.472656	-49.628483
10077.539062	-49.893448
10120.605469	-49.802147
10163.671875	-49.693150
10206.738281	-50.281380
10249.804688	-50.139057
10292.871094	-49.873627
10335.937500	-49.524242
10379.003906	-49.846455
10422.070312	-49.971001
10465.136719	-49.840607
10508.203125	-50.079376
10551.269531	-50.206306
10594.335938	-50.532021
10637.402344	-50.784851
10680.468750	-50.549885
10723.535156	-50.775631
10766.601562	-51.000259
10809.667969	-50.957401
10852.734375	-50.756184
10895.800781	-50.765259
10938.867188	-50.529385
10981.933594	-50.828846
11025.000000	-50.896938
11068.066406	-50.994335
11111.132812	-51.135582
11154.199219	-51.179008
11197.265625	-51.072823
11240.332031	-50.800064
11283.398438	-50.886265
11326.464844	-51.065216
11369.531250	-51.703720
11412.597656	-51.566498
11455.664062	-51.342476
11498.730469	-51.388657
11541.796875	-50.967659
11584.863281	-51.255581
11627.929688	-51.412365
11670.996094	-52.069393
11714.062500	-51.526260
11757.128906	-51.622154
11800.195312	-51.961227
11843.261719	-51.734261
11886.328125	-51.660004
11929.394531	-51.693218
11972.460938	-51.773308
12015.527344	-51.825775
12058.593750	-51.912643
12101.660156	-52.084671
12144.726562	-51.815022
12187.792969	-51.805195
12230.859375	-52.161728
12273.925781	-51.914024
12316.992188	-52.007175
12360.058594	-52.469044
12403.125000	-52.528744
12446.191406	-52.660202
12489.257812	-52.565403
12532.324219	-52.887440
12575.390625	-52.902237
12618.457031	-53.188248
12661.523438	-53.242317
12704.589844	-53.332256
12747.656250	-53.319622
12790.722656	-52.978470
12833.789062	-52.879963
12876.855469	-52.934967
12919.921875	-52.718693
12962.988281	-52.768707
13006.054688	-52.973328
13049.121094	-53.223660
13092.187500	-53.193752
13135.253906	-53.146557
13178.320312	-53.570652
13221.386719	-53.223175
13264.453125	-53.205029
13307.519531	-53.294018
13350.585938	-53.343803
13393.652344	-53.440048
13436.718750	-53.961624
13479.785156	-53.763332
13522.851562	-53.638180
13565.917969	-53.595234
13608.984375	-53.507931
13652.050781	-53.978600
13695.117188	-53.943645
13738.183594	-53.726349
13781.250000	-53.907284
13824.316406	-54.294468
13867.382812	-53.896233
13910.449219	-54.398804
13953.515625	-54.264408
13996.582031	-54.146027
14039.648438	-54.047493
14082.714844	-54.322578
14125.781250	-54.132915
14168.847656	-54.275837
14211.914062	-54.561378
14254.980469	-54.268654
14298.046875	-54.256115
14341.113281	-54.301933
14384.179688	-55.094154
14427.246094	-54.967499
14470.312500	-54.668331
14513.378906	-54.472729
14556.445312	-54.706055
14599.511719	-54.838345
14642.578125	-54.245384
14685.644531	-54.687576
14728.710938	-55.045853
14771.777344	-55.089180
14814.843750	-55.392578
14857.910156	-54.918652
14900.976562	-55.046711
14944.042969	-55.033058
14987.109375	-55.065292
15030.175781	-54.961536
15073.242188	-55.181641
15116.308594	-55.465729
15159.375000	-55.056263
15202.441406	-54.793636
15245.507812	-55.542183
15288.574219	-55.390236
15331.640625	-55.425785
15374.707031	-55.874325
15417.773438	-55.350811
15460.839844	-54.592655
15503.906250	-55.325054
15546.972656	-55.707649
15590.039062	-55.632065
15633.105469	-55.656929
15676.171875	-55.747368
15719.238281	-56.187180
15762.304688	-56.014019
15805.371094	-56.303532
15848.437500	-56.192574
15891.503906	-56.023434
15934.570312	-55.885853
15977.636719	-55.728779
16020.703125	-55.996769
16063.769531	-56.023865
16106.835938	-56.064869
16149.902344	-55.814800
16192.968750	-56.356586
16236.035156	-56.344296
16279.101562	-56.200153
16322.167969	-56.293339
16365.234375	-56.166256
16408.300781	-56.213001
16451.367188	-56.678921
16494.433594	-56.189915
16537.500000	-56.404938
16580.566406	-56.548763
16623.632812	-56.434551
16666.699219	-56.575851
16709.765625	-56.909336
16752.832031	-56.689228
16795.898438	-57.002907
16838.964844	-57.054600
16882.031250	-56.624664
16925.097656	-56.541824
16968.164062	-56.783710
17011.230469	-56.807625
17054.296875	-57.120895
17097.363281	-57.559692
17140.429688	-56.730579
17183.496094	-56.829205
17226.562500	-56.944485
17269.628906	-57.142490
17312.695312	-57.407459
17355.761719	-57.256195
17398.828125	-57.480278
17441.894531	-57.700539
17484.960938	-57.446743
17528.027344	-57.287407
17571.093750	-57.305504
17614.160156	-57.505096
17657.226562	-57.563129
17700.292969	-57.459560
17743.359375	-57.676613
17786.425781	-57.863758
17829.492188	-57.365021
17872.558594	-57.645023
17915.625000	-57.813854
17958.691406	-57.810135
18001.757812	-57.612011
18044.824219	-57.955627
18087.890625	-58.108990
18130.957031	-58.227993
18174.023438	-58.119389
18217.089844	-58.087223
18260.156250	-58.316948
18303.222656	-58.607738
18346.289062	-58.513622
18389.355469	-58.365738
18432.421875	-58.296143
18475.488281	-58.504143
18518.554688	-58.762833
18561.621094	-58.391781
18604.687500	-58.497223
18647.753906	-58.811897
18690.820312	-59.031185
18733.886719	-58.858582
18776.953125	-58.954231
18820.019531	-59.444710
18863.085938	-58.837166
18906.152344	-58.523216
18949.218750	-58.795776
18992.285156	-58.715118
19035.351562	-58.687866
19078.417969	-58.947186
19121.484375	-58.562870
19164.550781	-59.047997
19207.617188	-59.322960
19250.683594	-59.296471
19293.750000	-59.533150
19336.816406	-59.564327
19379.882812	-59.232788
19422.949219	-59.090565
19466.015625	-59.227821
19509.082031	-59.304073
19552.148438	-59.166431
19595.214844	-59.337383
19638.281250	-59.765255
19681.347656	-59.185955
19724.414062	-58.933567
19767.480469	-59.054035
19810.546875	-59.869793
19853.613281	-60.073963
19896.679688	-59.995388
19939.746094	-59.680687
19982.812500	-59.586674
20025.878906	-59.427876
20068.945312	-59.543404
20112.011719	-59.995289
20155.078125	-59.898701
20198.144531	-60.066715
20241.210938	-60.171001
20284.277344	-60.038181
20327.343750	-59.974224
20370.410156	-59.996578
20413.476562	-60.253456
20456.542969	-60.470562
20499.609375	-60.120182
20542.675781	-60.231487
20585.742188	-60.406513
20628.808594	-60.646225
20671.875000	-60.110207
20714.941406	-60.236465
20758.007812	-60.231911
20801.074219	-60.003578
20844.140625	-60.183128
20887.207031	-60.708015
20930.273438	-60.474827
20973.339844	-60.773796
21016.406250	-60.222126
21059.472656	-60.123581
21102.539062	-60.493050
21145.605469	-60.780476
21188.671875	-60.999962
21231.738281	-61.106007
21274.804688	-60.673019
21317.871094	-60.605610
21360.937500	-61.049873
21404.003906	-61.465527
21447.070312	-61.110897
21490.136719	-60.837669
21533.203125	-61.442116
21576.269531	-61.369614
21619.335938	-61.318108
21662.402344	-61.699440
21705.468750	-61.506981
21748.535156	-61.848076
21791.601562	-61.788898
21834.667969	-61.928902
21877.734375	-62.405468
21920.800781	-62.403614
21963.867188	-62.989838
22006.933594	-63.119335
