Frequency (Hz)	Level (dB)
43.066406	-26.146696
86.132812	-21.964546
129.199219	-20.480631
172.265625	-19.176857
215.332031	-18.902380
258.398438	-19.099482
301.464844	-19.516050
344.531250	-19.534824
387.597656	-19.622614
430.664062	-19.996693
473.730469	-20.311880
516.796875	-20.468483
559.863281	-20.292776
602.929688	-19.858446
645.996094	-19.868719
689.062500	-19.996994
732.128906	-19.516123
775.195312	-19.290855
818.261719	-19.016893
861.328125	-19.334286
904.394531	-19.506155
947.460938	-19.585993
990.527344	-19.466375
1033.593750	-19.651352
1076.660156	-19.295357
1119.726562	-19.171999
1162.792969	-19.058334
1205.859375	-18.979973
1248.925781	-18.942516
1291.992188	-19.542723
1335.058594	-19.463625
1378.125000	-18.717564
1421.191406	-18.989115
1464.257812	-19.353693
1507.324219	-19.066130
1550.390625	-19.129997
1593.457031	-19.019735
1636.523438	-19.006329
1679.589844	-19.254877
1722.656250	-19.626734
1765.722656	-19.218496
1808.789062	-19.415142
1851.855469	-19.303003
1894.921875	-19.703817
1937.988281	-19.532238
1981.054688	-19.597265
2024.121094	-19.868313
2067.187500	-19.762499
2110.253906	-19.775545
2153.320312	-19.557640
2196.386719	-19.892855
2239.453125	-19.625668
2282.519531	-19.879913
2325.585938	-20.040186
2368.652344	-20.297525
2411.718750	-20.413124
2454.785156	-20.690781
2497.851562	-20.414604
2540.917969	-20.350712
2583.984375	-20.596834
2627.050781	-20.618872
2670.117188	-20.872272
2713.183594	-20.545937
2756.250000	-20.833298
2799.316406	-20.817947
2842.382812	-21.170633
2885.449219	-21.684708
2928.515625	-21.053020
2971.582031	-21.370987
3014.648438	-21.562126
3057.714844	-21.161863
3100.781250	-21.398161
3143.847656	-21.624060
3186.914062	-21.517673
3229.980469	-21.827278
3273.046875	-22.316509
3316.113281	-22.402477
3359.179688	-22.131012
3402.246094	-21.904215
3445.312500	-22.275988
3488.378906	-22.144321
3531.445312	-22.223291
3574.511719	-22.475637
3617.578125	-22.824635
3660.644531	-22.564358
3703.710938	-23.127228
3746.777344	-23.284813
3789.843750	-23.086853
3832.910156	-23.251812
3875.976562	-23.137285
3919.042969	-23.424900
3962.109375	-23.222389
4005.175781	-23.401354
4048.242188	-23.706762
4091.308594	-23.874512
4134.375000	-23.531324
4177.441406	-23.482939
4220.507812	-23.558441
4263.574219	-23.997456
4306.640625	-23.878057
4349.707031	-23.942970
4392.773438	-24.012873
4435.839844	-24.305647
4478.906250	-24.321257
4521.972656	-24.881433
4565.039062	-25.041315
4608.105469	-24.961897
4651.171875	-24.772079
4694.238281	-24.803185
4737.304688	-24.550844
4780.371094	-24.645727
4823.437500	-24.644047
4866.503906	-25.151693
4909.570312	-25.324883
4952.636719	-25.336733
4995.703125	-25.263811
5038.769531	-25.627415
5081.835938	-25.732883
5124.902344	-25.691105
5167.968750	-25.854868
5211.035156	-25.987722
5254.101562	-26.023895
5297.167969	-26.131987
5340.234375	-26.161003
5383.300781	-25.845770
5426.367188	-26.307285
5469.433594	-26.784290
5512.500000	-26.265009
5555.566406	-26.284521
5598.632812	-26.199190
5641.699219	-26.530554
5684.765625	-26.759193
5727.832031	-26.665806
5770.898438	-26.823717
5813.964844	-26.843390
5857.031250	-26.917770
5900.097656	-27.521646
5943.164062	-26.838572
5986.230469	-26.718531
6029.296875	-26.997231
6072.363281	-27.456963
6115.429688	-27.494516
6158.496094	-27.721870
6201.562500	-27.929756
6244.628906	-27.988064
6287.695312	-28.064972
6330.761719	-28.143646
6373.828125	-28.029085
6416.894531	-27.657728
6459.960938	-27.853191
6503.027344	-28.547281
6546.093750	-28.769264
6589.160156	-28.825888
6632.226562	-28.887564
6675.292969	-29.020363
6718.359375	-28.899364
6761.425781	-28.664738
6804.492188	-29.364204
6847.558594	-29.258873
6890.625000	-29.101299
6933.691406	-28.870062
6976.757812	-29.040579
7019.824219	-29.304384
7062.890625	-29.573071
7105.957031	-29.673759
7149.023438	-30.117397
7192.089844	-30.202246
7235.156250	-29.875839
7278.222656	-29.703377
7321.289062	-30.083181
7364.355469	-30.100573
7407.421875	-30.131222
7450.488281	-29.985138
7493.554688	-30.087103
7536.621094	-30.261839
7579.687500	-30.279932
7622.753906	-30.480349
7665.820312	-30.633907
7708.886719	-31.035780
7751.953125	-30.911554
7795.019531	-30.571323
7838.085938	-30.711384
7881.152344	-30.954260
7924.218750	-30.937214
7967.285156	-31.268847
8010.351562	-31.241041
8053.417969	-30.965994
8096.484375	-31.134680
8139.550781	-31.460613
8182.617188	-31.343767
8225.683594	-31.346403
8268.750000	-31.724821
8311.816406	-31.592663
8354.882812	-31.672316
8397.949219	-31.907770
8441.015625	-32.214733
8484.082031	-31.870693
8527.148438	-32.268883
8570.214844	-32.599857
8613.281250	-32.423851
8656.347656	-32.189358
8699.414062	-32.238495
8742.480469	-32.682854
8785.546875	-32.621136
8828.613281	-32.712288
8871.679688	-32.979538
8914.746094	-33.082905
8957.812500	-32.903004
9000.878906	-32.772861
9043.945312	-32.736923
9087.011719	-32.905769
9130.078125	-33.192841
9173.144531	-33.360405
9216.210938	-33.217827
9259.277344	-33.592155
9302.343750	-33.869381
9345.410156	-33.750687
9388.476562	-33.908909
9431.542969	-33.562923
9474.609375	-33.513687
9517.675781	-33.936028
9560.742188	-33.571735
9603.808594	-33.540283
9646.875000	-33.962994
9689.941406	-34.150471
9733.007812	-34.275810
9776.074219	-34.345982
9819.140625	-34.473774
9862.207031	-34.025890
9905.273438	-34.135635
9948.339844	-34.354088
9991.406250	-34.092941
10034.472656	-34.328526
10077.539062	-34.938290
10120.605469	-34.844936
10163.671875	-34.672115
10206.738281	-35.241844
10249.804688	-35.346317
10292.871094	-34.908779
10335.937500	-34.815784
10379.003906	-35.013897
10422.070312	-34.959633
10465.136719	-35.068657
10508.203125	-35.292965
10551.269531	-35.414974
10594.335938	-35.617535
10637.402344	-35.823406
10680.468750	-35.618546
10723.535156	-35.921951
10766.601562	-36.013351
10809.667969	-36.043522
10852.734375	-36.032986
10895.800781	-36.312210
10938.867188	-35.881081
10981.933594	-36.062920
11025.000000	-36.137299
11068.066406	-36.115742
11111.132812	-36.297424
11154.199219	-36.475914
11197.265625	-36.471951
11240.332031	-36.232880
11283.398438	-36.424435
11326.464844	-36.486774
11369.531250	-37.037743
11412.597656	-37.022755
11455.664062	-36.872913
11498.730469	-36.951832
11541.796875	-36.498966
11584.863281	-36.754528
11627.929688	-36.904366
11670.996094	-37.616184
11714.062500	-37.140995
11757.128906	-37.123547
11800.195312	-37.371826
11843.261719	-37.520157
11886.328125	-37.294044
11929.394531	-37.278431
11972.460938	-37.237549
12015.527344	-37.738605
12058.593750	-37.772686
12101.660156	-37.875923
12144.726562	-37.560223
12187.792969	-37.590145
12230.859375	-37.925587
12273.925781	-37.531181
12316.992188	-37.419537
12360.058594	-38.008938
12403.125000	-38.372593
12446.191406	-38.376003
12489.257812	-38.344585
12532.324219	-38.807590
12575.390625	-38.746651
12618.457031	-39.005863
12661.523438	-38.987766
12704.589844	-39.093182
12747.656250	-39.175999
12790.722656	-38.923748
12833.789062	-38.931633
12876.855469	-38.762463
12919.921875	-38.616539
12962.988281	-38.878098
13006.054688	-39.080345
13049.121094	-39.021606
13092.187500	-39.197300
13135.253906	-39.187496
13178.320312	-39.578590
13221.386719	-39.331532
13264.453125	-39.474842
13307.519531	-39.674992
13350.585938	-39.560284
13393.652344	-39.624268
13436.718750	-40.096977
13479.785156	-39.924835
13522.851562	-39.957367
13565.917969	-40.140419
13608.984375	-39.990246
13652.050781	-40.315861
13695.117188	-40.224815
13738.183594	-39.937565
13781.250000	-40.068172
13824.316406	-40.320507
13867.382812	-40.110668
13910.449219	-40.506538
13953.515625	-40.694714
13996.582031	-40.720303
14039.648438	-40.220852
14082.714844	-40.501099
14125.781250	-40.425095
14168.847656	-40.433353
14211.914062	-40.895119
14254.980469	-40.666275
14298.046875	-40.655491
14341.113281	-41.057304
14384.179688	-41.867661
14427.246094	-41.637939
14470.312500	-41.198013
14513.378906	-41.059158
14556.445312	-41.507259
14599.511719	-41.561317
14642.578125	-40.704403
14685.644531	-41.194977
14728.710938	-41.573040
14771.777344	-41.681583
14814.843750	-41.965263
14857.910156	-41.806755
14900.976562	-41.855911
14944.042969	-41.724136
14987.109375	-41.954037
15030.175781	-42.055492
15073.242188	-42.300510
15116.308594	-42.146740
15159.375000	-41.854774
15202.441406	-41.729008
15245.507812	-42.415733
15288.574219	-42.237621
15331.640625	-42.318672
15374.707031	-42.912514
15417.773438	-42.401588
15460.839844	-41.689354
15503.906250	-42.328365
15546.972656	-42.860157
15590.039062	-42.497547
15633.105469	-42.504772
15676.171875	-42.523167
15719.238281	-43.075790
15762.304688	-43.090702
15805.371094	-43.172703
15848.437500	-43.146187
15891.503906	-43.165417
15934.570312	-43.110138
15977.636719	-42.951214
16020.703125	-43.152260
16063.769531	-43.207569
16106.835938	-43.336304
16149.902344	-43.057648
16192.968750	-43.631729
16236.035156	-43.754513
16279.101562	-43.615757
16322.167969	-43.548634
16365.234375	-43.386353
16408.300781	-43.636112
16451.367188	-43.872234
16494.433594	-43.422932
16537.500000	-43.674900
16580.566406	-43.759674
16623.632812	-43.851818
16666.699219	-44.061157
16709.765625	-44.547852
16752.832031	-44.263290
16795.898438	-44.502373
16838.964844	-44.425125
16882.031250	-44.365803
16925.097656	-44.101913
16968.164062	-44.206657
17011.230469	-44.347183
17054.296875	-44.478630
17097.363281	-45.094196
17140.429688	-44.506504
17183.496094	-44.581913
17226.562500	-44.754959
17269.628906	-44.769600
17312.695312	-44.901463
17355.761719	-45.060841
17398.828125	-45.032852
17441.894531	-45.169792
17484.960938	-45.093170
17528.027344	-44.946362
17571.093750	-44.886482
17614.160156	-45.172455
17657.226562	-45.301464
17700.292969	-45.315697
17743.359375	-45.576069
17786.425781	-45.595783
17829.492188	-45.310448
17872.558594	-45.523457
17915.625000	-45.532951
17958.691406	-45.567699
18001.757812	-45.331554
18044.824219	-45.739330
18087.890625	-45.855831
18130.957031	-45.831608
18174.023438	-45.742352
18217.089844	-45.859737
18260.156250	-46.306297
18303.222656	-46.607147
18346.289062	-46.654179
18389.355469	-46.490685
18432.421875	-46.100002
18475.488281	-46.207764
18518.554688	-46.636425
18561.621094	-46.413826
18604.687500	-46.598541
18647.753906	-46.993263
18690.820312	-47.029018
18733.886719	-47.117214
18776.953125	-46.984921
18820.019531	-47.347149
18863.085938	-47.031013
18906.152344	-46.914223
18949.218750	-46.992077
18992.285156	-47.102547
19035.351562	-46.977211
19078.417969	-47.040787
19121.484375	-46.476814
19164.550781	-47.015594
19207.617188	-47.402344
19250.683594	-47.466663
19293.750000	-47.738129
19336.816406	-47.764313
19379.882812	-47.613186
19422.949219	-47.530056
19466.015625	-47.395214
19509.082031	-47.281418
19552.148438	-47.315815
19595.214844	-47.614235
19638.281250	-48.000202
19681.347656	-47.490982
19724.414062	-47.209160
19767.480469	-47.307777
19810.546875	-48.086651
19853.613281	-48.358521
19896.679688	-48.382088
19939.746094	-47.866692
19982.812500	-47.687607
20025.878906	-47.973961
20068.945312	-48.213448
20112.011719	-48.394516
20155.078125	-48.291798
20198.144531	-48.471684
20241.210938	-48.508377
20284.277344	-48.591694
20327.343750	-48.540752
20370.410156	-48.661804
20413.476562	-48.843857
20456.542969	-49.096970
20499.609375	-48.873833
20542.675781	-49.099815
20585.742188	-49.087631
20628.808594	-49.168087
20671.875000	-48.689644
20714.941406	-48.780548
20758.007812	-48.884724
20801.074219	-48.708233
20844.140625	-48.990891
20887.207031	-49.330650
20930.273438	-49.013107
20973.339844	-49.560608
21016.406250	-48.998032
21059.472656	-48.812454
21102.539062	-49.334888
21145.605469	-49.566654
21188.671875	-49.862648
21231.738281	-49.830116
21274.804688	-49.618958
21317.871094	-49.611996
21360.937500	-50.003292
21404.003906	-50.347832
21447.070312	-50.083778
21490.136719	-49.659187
21533.203125	-50.216366
21576.269531	-50.391479
21619.335938	-50.315739
21662.402344	-50.593063
21705.468750	-50.405113
21748.535156	-50.455486
21791.601562	-50.550743
21834.667969	-50.685387
21877.734375	-50.802021
21920.800781	-50.468689
21963.867188	-50.540745
22006.933594	-50.713470
