Frequency (Hz)	Level (dB)
43.066406	-26.236666
86.132812	-22.104322
129.199219	-20.045681
172.265625	-18.849350
215.332031	-18.768663
258.398438	-18.944143
301.464844	-19.306578
344.531250	-19.835991
387.597656	-20.029869
430.664062	-20.337904
473.730469	-20.691881
516.796875	-20.753447
559.863281	-20.580809
602.929688	-20.186146
645.996094	-20.179178
689.062500	-20.615145
732.128906	-20.094418
775.195312	-19.839890
818.261719	-19.364000
861.328125	-19.228239
904.394531	-19.713133
947.460938	-20.067295
990.527344	-19.337481
1033.593750	-19.348692
1076.660156	-19.477196
1119.726562	-19.496943
1162.792969	-19.643200
1205.859375	-18.806791
1248.925781	-18.495396
1291.992188	-19.030224
1335.058594	-19.386709
1378.125000	-18.881254
1421.191406	-19.363945
1464.257812	-19.382082
1507.324219	-19.155136
1550.390625	-19.050964
1593.457031	-19.401535
1636.523438	-19.323488
1679.589844	-18.871872
1722.656250	-19.064808
1765.722656	-19.583410
1808.789062	-19.695774
1851.855469	-18.870359
1894.921875	-19.258249
1937.988281	-19.458055
1981.054688	-19.753357
2024.121094	-20.207977
2067.187500	-20.029188
2110.253906	-20.105534
2153.320312	-19.676319
2196.386719	-19.796671
2239.453125	-19.946178
2282.519531	-20.236101
2325.585938	-20.070562
2368.652344	-20.086580
2411.718750	-20.183990
2454.785156	-20.530180
2497.851562	-20.635502
2540.917969	-20.920784
2583.984375	-20.692217
2627.050781	-20.398851
2670.117188	-20.705055
2713.183594	-20.779022
2756.250000	-20.950972
2799.316406	-20.817339
2842.382812	-21.112701
2885.449219	-21.360424
2928.515625	-21.322205
2971.582031	-21.444296
3014.648438	-21.582205
3057.714844	-21.448868
3100.781250	-21.728537
3143.847656	-22.092442
3186.914062	-21.579706
3229.980469	-21.560238
3273.046875	-22.535439
3316.113281	-22.334820
3359.179688	-21.928638
3402.246094	-21.962414
3445.312500	-22.310188
3488.378906	-22.819923
3531.445312	-22.635311
3574.511719	-22.673508
3617.578125	-23.442886
3660.644531	-22.925442
3703.710938	-23.246504
3746.777344	-23.385450
3789.843750	-23.661522
3832.910156	-23.286613
3875.976562	-23.088577
3919.042969	-23.398523
3962.109375	-23.360350
4005.175781	-23.355530
4048.242188	-23.379211
4091.308594	-23.755224
4134.375000	-23.864435
4177.441406	-23.599945
4220.507812	-23.629778
4263.574219	-24.244757
4306.640625	-24.317818
4349.707031	-24.235466
4392.773438	-24.244799
4435.839844	-24.758516
4478.906250	-24.974398
4521.972656	-24.740862
4565.039062	-24.697893
4608.105469	-24.780621
4651.171875	-25.075018
4694.238281	-24.955318
4737.304688	-24.888844
4780.371094	-24.872028
4823.437500	-25.334799
4866.503906	-25.859722
4909.570312	-25.713129
4952.636719	-25.158773
4995.703125	-25.478807
5038.769531	-26.043634
5081.835938	-25.968016
5124.902344	-26.051603
5167.968750	-26.151688
5211.035156	-26.324947
5254.101562	-26.593941
5297.167969	-26.854797
5340.234375	-26.466360
5383.300781	-26.390844
5426.367188	-26.613338
5469.433594	-26.887247
5512.500000	-26.725979
5555.566406	-26.725607
5598.632812	-26.648874
5641.699219	-26.753584
5684.765625	-27.328756
5727.832031	-27.370619
5770.898438	-27.344652
5813.964844	-27.643770
5857.031250	-27.813223
5900.097656	-27.980450
5943.164062	-27.633244
5986.230469	-27.731667
6029.296875	-27.999834
6072.363281	-28.197096
6115.429688	-27.936680
6158.496094	-27.995802
6201.562500	-28.258768
6244.628906	-28.332605
6287.695312	-28.510460
6330.761719	-28.789165
6373.828125	-28.395832
6416.894531	-28.386145
6459.960938	-28.303904
6503.027344	-28.743763
6546.093750	-29.259487
6589.160156	-29.142073
6632.226562	-29.032793
6675.292969	-29.272667
6718.359375	-29.308460
6761.425781	-29.353184
6804.492188	-29.213753
6847.558594	-28.987764
6890.625000	-29.455128
6933.691406	-29.481279
6976.757812	-29.987865
7019.824219	-30.051798
7062.890625	-30.277344
7105.957031	-30.164185
7149.023438	-30.146997
7192.089844	-30.173391
7235.156250	-30.066427
7278.222656	-30.165419
7321.289062	-30.750601
7364.355469	-30.688171
7407.421875	-30.597670
7450.488281	-30.606255
7493.554688	-31.147558
7536.621094	-31.245571
7579.687500	-30.689627
7622.753906	-30.884171
7665.820312	-31.068573
7708.886719	-31.456581
7751.953125	-31.620306
7795.019531	-31.363182
7838.085938	-31.492270
7881.152344	-31.193872
7924.218750	-31.270878
7967.285156	-31.652779
8010.351562	-31.564655
8053.417969	-31.521021
8096.484375	-31.617630
8139.550781	-31.648859
8182.617188	-31.630568
8225.683594	-31.765310
8268.750000	-31.939198
8311.816406	-32.057346
8354.882812	-32.493725
8397.949219	-32.611378
8441.015625	-32.603359
8484.082031	-32.391933
8527.148438	-32.712238
8570.214844	-32.948185
8613.281250	-32.154686
8656.347656	-32.275349
8699.414062	-32.955029
8742.480469	-33.291809
8785.546875	-33.047699
8828.613281	-33.140099
8871.679688	-33.191883
8914.746094	-33.239559
8957.812500	-33.283543
9000.878906	-33.132729
9043.945312	-33.354809
9087.011719	-33.283154
9130.078125	-33.542938
9173.144531	-33.575829
9216.210938	-33.289082
9259.277344	-33.447235
9302.343750	-34.006374
9345.410156	-34.229923
9388.476562	-34.634483
9431.542969	-34.749313
9474.609375	-34.812866
9517.675781	-34.882282
9560.742188	-34.431545
9603.808594	-34.187523
9646.875000	-34.679665
9689.941406	-35.107601
9733.007812	-34.778740
9776.074219	-34.633907
9819.140625	-34.770321
9862.207031	-34.807163
9905.273438	-35.169376
9948.339844	-35.050983
9991.406250	-35.236206
10034.472656	-35.235275
10077.539062	-35.332783
10120.605469	-35.651836
10163.671875	-35.404526
10206.738281	-35.840187
10249.804688	-36.075947
10292.871094	-35.368980
10335.937500	-35.150429
10379.003906	-35.449894
10422.070312	-35.724209
10465.136719	-35.917477
10508.203125	-35.824989
10551.269531	-35.875805
10594.335938	-36.288769
10637.402344	-36.023266
10680.468750	-36.411522
10723.535156	-36.500412
10766.601562	-36.434734
10809.667969	-36.398663
10852.734375	-36.266537
10895.800781	-36.641911
10938.867188	-36.844639
10981.933594	-36.747707
11025.000000	-36.535183
11068.066406	-36.409576
11111.132812	-36.391109
11154.199219	-36.955425
11197.265625	-37.304329
11240.332031	-37.349724
11283.398438	-37.314472
11326.464844	-37.122150
11369.531250	-37.445095
11412.597656	-37.885635
11455.664062	-37.313969
11498.730469	-37.434120
11541.796875	-37.446678
11584.863281	-38.187595
11627.929688	-37.943943
11670.996094	-38.028385
11714.062500	-37.880283
11757.128906	-37.925354
11800.195312	-37.917187
11843.261719	-37.957474
11886.328125	-37.671272
11929.394531	-38.025986
11972.460938	-38.515560
12015.527344	-38.651978
12058.593750	-38.619755
12101.660156	-38.435535
12144.726562	-38.157467
12187.792969	-38.064514
12230.859375	-38.515549
12273.925781	-38.680756
12316.992188	-38.722450
12360.058594	-38.950516
12403.125000	-38.994217
12446.191406	-39.139168
12489.257812	-39.014820
12532.324219	-39.138229
12575.390625	-39.190163
12618.457031	-39.475182
12661.523438	-39.420929
12704.589844	-39.436447
12747.656250	-39.616154
12790.722656	-39.803658
12833.789062	-40.170544
12876.855469	-39.724876
12919.921875	-39.435459
12962.988281	-39.914047
13006.054688	-39.890171
13049.121094	-40.041504
13092.187500	-39.871536
13135.253906	-39.716824
13178.320312	-40.512165
13221.386719	-40.147449
13264.453125	-39.934757
13307.519531	-40.035561
13350.585938	-40.330585
13393.652344	-40.682281
13436.718750	-40.680794
13479.785156	-40.655304
13522.851562	-40.780396
13565.917969	-40.707771
13608.984375	-40.755745
13652.050781	-40.759014
13695.117188	-41.123539
13738.183594	-41.011532
13781.250000	-40.784317
13824.316406	-40.556534
13867.382812	-41.079765
13910.449219	-41.339569
13953.515625	-40.892834
13996.582031	-41.202454
14039.648438	-41.332615
14082.714844	-41.668839
14125.781250	-41.229839
14168.847656	-41.636009
14211.914062	-42.013374
14254.980469	-42.076214
14298.046875	-41.836327
14341.113281	-41.488323
14384.179688	-41.658913
14427.246094	-41.802631
14470.312500	-41.838428
14513.378906	-41.939445
14556.445312	-42.027306
14599.511719	-42.006947
14642.578125	-41.627266
14685.644531	-42.436279
14728.710938	-42.663635
14771.777344	-42.345226
14814.843750	-42.434845
14857.910156	-42.039204
14900.976562	-42.145691
14944.042969	-42.401108
14987.109375	-42.424500
15030.175781	-42.365604
15073.242188	-42.802204
15116.308594	-42.944279
15159.375000	-42.686882
15202.441406	-42.785984
15245.507812	-43.140942
15288.574219	-42.974117
15331.640625	-42.773529
15374.707031	-43.292664
15417.773438	-43.066814
15460.839844	-43.121239
15503.906250	-43.316395
15546.972656	-43.262466
15590.039062	-43.334461
15633.105469	-43.614403
15676.171875	-43.455994
15719.238281	-43.634186
15762.304688	-43.833214
15805.371094	-43.821636
15848.437500	-43.763126
15891.503906	-43.498535
15934.570312	-43.745632
15977.636719	-43.816628
16020.703125	-43.914474
16063.769531	-43.965019
16106.835938	-44.182549
16149.902344	-44.070957
16192.968750	-43.704342
16236.035156	-44.245037
16279.101562	-44.386791
16322.167969	-44.096146
16365.234375	-44.083084
16408.300781	-44.204464
16451.367188	-44.257793
16494.433594	-44.074913
16537.500000	-44.478481
16580.566406	-45.195393
16623.632812	-44.693336
16666.699219	-44.796803
16709.765625	-44.753487
16752.832031	-44.753468
16795.898438	-44.500458
16838.964844	-44.525562
16882.031250	-44.876122
16925.097656	-45.229191
16968.164062	-45.105827
17011.230469	-44.657871
17054.296875	-45.117607
17097.363281	-45.542233
17140.429688	-45.177635
17183.496094	-45.281101
17226.562500	-45.522270
17269.628906	-45.821175
17312.695312	-46.104729
17355.761719	-46.126842
17398.828125	-45.961552
17441.894531	-45.492069
17484.960938	-45.215233
17528.027344	-45.463825
17571.093750	-45.721214
17614.160156	-46.035858
17657.226562	-46.458019
17700.292969	-46.328930
17743.359375	-46.256725
17786.425781	-46.345493
17829.492188	-46.159420
17872.558594	-46.289684
17915.625000	-46.573933
17958.691406	-46.836685
18001.757812	-46.839035
18044.824219	-46.879292
18087.890625	-46.784531
18130.957031	-46.723408
18174.023438	-46.924007
18217.089844	-47.063652
18260.156250	-47.161705
18303.222656	-47.382702
18346.289062	-47.149685
18389.355469	-47.335331
18432.421875	-46.977543
18475.488281	-47.049889
18518.554688	-47.000458
18561.621094	-46.903389
18604.687500	-47.111088
18647.753906	-47.122265
18690.820312	-47.406754
18733.886719	-47.542408
18776.953125	-47.674454
18820.019531	-48.050896
18863.085938	-47.484940
18906.152344	-47.504711
18949.218750	-47.537746
18992.285156	-47.745594
19035.351562	-47.620838
19078.417969	-47.792675
19121.484375	-47.588505
19164.550781	-47.487873
19207.617188	-48.012253
19250.683594	-48.003307
19293.750000	-48.441708
19336.816406	-48.658405
19379.882812	-48.515865
19422.949219	-48.124790
19466.015625	-48.259804
19509.082031	-47.933140
19552.148438	-47.720970
19595.214844	-48.347996
19638.281250	-48.332214
19681.347656	-48.099026
19724.414062	-48.208347
19767.480469	-48.268223
19810.546875	-48.451340
19853.613281	-48.675938
19896.679688	-48.913857
19939.746094	-48.827145
19982.812500	-48.687958
20025.878906	-48.722809
20068.945312	-49.046947
20112.011719	-49.097992
20155.078125	-49.142296
20198.144531	-49.684418
20241.210938	-49.284218
20284.277344	-49.347713
20327.343750	-49.358341
20370.410156	-49.499161
20413.476562	-49.434654
20456.542969	-49.551281
20499.609375	-49.509323
20542.675781	-49.582123
20585.742188	-49.606327
20628.808594	-49.952480
20671.875000	-49.643993
20714.941406	-49.944469
20758.007812	-49.842510
20801.074219	-50.010830
20844.140625	-50.171146
20887.207031	-50.099674
20930.273438	-50.126198
20973.339844	-49.789181
21016.406250	-49.739090
21059.472656	-49.859940
21102.539062	-50.021091
21145.605469	-50.027550
21188.671875	-50.333385
21231.738281	-50.725765
21274.804688	-50.198360
21317.871094	-50.476559
21360.937500	-50.909313
21404.003906	-51.164528
21447.070312	-50.946735
21490.136719	-50.687069
21533.203125	-51.033825
21576.269531	-51.296829
21619.335938	-51.201847
21662.402344	-51.379044
21705.468750	-51.078934
21748.535156	-50.960949
21791.601562	-51.089191
21834.667969	-50.814053
21877.734375	-50.874310
21920.800781	-50.931984
21963.867188	-51.064121
22006.933594	-51.178825
