Frequency (Hz)	Level (dB)
43.066406	-26.691042
86.132812	-22.343645
129.199219	-20.570652
172.265625	-19.708590
215.332031	-19.387222
258.398438	-19.794739
301.464844	-20.361290
344.531250	-20.713835
387.597656	-20.953907
430.664062	-21.214441
473.730469	-21.552849
516.796875	-22.045874
559.863281	-22.151381
602.929688	-22.009550
645.996094	-21.881130
689.062500	-21.998672
732.128906	-22.199562
775.195312	-22.424620
818.261719	-22.442871
861.328125	-22.675711
904.394531	-22.838158
947.460938	-22.990242
990.527344	-22.975243
1033.593750	-23.220076
1076.660156	-22.973743
1119.726562	-22.878534
1162.792969	-22.842049
1205.859375	-23.267426
1248.925781	-23.876207
1291.992188	-24.073013
1335.058594	-23.331757
1378.125000	-23.397209
1421.191406	-23.826082
1464.257812	-24.287355
1507.324219	-24.079250
1550.390625	-23.838232
1593.457031	-24.101391
1636.523438	-24.372065
1679.589844	-24.448362
1722.656250	-24.154873
1765.722656	-24.416803
1808.789062	-24.821468
1851.855469	-25.025093
1894.921875	-25.497663
1937.988281	-25.217718
1981.054688	-24.936342
2024.121094	-24.676588
2067.187500	-24.719566
2110.253906	-25.460686
2153.320312	-25.462206
2196.386719	-25.634314
2239.453125	-25.458910
2282.519531	-25.362543
2325.585938	-25.479961
2368.652344	-25.657784
2411.718750	-26.173429
2454.785156	-26.597046
2497.851562	-26.504213
2540.917969	-26.207634
2583.984375	-26.374960
2627.050781	-26.791416
2670.117188	-26.791834
2713.183594	-26.429804
2756.250000	-26.478354
2799.316406	-26.855598
2842.382812	-26.914188
2885.449219	-27.048651
2928.515625	-26.836615
2971.582031	-27.307022
3014.648438	-27.604233
3057.714844	-27.353970
3100.781250	-27.351734
3143.847656	-27.219213
3186.914062	-27.479830
3229.980469	-27.906054
3273.046875	-27.944557
3316.113281	-27.692404
3359.179688	-28.311224
3402.246094	-28.120554
3445.312500	-28.207636
3488.378906	-28.322762
3531.445312	-28.192621
3574.511719	-28.397421
3617.578125	-28.694767
3660.644531	-28.435324
3703.710938	-28.372066
3746.777344	-28.878103
3789.843750	-28.714230
3832.910156	-29.137207
3875.976562	-29.027037
3919.042969	-29.325953
3962.109375	-29.672113
4005.175781	-29.655149
4048.242188	-30.212091
4091.308594	-30.054018
4134.375000	-29.795637
4177.441406	-29.888470
4220.507812	-30.035736
4263.574219	-30.343697
4306.640625	-30.924215
4349.707031	-30.414860
4392.773438	-30.605715
4435.839844	-30.586336
4478.906250	-30.318689
4521.972656	-30.712543
4565.039062	-30.911510
4608.105469	-30.955288
4651.171875	-31.237099
4694.238281	-31.148661
4737.304688	-30.805630
4780.371094	-30.897064
4823.437500	-31.176607
4866.503906	-30.903040
4909.570312	-31.133238
4952.636719	-31.756733
4995.703125	-31.780659
5038.769531	-31.886959
5081.835938	-31.519857
5124.902344	-31.784916
5167.968750	-31.843510
5211.035156	-31.799595
5254.101562	-32.362358
5297.167969	-32.199280
5340.234375	-32.361294
5383.300781	-32.402493
5426.367188	-32.482002
5469.433594	-32.686161
5512.500000	-32.904327
5555.566406	-32.649586
5598.632812	-32.716351
5641.699219	-32.854832
5684.765625	-32.777790
5727.832031	-33.080112
5770.898438	-33.463169
5813.964844	-33.337841
5857.031250	-33.466904
5900.097656	-33.616550
5943.164062	-33.263611
5986.230469	-33.605259
6029.296875	-33.598526
6072.363281	-33.862118
6115.429688	-33.949768
6158.496094	-33.976673
6201.562500	-34.422012
6244.628906	-34.403492
6287.695312	-34.361565
6330.761719	-34.360958
6373.828125	-34.256332
6416.894531	-34.296818
6459.960938	-34.226990
6503.027344	-34.542248
6546.093750	-34.802349
6589.160156	-35.289394
6632.226562	-35.357220
6675.292969	-34.994972
6718.359375	-35.049763
6761.425781	-35.529232
6804.492188	-35.613384
6847.558594	-35.157940
6890.625000	-35.390400
6933.691406	-35.423134
6976.757812	-35.392822
7019.824219	-35.653843
7062.890625	-36.165012
7105.957031	-36.470882
7149.023438	-36.698002
7192.089844	-36.494682
7235.156250	-36.207241
7278.222656	-36.171780
7321.289062	-36.233704
7364.355469	-36.164291
7407.421875	-36.555233
7450.488281	-36.555824
7493.554688	-36.564762
7536.621094	-36.703316
7579.687500	-36.971924
7622.753906	-36.955429
7665.820312	-37.165119
7708.886719	-37.286705
7751.953125	-36.574245
7795.019531	-36.913876
7838.085938	-36.891987
7881.152344	-37.280296
7924.218750	-37.544922
7967.285156	-37.470074
8010.351562	-37.597961
8053.417969	-37.619419
8096.484375	-37.666824
8139.550781	-37.711674
8182.617188	-38.002632
8225.683594	-38.088131
8268.750000	-38.417980
8311.816406	-38.307198
8354.882812	-38.085384
8397.949219	-38.511017
8441.015625	-38.659618
8484.082031	-38.461838
8527.148438	-38.956604
8570.214844	-38.972187
8613.281250	-38.913246
8656.347656	-39.010345
8699.414062	-38.616905
8742.480469	-39.180099
8785.546875	-38.840240
8828.613281	-38.629276
8871.679688	-39.004318
8914.746094	-39.176289
8957.812500	-39.470684
9000.878906	-39.716263
9043.945312	-39.543526
9087.011719	-39.663967
9130.078125	-39.418556
9173.144531	-39.457386
9216.210938	-40.252335
9259.277344	-40.457294
9302.343750	-40.151291
9345.410156	-39.995834
9388.476562	-40.161057
9431.542969	-39.771961
9474.609375	-39.673969
9517.675781	-39.924351
9560.742188	-40.218979
9603.808594	-40.422287
9646.875000	-40.925655
9689.941406	-41.080833
9733.007812	-40.774445
9776.074219	-41.127316
9819.140625	-41.232803
9862.207031	-40.922882
9905.273438	-40.668262
9948.339844	-40.762840
9991.406250	-41.163242
10034.472656	-40.777397
10077.539062	-40.899075
10120.605469	-40.802052
10163.671875	-40.997208
10206.738281	-41.236771
10249.804688	-41.386333
10292.871094	-41.341835
10335.937500	-41.852898
10379.003906	-41.926220
10422.070312	-41.519581
10465.136719	-41.660126
10508.203125	-41.536282
10551.269531	-42.194973
10594.335938	-41.967918
10637.402344	-42.129333
10680.468750	-42.055359
10723.535156	-42.101936
10766.601562	-42.900261
10809.667969	-42.560810
10852.734375	-42.164291
10895.800781	-42.289684
10938.867188	-42.292446
10981.933594	-42.517639
11025.000000	-42.575321
11068.066406	-42.598442
11111.132812	-42.689819
11154.199219	-42.771942
11197.265625	-42.859188
11240.332031	-43.014835
11283.398438	-42.993252
11326.464844	-42.920441
11369.531250	-43.000343
11412.597656	-43.371342
11455.664062	-43.326420
11498.730469	-42.985798
11541.796875	-42.953381
11584.863281	-43.248985
11627.929688	-43.351986
11670.996094	-43.697773
11714.062500	-43.521191
11757.128906	-43.549461
11800.195312	-43.756454
11843.261719	-43.892185
11886.328125	-44.011345
11929.394531	-44.301636
11972.460938	-44.310322
12015.527344	-44.190708
12058.593750	-44.131504
12101.660156	-44.319584
12144.726562	-44.127369
12187.792969	-44.358932
12230.859375	-44.446980
12273.925781	-44.283211
12316.992188	-44.210793
12360.058594	-44.458408
12403.125000	-44.455521
12446.191406	-44.510178
12489.257812	-44.716183
12532.324219	-45.249706
12575.390625	-45.231388
12618.457031	-45.344681
12661.523438	-45.472420
12704.589844	-45.116207
12747.656250	-45.049576
12790.722656	-45.256454
12833.789062	-45.203266
12876.855469	-45.125381
12919.921875	-45.113029
12962.988281	-45.610500
13006.054688	-45.713661
13049.121094	-46.108772
13092.187500	-46.176949
13135.253906	-45.816154
13178.320312	-45.888573
13221.386719	-45.954990
13264.453125	-46.241234
13307.519531	-46.457771
13350.585938	-46.151218
13393.652344	-45.797783
13436.718750	-45.815781
13479.785156	-46.180511
13522.851562	-46.667686
13565.917969	-46.656506
13608.984375	-46.637676
13652.050781	-46.238640
13695.117188	-46.539284
13738.183594	-46.728542
13781.250000	-46.590759
13824.316406	-46.770027
13867.382812	-46.927246
13910.449219	-47.100597
13953.515625	-47.129906
13996.582031	-47.243584
14039.648438	-46.720535
14082.714844	-46.837959
14125.781250	-47.067684
14168.847656	-46.825951
14211.914062	-47.056587
14254.980469	-47.240044
14298.046875	-47.280689
14341.113281	-47.733822
14384.179688	-47.485439
14427.246094	-47.614555
14470.312500	-47.556889
14513.378906	-47.351406
14556.445312	-47.475933
14599.511719	-47.366104
14642.578125	-47.358749
14685.644531	-47.678787
14728.710938	-47.778629
14771.777344	-48.157852
14814.843750	-48.363338
14857.910156	-47.907726
14900.976562	-48.040577
14944.042969	-48.105946
14987.109375	-48.692101
15030.175781	-48.825962
15073.242188	-48.782730
15116.308594	-48.587868
15159.375000	-48.185829
15202.441406	-48.328152
15245.507812	-48.873924
15288.574219	-48.879917
15331.640625	-48.843410
15374.707031	-48.817562
15417.773438	-48.848633
15460.839844	-48.863663
15503.906250	-49.581055
15546.972656	-49.165195
15590.039062	-49.035351
15633.105469	-49.323036
15676.171875	-49.199478
15719.238281	-49.403397
15762.304688	-49.489540
15805.371094	-49.461411
15848.437500	-49.827633
15891.503906	-49.536129
15934.570312	-49.418873
15977.636719	-49.597599
16020.703125	-49.685162
16063.769531	-49.898537
16106.835938	-49.917801
16149.902344	-49.651863
16192.968750	-49.980824
16236.035156	-50.256500
16279.101562	-50.374516
16322.167969	-49.954018
16365.234375	-49.575874
16408.300781	-49.823097
16451.367188	-50.165874
16494.433594	-50.265991
16537.500000	-50.402260
16580.566406	-50.380760
16623.632812	-50.244812
16666.699219	-50.355091
16709.765625	-51.164230
16752.832031	-51.329861
16795.898438	-50.862530
16838.964844	-50.661575
16882.031250	-50.516533
16925.097656	-50.890282
16968.164062	-50.830929
17011.230469	-50.270828
17054.296875	-50.830608
17097.363281	-51.300224
17140.429688	-51.140484
17183.496094	-51.422825
17226.562500	-50.987808
17269.628906	-50.874718
17312.695312	-50.915215
17355.761719	-51.174526
17398.828125	-51.209927
17441.894531	-51.543430
17484.960938	-51.681862
17528.027344	-51.774925
17571.093750	-51.706856
17614.160156	-51.291420
17657.226562	-51.279926
17700.292969	-52.251953
17743.359375	-52.670624
17786.425781	-52.261292
17829.492188	-51.901955
17872.558594	-52.117580
17915.625000	-52.349831
17958.691406	-52.134819
18001.757812	-51.848228
18044.824219	-52.186382
18087.890625	-52.402260
18130.957031	-52.437462
18174.023438	-52.439602
18217.089844	-52.426624
18260.156250	-52.453197
18303.222656	-52.792080
18346.289062	-52.825745
18389.355469	-53.482258
18432.421875	-53.354141
18475.488281	-53.251007
18518.554688	-53.175522
18561.621094	-53.234814
18604.687500	-52.922142
18647.753906	-52.886726
18690.820312	-53.598232
18733.886719	-53.684635
18776.953125	-53.866726
18820.019531	-53.738125
18863.085938	-53.074963
18906.152344	-53.352074
18949.218750	-53.569466
18992.285156	-53.301891
19035.351562	-53.460487
19078.417969	-53.272022
19121.484375	-53.338444
19164.550781	-53.623051
19207.617188	-53.689323
19250.683594	-53.887169
19293.750000	-54.100872
19336.816406	-54.288605
19379.882812	-54.475349
19422.949219	-54.650143
19466.015625	-54.119854
19509.082031	-54.042698
19552.148438	-53.989120
19595.214844	-54.326183
19638.281250	-54.370014
19681.347656	-54.120457
19724.414062	-53.945957
19767.480469	-54.133320
19810.546875	-54.588287
19853.613281	-54.956997
19896.679688	-54.904728
19939.746094	-54.353233
19982.812500	-54.501297
20025.878906	-54.733551
20068.945312	-54.800022
20112.011719	-55.088875
20155.078125	-55.012745
20198.144531	-55.203812
20241.210938	-54.999920
20284.277344	-55.104290
20327.343750	-55.234325
20370.410156	-54.994648
20413.476562	-54.989464
20456.542969	-55.442574
20499.609375	-55.192661
20542.675781	-55.195908
20585.742188	-55.623058
20628.808594	-55.826725
20671.875000	-55.583344
20714.941406	-55.876797
20758.007812	-55.881115
20801.074219	-55.508583
20844.140625	-55.686699
20887.207031	-56.191677
20930.273438	-56.233826
20973.339844	-55.959587
21016.406250	-56.120361
21059.472656	-55.981438
21102.539062	-56.186306
21145.605469	-56.394390
21188.671875	-56.546944
21231.738281	-56.274803
21274.804688	-56.178123
21317.871094	-56.624657
21360.937500	-56.326611
21404.003906	-56.316498
21447.070312	-56.395363
21490.136719	-56.674046
21533.203125	-56.719761
21576.269531	-56.868279
21619.335938	-56.489300
21662.402344	-56.744156
21705.468750	-57.056602
21748.535156	-56.768864
21791.601562	-57.091579
21834.667969	-57.134205
21877.734375	-57.333641
21920.800781	-57.283329
21963.867188	-57.562656
22006.933594	-57.070633
