Frequency (Hz)	Level (dB)
43.066406	-26.195118
86.132812	-21.749052
129.199219	-20.018568
172.265625	-19.360302
215.332031	-19.174273
258.398438	-19.221909
301.464844	-19.521786
344.531250	-20.235466
387.597656	-20.596077
430.664062	-21.027210
473.730469	-21.359032
516.796875	-21.531094
559.863281	-21.622496
602.929688	-20.956280
645.996094	-21.071367
689.062500	-21.325031
732.128906	-21.065651
775.195312	-21.357679
818.261719	-21.008942
861.328125	-20.950121
904.394531	-21.310856
947.460938	-21.246655
990.527344	-21.001326
1033.593750	-20.828516
1076.660156	-20.732437
1119.726562	-20.928398
1162.792969	-21.359875
1205.859375	-20.754070
1248.925781	-20.513029
1291.992188	-20.778965
1335.058594	-21.041515
1378.125000	-20.556458
1421.191406	-21.066494
1464.257812	-21.316278
1507.324219	-21.094126
1550.390625	-20.856958
1593.457031	-20.936752
1636.523438	-21.135046
1679.589844	-21.168272
1722.656250	-21.261610
1765.722656	-21.230000
1808.789062	-21.235071
1851.855469	-21.387928
1894.921875	-21.982489
1937.988281	-22.176947
1981.054688	-22.292469
2024.121094	-22.132574
2067.187500	-21.841274
2110.253906	-22.380894
2153.320312	-22.081383
2196.386719	-22.095280
2239.453125	-22.118011
2282.519531	-22.099491
2325.585938	-22.231323
2368.652344	-22.472622
2411.718750	-22.932032
2454.785156	-22.720846
2497.851562	-22.905809
2540.917969	-23.436129
2583.984375	-23.326578
2627.050781	-23.358345
2670.117188	-23.613277
2713.183594	-23.356361
2756.250000	-23.696802
2799.316406	-23.566521
2842.382812	-23.498821
2885.449219	-23.596970
2928.515625	-23.937840
2971.582031	-23.976713
3014.648438	-24.268684
3057.714844	-24.310904
3100.781250	-24.412266
3143.847656	-24.348394
3186.914062	-24.182356
3229.980469	-24.145906
3273.046875	-24.459810
3316.113281	-24.702635
3359.179688	-24.756969
3402.246094	-25.052307
3445.312500	-25.316076
3488.378906	-25.648890
3531.445312	-25.660833
3574.511719	-25.579775
3617.578125	-25.897322
3660.644531	-25.418232
3703.710938	-25.671030
3746.777344	-25.901300
3789.843750	-26.364101
3832.910156	-26.019192
3875.976562	-25.621099
3919.042969	-25.950207
3962.109375	-26.167353
4005.175781	-26.077621
4048.242188	-25.953577
4091.308594	-26.181654
4134.375000	-26.533340
4177.441406	-26.949455
4220.507812	-26.874819
4263.574219	-26.651722
4306.640625	-26.983362
4349.707031	-27.157305
4392.773438	-27.223930
4435.839844	-27.751366
4478.906250	-27.624006
4521.972656	-27.599548
4565.039062	-27.817347
4608.105469	-27.668936
4651.171875	-27.881557
4694.238281	-28.200117
4737.304688	-28.158039
4780.371094	-27.871201
4823.437500	-28.118578
4866.503906	-28.482801
4909.570312	-28.604992
4952.636719	-28.381479
4995.703125	-28.672451
5038.769531	-28.830530
5081.835938	-28.937143
5124.902344	-29.541965
5167.968750	-29.411436
5211.035156	-29.376202
5254.101562	-29.178827
5297.167969	-29.306715
5340.234375	-29.241528
5383.300781	-29.505577
5426.367188	-30.004673
5469.433594	-29.850595
5512.500000	-29.893599
5555.566406	-29.992006
5598.632812	-29.857754
5641.699219	-29.873821
5684.765625	-30.466322
5727.832031	-30.651423
5770.898438	-30.833626
5813.964844	-30.785517
5857.031250	-30.790079
5900.097656	-30.913298
5943.164062	-30.447355
5986.230469	-30.686663
6029.296875	-30.906889
6072.363281	-31.037203
6115.429688	-30.815527
6158.496094	-30.876675
6201.562500	-31.233183
6244.628906	-31.543436
6287.695312	-31.610594
6330.761719	-31.578087
6373.828125	-31.582138
6416.894531	-31.644730
6459.960938	-31.573494
6503.027344	-31.870808
6546.093750	-31.794537
6589.160156	-32.094387
6632.226562	-32.396214
6675.292969	-32.384151
6718.359375	-32.543091
6761.425781	-32.520794
6804.492188	-32.518429
6847.558594	-32.163448
6890.625000	-32.452358
6933.691406	-32.639717
6976.757812	-32.640034
7019.824219	-33.079338
7062.890625	-33.037807
7105.957031	-33.385502
7149.023438	-33.499924
7192.089844	-33.176373
7235.156250	-33.260784
7278.222656	-33.197769
7321.289062	-33.807262
7364.355469	-33.642170
7407.421875	-33.847801
7450.488281	-33.927528
7493.554688	-34.295151
7536.621094	-34.251526
7579.687500	-33.861752
7622.753906	-34.039886
7665.820312	-34.257072
7708.886719	-34.927307
7751.953125	-34.937775
7795.019531	-34.637844
7838.085938	-34.933029
7881.152344	-34.214657
7924.218750	-34.638844
7967.285156	-35.463810
8010.351562	-35.225784
8053.417969	-35.595783
8096.484375	-35.468861
8139.550781	-35.068138
8182.617188	-34.869316
8225.683594	-34.931435
8268.750000	-35.212078
8311.816406	-35.584587
8354.882812	-35.887691
8397.949219	-36.066410
8441.015625	-36.316269
8484.082031	-36.387035
8527.148438	-36.415497
8570.214844	-36.281582
8613.281250	-35.932789
8656.347656	-35.768635
8699.414062	-36.240677
8742.480469	-36.718582
8785.546875	-36.387451
8828.613281	-36.200085
8871.679688	-36.638962
8914.746094	-37.027058
8957.812500	-36.858742
9000.878906	-36.873947
9043.945312	-36.909874
9087.011719	-37.018635
9130.078125	-37.088459
9173.144531	-37.044041
9216.210938	-36.866688
9259.277344	-37.020866
9302.343750	-37.585201
9345.410156	-37.718987
9388.476562	-37.588020
9431.542969	-37.876301
9474.609375	-37.812187
9517.675781	-37.829369
9560.742188	-37.948318
9603.808594	-37.784946
9646.875000	-38.072796
9689.941406	-38.236065
9733.007812	-37.960304
9776.074219	-38.033310
9819.140625	-38.353447
9862.207031	-38.432087
9905.273438	-38.882191
9948.339844	-38.843445
9991.406250	-38.651688
10034.472656	-39.018970
10077.539062	-38.675755
10120.605469	-38.740505
10163.671875	-38.888145
10206.738281	-39.205303
10249.804688	-39.426003
10292.871094	-38.695385
10335.937500	-39.096718
10379.003906	-39.223465
10422.070312	-39.106728
10465.136719	-39.353779
10508.203125	-39.515320
10551.269531	-39.368011
10594.335938	-39.482086
10637.402344	-39.696682
10680.468750	-40.447430
10723.535156	-40.147247
10766.601562	-39.823719
10809.667969	-39.970016
10852.734375	-39.840042
10895.800781	-40.451439
10938.867188	-40.422543
10981.933594	-40.126472
11025.000000	-40.069855
11068.066406	-39.950367
11111.132812	-39.956093
11154.199219	-40.786098
11197.265625	-41.149704
11240.332031	-40.777821
11283.398438	-40.527386
11326.464844	-40.548046
11369.531250	-40.723022
11412.597656	-41.077927
11455.664062	-40.758301
11498.730469	-41.068642
11541.796875	-41.307686
11584.863281	-41.394966
11627.929688	-41.331512
11670.996094	-41.432663
11714.062500	-41.534176
11757.128906	-41.406929
11800.195312	-41.503357
11843.261719	-41.397354
11886.328125	-41.243191
11929.394531	-41.538811
11972.460938	-41.975353
12015.527344	-42.042812
12058.593750	-41.828606
12101.660156	-41.410645
12144.726562	-41.737507
12187.792969	-42.058533
12230.859375	-42.496513
12273.925781	-42.445274
12316.992188	-42.791714
12360.058594	-42.643494
12403.125000	-42.386929
12446.191406	-42.442326
12489.257812	-43.121937
12532.324219	-42.847183
12575.390625	-42.674164
12618.457031	-42.711754
12661.523438	-42.660858
12704.589844	-42.437019
12747.656250	-42.891052
12790.722656	-43.372066
12833.789062	-43.441341
12876.855469	-43.253967
12919.921875	-43.081753
12962.988281	-43.385662
13006.054688	-43.405788
13049.121094	-43.229214
13092.187500	-43.332588
13135.253906	-43.574165
13178.320312	-43.722000
13221.386719	-43.644917
13264.453125	-43.519482
13307.519531	-43.650185
13350.585938	-43.481522
13393.652344	-43.876907
13436.718750	-44.233994
13479.785156	-44.285843
13522.851562	-44.025475
13565.917969	-44.078766
13608.984375	-44.788094
13652.050781	-44.372353
13695.117188	-44.543102
13738.183594	-44.745102
13781.250000	-44.707203
13824.316406	-44.178638
13867.382812	-44.153625
13910.449219	-44.801800
13953.515625	-45.105316
13996.582031	-45.099308
14039.648438	-45.008686
14082.714844	-44.992977
14125.781250	-44.978031
14168.847656	-45.455109
14211.914062	-45.442257
14254.980469	-45.515259
14298.046875	-44.918213
14341.113281	-44.833019
14384.179688	-45.073799
14427.246094	-44.966915
14470.312500	-45.303387
14513.378906	-45.881123
14556.445312	-45.974960
14599.511719	-46.018612
14642.578125	-45.581318
14685.644531	-46.498772
14728.710938	-46.248184
14771.777344	-45.817932
14814.843750	-45.703213
14857.910156	-45.787640
14900.976562	-45.871567
14944.042969	-46.208641
14987.109375	-46.070026
15030.175781	-46.309361
15073.242188	-46.678989
15116.308594	-46.471931
15159.375000	-46.401524
15202.441406	-46.671162
15245.507812	-46.689369
15288.574219	-46.754681
15331.640625	-46.696651
15374.707031	-46.862904
15417.773438	-46.994781
15460.839844	-46.881260
15503.906250	-47.028858
15546.972656	-46.931629
15590.039062	-46.924393
15633.105469	-47.361832
15676.171875	-47.028549
15719.238281	-46.902699
15762.304688	-47.608513
15805.371094	-47.737411
15848.437500	-47.241875
15891.503906	-47.173447
15934.570312	-47.547565
15977.636719	-47.381718
16020.703125	-47.277878
16063.769531	-47.687759
16106.835938	-47.539738
16149.902344	-47.481148
16192.968750	-47.716759
16236.035156	-47.853783
16279.101562	-47.898193
16322.167969	-48.030781
16365.234375	-48.119896
16408.300781	-47.885731
16451.367188	-47.867218
16494.433594	-47.776791
16537.500000	-48.325275
16580.566406	-48.637581
16623.632812	-48.543480
16666.699219	-48.357655
16709.765625	-48.164104
16752.832031	-48.349113
16795.898438	-48.282131
16838.964844	-48.467899
16882.031250	-48.380798
16925.097656	-48.638706
16968.164062	-48.727070
17011.230469	-48.551659
17054.296875	-48.910290
17097.363281	-49.466682
17140.429688	-49.197834
17183.496094	-49.269962
17226.562500	-49.520226
17269.628906	-49.305115
17312.695312	-49.736877
17355.761719	-49.738449
17398.828125	-49.526924
17441.894531	-48.840302
17484.960938	-48.765972
17528.027344	-49.298595
17571.093750	-49.581863
17614.160156	-49.693520
17657.226562	-49.942005
17700.292969	-50.032890
17743.359375	-49.772331
17786.425781	-49.772720
17829.492188	-49.865654
17872.558594	-49.881702
17915.625000	-50.191944
17958.691406	-50.473331
18001.757812	-50.805977
18044.824219	-50.399139
18087.890625	-50.419239
18130.957031	-50.370079
18174.023438	-50.559010
18217.089844	-50.790783
18260.156250	-50.808350
18303.222656	-50.600216
18346.289062	-50.541157
18389.355469	-51.223984
18432.421875	-50.938660
18475.488281	-50.536098
18518.554688	-50.731197
18561.621094	-50.903931
18604.687500	-50.765453
18647.753906	-50.762638
18690.820312	-51.003719
18733.886719	-51.305237
18776.953125	-51.358261
18820.019531	-51.432091
18863.085938	-50.995155
18906.152344	-51.156570
18949.218750	-51.356010
18992.285156	-51.342220
19035.351562	-51.135990
19078.417969	-51.211166
19121.484375	-51.379021
19164.550781	-51.081680
19207.617188	-51.311447
19250.683594	-51.661098
19293.750000	-51.877922
19336.816406	-52.134426
19379.882812	-51.898243
19422.949219	-51.821438
19466.015625	-52.052513
19509.082031	-51.740231
19552.148438	-51.512283
19595.214844	-51.879604
19638.281250	-51.789154
19681.347656	-51.699795
19724.414062	-51.829506
19767.480469	-52.186798
19810.546875	-52.630512
19853.613281	-52.554562
19896.679688	-52.606781
19939.746094	-52.307514
19982.812500	-52.202946
20025.878906	-51.819214
20068.945312	-51.880482
20112.011719	-51.982731
20155.078125	-52.477280
20198.144531	-53.008400
20241.210938	-52.786285
20284.277344	-52.794861
20327.343750	-52.858547
20370.410156	-52.736790
20413.476562	-52.559719
20456.542969	-52.758400
20499.609375	-53.148926
20542.675781	-53.102692
20585.742188	-53.081646
20628.808594	-53.350094
20671.875000	-53.411556
20714.941406	-53.767986
20758.007812	-53.657013
20801.074219	-53.579559
20844.140625	-53.716385
20887.207031	-53.743748
20930.273438	-53.248116
20973.339844	-53.221394
21016.406250	-53.887909
21059.472656	-53.626587
21102.539062	-53.885735
21145.605469	-54.110264
21188.671875	-54.130718
21231.738281	-54.066250
21274.804688	-54.064892
21317.871094	-54.295746
21360.937500	-54.318806
21404.003906	-54.546364
21447.070312	-54.599705
21490.136719	-54.863586
21533.203125	-54.850117
21576.269531	-55.020824
21619.335938	-54.759579
21662.402344	-54.756573
21705.468750	-54.655617
21748.535156	-54.811768
21791.601562	-54.784256
21834.667969	-54.788532
21877.734375	-54.524311
21920.800781	-54.268158
21963.867188	-54.616646
22006.933594	-54.664753
