Frequency (Hz)	Level (dB)
43.066406	-24.544683
86.132812	-22.149351
129.199219	-21.666561
172.265625	-21.661983
215.332031	-22.012852
258.398438	-22.561983
301.464844	-23.097813
344.531250	-23.865131
387.597656	-24.334961
430.664062	-24.992031
473.730469	-25.500015
516.796875	-26.061033
559.863281	-26.572357
602.929688	-26.522919
645.996094	-26.904028
689.062500	-27.606350
732.128906	-27.728895
775.195312	-28.299831
818.261719	-28.577402
861.328125	-29.015968
904.394531	-29.432917
947.460938	-29.823046
990.527344	-30.092939
1033.593750	-30.298777
1076.660156	-30.485958
1119.726562	-30.915792
1162.792969	-31.250317
1205.859375	-31.343693
1248.925781	-31.640345
1291.992188	-32.282768
1335.058594	-32.448627
1378.125000	-32.158741
1421.191406	-32.841614
1464.257812	-33.284294
1507.324219	-33.248444
1550.390625	-33.379253
1593.457031	-33.647270
1636.523438	-34.114738
1679.589844	-34.193214
1722.656250	-34.281773
1765.722656	-34.697216
1808.789062	-35.118893
1851.855469	-35.233555
1894.921875	-35.836277
1937.988281	-35.905304
1981.054688	-36.025150
2024.121094	-36.256687
2067.187500	-36.395229
2110.253906	-36.599518
2153.320312	-36.802742
2196.386719	-37.002747
2239.453125	-37.155754
2282.519531	-37.277882
2325.585938	-37.399158
2368.652344	-37.731701
2411.718750	-38.107143
2454.785156	-38.650867
2497.851562	-38.706097
2540.917969	-38.715149
2583.984375	-38.908749
2627.050781	-39.110912
2670.117188	-39.398739
2713.183594	-39.543831
2756.250000	-39.867722
2799.316406	-39.670837
2842.382812	-40.100288
2885.449219	-40.404888
2928.515625	-40.437176
2971.582031	-40.820511
3014.648438	-41.113857
3057.714844	-41.288960
3100.781250	-41.411480
3143.847656	-41.337902
3186.914062	-41.524391
3229.980469	-41.608688
3273.046875	-42.126583
3316.113281	-42.462357
3359.179688	-42.475807
3402.246094	-42.521568
3445.312500	-42.789810
3488.378906	-43.172047
3531.445312	-43.116203
3574.511719	-43.449646
3617.578125	-43.848461
3660.644531	-43.528450
3703.710938	-43.565960
3746.777344	-44.047966
3789.843750	-44.405823
3832.910156	-44.689442
3875.976562	-44.571098
3919.042969	-44.873005
3962.109375	-45.103554
4005.175781	-45.281208
4048.242188	-45.262386
4091.308594	-45.642876
4134.375000	-45.572235
4177.441406	-45.599743
4220.507812	-45.930428
4263.574219	-46.031475
4306.640625	-46.380623
4349.707031	-46.504307
4392.773438	-46.610611
4435.839844	-46.953964
4478.906250	-46.813293
4521.972656	-47.209538
4565.039062	-47.421761
4608.105469	-47.345341
4651.171875	-47.806896
4694.238281	-47.847031
4737.304688	-47.704247
4780.371094	-47.759724
4823.437500	-48.233322
4866.503906	-48.432388
4909.570312	-48.532822
4952.636719	-48.484722
4995.703125	-48.735939
5038.769531	-49.326672
5081.835938	-49.244518
5124.902344	-49.455154
5167.968750	-49.617760
5211.035156	-49.731445
5254.101562	-50.032326
5297.167969	-50.223507
5340.234375	-50.030510
5383.300781	-49.932571
5426.367188	-50.434868
5469.433594	-50.677502
5512.500000	-51.007351
5555.566406	-51.027439
5598.632812	-51.148170
5641.699219	-51.136398
5684.765625	-51.246677
5727.832031	-51.492386
5770.898438	-51.612133
5813.964844	-51.757088
5857.031250	-51.675423
5900.097656	-51.891258
5943.164062	-51.892094
5986.230469	-52.127552
6029.296875	-52.333973
6072.363281	-52.582108
6115.429688	-52.602661
6158.496094	-52.751972
6201.562500	-53.144077
6244.628906	-53.257809
6287.695312	-52.946903
6330.761719	-53.141006
6373.828125	-53.409813
6416.894531	-53.411427
6459.960938	-53.439835
6503.027344	-53.601322
6546.093750	-53.977970
6589.160156	-54.388081
6632.226562	-54.574860
6675.292969	-54.467033
6718.359375	-54.513367
6761.425781	-54.797054
6804.492188	-54.976002
6847.558594	-54.926231
6890.625000	-55.015099
6933.691406	-55.215481
6976.757812	-55.432594
7019.824219	-55.519032
7062.890625	-55.557384
7105.957031	-55.902313
7149.023438	-56.119785
7192.089844	-56.031326
7235.156250	-55.968605
7278.222656	-55.902706
7321.289062	-56.012333
7364.355469	-56.219677
7407.421875	-56.555801
7450.488281	-56.825180
7493.554688	-56.917835
7536.621094	-56.814606
7579.687500	-57.241314
7622.753906	-57.371159
7665.820312	-57.262001
7708.886719	-57.541290
7751.953125	-57.376266
7795.019531	-57.452927
7838.085938	-57.769245
7881.152344	-57.841305
7924.218750	-57.789280
7967.285156	-57.898453
8010.351562	-58.217514
8053.417969	-58.092899
8096.484375	-57.948326
8139.550781	-58.209545
8182.617188	-58.340683
8225.683594	-58.465118
8268.750000	-58.652744
8311.816406	-58.887905
8354.882812	-58.906601
8397.949219	-59.183369
8441.015625	-59.348404
8484.082031	-59.334442
8527.148438	-59.469990
8570.214844	-59.349403
8613.281250	-59.579639
8656.347656	-59.795033
8699.414062	-60.073524
8742.480469	-59.955311
8785.546875	-60.012020
8828.613281	-60.162189
8871.679688	-60.108162
8914.746094	-60.334484
8957.812500	-60.499004
9000.878906	-60.688873
9043.945312	-60.753761
9087.011719	-60.774590
9130.078125	-60.976585
9173.144531	-61.091991
9216.210938	-61.119286
9259.277344	-61.173092
9302.343750	-61.419594
9345.410156	-61.488285
9388.476562	-61.581299
9431.542969	-61.746773
9474.609375	-62.032425
9517.675781	-62.009762
9560.742188	-62.025517
9603.808594	-62.032215
9646.875000	-62.154240
9689.941406	-62.483673
9733.007812	-62.531757
9776.074219	-62.487473
9819.140625	-62.475758
9862.207031	-62.349777
9905.273438	-62.250854
9948.339844	-62.520290
9991.406250	-62.466099
10034.472656	-62.781246
10077.539062	-62.847916
10120.605469	-62.799717
10163.671875	-63.074715
10206.738281	-63.206779
10249.804688	-63.297585
10292.871094	-63.290604
10335.937500	-63.504955
10379.003906	-63.435009
10422.070312	-63.614635
10465.136719	-63.858616
10508.203125	-63.806911
10551.269531	-63.826439
10594.335938	-63.934093
10637.402344	-64.053398
10680.468750	-64.386536
10723.535156	-64.429482
10766.601562	-64.447716
10809.667969	-64.673134
10852.734375	-64.816360
10895.800781	-64.846619
10938.867188	-64.953056
10981.933594	-64.663460
11025.000000	-65.068382
11068.066406	-65.258751
11111.132812	-65.257637
11154.199219	-65.315987
11197.265625	-65.604523
11240.332031	-65.561790
11283.398438	-65.547951
11326.464844	-65.579636
11369.531250	-65.612961
11412.597656	-65.703499
11455.664062	-65.909248
11498.730469	-65.941940
11541.796875	-65.952698
11584.863281	-66.060989
11627.929688	-66.305283
11670.996094	-66.473801
11714.062500	-66.475334
11757.128906	-66.192581
11800.195312	-66.139427
11843.261719	-66.610550
11886.328125	-66.810814
11929.394531	-66.888412
11972.460938	-66.930313
12015.527344	-67.039330
12058.593750	-67.076836
12101.660156	-66.911797
12144.726562	-66.804787
12187.792969	-67.425026
12230.859375	-67.189568
12273.925781	-67.282364
12316.992188	-67.555092
12360.058594	-67.526939
12403.125000	-67.630798
12446.191406	-67.781364
12489.257812	-67.717850
12532.324219	-67.861809
12575.390625	-67.948074
12618.457031	-68.025955
12661.523438	-68.008163
12704.589844	-68.050545
12747.656250	-68.238548
12790.722656	-68.286964
12833.789062	-68.227249
12876.855469	-68.381248
12919.921875	-68.145264
12962.988281	-68.217659
13006.054688	-68.263588
13049.121094	-68.645775
13092.187500	-68.887146
13135.253906	-69.152451
13178.320312	-69.142975
13221.386719	-68.589890
13264.453125	-68.921860
13307.519531	-69.408142
13350.585938	-69.395134
13393.652344	-69.278221
13436.718750	-69.306412
13479.785156	-69.418816
13522.851562	-69.679306
13565.917969	-69.829384
13608.984375	-69.752762
13652.050781	-69.747726
13695.117188	-69.932968
13738.183594	-69.965515
13781.250000	-70.036163
13824.316406	-69.897476
13867.382812	-70.079056
13910.449219	-70.574516
13953.515625	-70.377571
13996.582031	-70.312866
14039.648438	-70.436432
14082.714844	-70.478333
14125.781250	-70.607269
14168.847656	-70.566994
14211.914062	-70.692200
14254.980469	-70.649513
14298.046875	-70.577133
14341.113281	-70.853905
14384.179688	-71.056168
14427.246094	-71.026665
14470.312500	-71.004929
14513.378906	-71.246330
14556.445312	-71.331451
14599.511719	-71.259018
14642.578125	-71.426720
14685.644531	-71.511391
14728.710938	-71.523460
14771.777344	-71.685394
14814.843750	-71.782440
14857.910156	-71.691818
14900.976562	-71.630165
14944.042969	-71.792908
14987.109375	-71.739220
15030.175781	-71.645775
15073.242188	-71.779907
15116.308594	-71.909233
15159.375000	-71.877991
15202.441406	-72.045868
15245.507812	-72.174004
15288.574219	-72.190544
15331.640625	-72.200470
15374.707031	-72.401840
15417.773438	-72.427429
15460.839844	-72.554962
15503.906250	-72.687424
15546.972656	-72.725838
15590.039062	-72.856415
15633.105469	-72.787971
15676.171875	-72.687531
15719.238281	-72.828087
15762.304688	-73.010994
15805.371094	-73.470078
15848.437500	-73.245262
15891.503906	-73.121902
15934.570312	-73.215416
15977.636719	-73.214287
16020.703125	-73.280624
16063.769531	-73.516945
16106.835938	-73.440659
16149.902344	-73.505615
16192.968750	-73.678673
16236.035156	-73.745270
16279.101562	-73.723114
16322.167969	-73.730492
16365.234375	-73.644684
16408.300781	-73.755112
16451.367188	-73.945961
16494.433594	-73.849121
16537.500000	-74.219345
16580.566406	-74.241707
16623.632812	-74.131813
16666.699219	-74.169876
16709.765625	-74.314056
16752.832031	-74.476959
16795.898438	-74.381401
16838.964844	-74.640404
16882.031250	-74.675041
16925.097656	-74.437271
16968.164062	-74.410965
17011.230469	-74.814949
17054.296875	-74.864830
17097.363281	-75.013702
17140.429688	-75.005440
17183.496094	-75.037590
17226.562500	-75.061462
17269.628906	-74.843445
17312.695312	-75.000618
17355.761719	-75.206947
17398.828125	-75.055450
17441.894531	-74.988655
17484.960938	-75.196167
17528.027344	-75.528839
17571.093750	-75.493675
17614.160156	-75.385803
17657.226562	-75.531456
17700.292969	-75.577896
17743.359375	-75.632713
17786.425781	-75.499725
17829.492188	-75.753914
17872.558594	-75.870163
17915.625000	-75.923332
17958.691406	-75.765564
18001.757812	-75.805740
18044.824219	-76.096214
18087.890625	-76.005295
18130.957031	-76.148842
18174.023438	-76.441338
18217.089844	-76.193542
18260.156250	-76.115097
18303.222656	-76.587883
18346.289062	-76.591263
18389.355469	-76.519127
18432.421875	-76.617325
18475.488281	-76.572433
18518.554688	-76.751854
18561.621094	-76.795364
18604.687500	-76.527245
18647.753906	-76.884903
18690.820312	-76.950546
18733.886719	-77.021057
18776.953125	-77.243927
18820.019531	-77.003731
18863.085938	-76.929428
18906.152344	-77.294151
18949.218750	-77.339706
18992.285156	-77.153740
19035.351562	-77.129669
19078.417969	-77.259766
19121.484375	-77.265022
19164.550781	-77.550369
19207.617188	-77.653091
19250.683594	-77.661682
19293.750000	-77.643570
19336.816406	-77.804085
19379.882812	-77.754112
19422.949219	-77.900208
19466.015625	-77.715736
19509.082031	-77.719391
19552.148438	-77.910057
19595.214844	-78.013496
19638.281250	-77.895592
19681.347656	-77.813377
19724.414062	-77.942886
19767.480469	-78.225769
19810.546875	-78.306694
19853.613281	-78.309113
19896.679688	-78.352676
19939.746094	-78.439461
19982.812500	-78.425156
20025.878906	-78.409874
20068.945312	-78.561081
20112.011719	-78.435410
20155.078125	-78.769951
20198.144531	-79.099174
20241.210938	-79.140343
20284.277344	-78.907822
20327.343750	-78.897507
20370.410156	-78.821945
20413.476562	-78.734665
20456.542969	-78.790436
20499.609375	-79.184029
20542.675781	-79.370033
20585.742188	-79.284843
20628.808594	-79.148972
20671.875000	-79.252083
20714.941406	-79.563759
20758.007812	-79.496132
20801.074219	-79.582397
20844.140625	-79.550987
20887.207031	-79.591324
20930.273438	-79.589165
20973.339844	-79.507080
21016.406250	-79.806374
21059.472656	-80.096199
21102.539062	-80.022652
21145.605469	-80.083229
21188.671875	-80.143944
21231.738281	-80.258957
21274.804688	-80.110687
21317.871094	-80.012108
21360.937500	-80.069771
21404.003906	-80.026237
21447.070312	-80.167374
21490.136719	-80.224716
21533.203125	-80.407166
21576.269531	-80.462799
21619.335938	-80.682671
21662.402344	-80.575226
21705.468750	-80.644455
21748.535156	-80.852165
21791.601562	-80.830315
21834.667969	-80.963142
21877.734375	-81.222908
21920.800781	-81.261749
21963.867188	-81.313309
22006.933594	-80.981041
