Frequency (Hz)	Level (dB)
43.066406	-21.393250
86.132812	-19.336405
129.199219	-19.129480
172.265625	-19.291080
215.332031	-19.765675
258.398438	-20.374260
301.464844	-20.965414
344.531250	-21.846729
387.597656	-22.324560
430.664062	-23.010637
473.730469	-23.626431
516.796875	-24.248238
559.863281	-24.794888
602.929688	-24.885408
645.996094	-25.380142
689.062500	-26.135832
732.128906	-26.328062
775.195312	-26.970791
818.261719	-27.347305
861.328125	-27.791979
904.394531	-28.235241
947.460938	-28.676691
990.527344	-29.033173
1033.593750	-29.227083
1076.660156	-29.498199
1119.726562	-30.024031
1162.792969	-30.451813
1205.859375	-30.661852
1248.925781	-30.917366
1291.992188	-31.628881
1335.058594	-31.815222
1378.125000	-31.631645
1421.191406	-32.329716
1464.257812	-32.843529
1507.324219	-32.908436
1550.390625	-33.159584
1593.457031	-33.494076
1636.523438	-34.006409
1679.589844	-34.079865
1722.656250	-34.267181
1765.722656	-34.761097
1808.789062	-35.061535
1851.855469	-35.209038
1894.921875	-35.965626
1937.988281	-36.036674
1981.054688	-36.107384
2024.121094	-36.444988
2067.187500	-36.729259
2110.253906	-36.900509
2153.320312	-37.187893
2196.386719	-37.449715
2239.453125	-37.556458
2282.519531	-37.661022
2325.585938	-37.888115
2368.652344	-38.255253
2411.718750	-38.679516
2454.785156	-39.241966
2497.851562	-39.348885
2540.917969	-39.261044
2583.984375	-39.527702
2627.050781	-39.761215
2670.117188	-40.073498
2713.183594	-40.335087
2756.250000	-40.644165
2799.316406	-40.496616
2842.382812	-40.972454
2885.449219	-41.237045
2928.515625	-41.356377
2971.582031	-41.634556
3014.648438	-41.947773
3057.714844	-42.198524
3100.781250	-42.325203
3143.847656	-42.269260
3186.914062	-42.448864
3229.980469	-42.537361
3273.046875	-43.049644
3316.113281	-43.336506
3359.179688	-43.408001
3402.246094	-43.491703
3445.312500	-43.798294
3488.378906	-44.150604
3531.445312	-43.988991
3574.511719	-44.397793
3617.578125	-44.712658
3660.644531	-44.584179
3703.710938	-44.691875
3746.777344	-45.033684
3789.843750	-45.374256
3832.910156	-45.525494
3875.976562	-45.532780
3919.042969	-45.966309
3962.109375	-46.271648
4005.175781	-46.389397
4048.242188	-46.228649
4091.308594	-46.531208
4134.375000	-46.590614
4177.441406	-46.821133
4220.507812	-47.072956
4263.574219	-47.174286
4306.640625	-47.444237
4349.707031	-47.707764
4392.773438	-47.781715
4435.839844	-47.906948
4478.906250	-47.781685
4521.972656	-48.324219
4565.039062	-48.457508
4608.105469	-48.495502
4651.171875	-48.786167
4694.238281	-48.711399
4737.304688	-48.740211
4780.371094	-48.833023
4823.437500	-49.165836
4866.503906	-49.337700
4909.570312	-49.624569
4952.636719	-49.676258
4995.703125	-49.874107
5038.769531	-50.215168
5081.835938	-50.279984
5124.902344	-50.527309
5167.968750	-50.661026
5211.035156	-50.774014
5254.101562	-51.003948
5297.167969	-51.135616
5340.234375	-50.977730
5383.300781	-50.911999
5426.367188	-51.220165
5469.433594	-51.439484
5512.500000	-51.857552
5555.566406	-52.004162
5598.632812	-52.217926
5641.699219	-52.072090
5684.765625	-52.103710
5727.832031	-52.536182
5770.898438	-52.729382
5813.964844	-52.821327
5857.031250	-52.717628
5900.097656	-52.839859
5943.164062	-52.968845
5986.230469	-52.910404
6029.296875	-53.096455
6072.363281	-53.503708
6115.429688	-53.553085
6158.496094	-53.616764
6201.562500	-53.977959
6244.628906	-54.085396
6287.695312	-53.835327
6330.761719	-54.124584
6373.828125	-54.304142
6416.894531	-54.270985
6459.960938	-54.461697
6503.027344	-54.554501
6546.093750	-54.824692
6589.160156	-55.202538
6632.226562	-55.403244
6675.292969	-55.576481
6718.359375	-55.567154
6761.425781	-55.815208
6804.492188	-55.646172
6847.558594	-55.575047
6890.625000	-55.778839
6933.691406	-56.023983
6976.757812	-56.134098
7019.824219	-56.199776
7062.890625	-56.349995
7105.957031	-56.561485
7149.023438	-56.660965
7192.089844	-56.585609
7235.156250	-56.718567
7278.222656	-56.800297
7321.289062	-56.883778
7364.355469	-57.027645
7407.421875	-57.041199
7450.488281	-57.333809
7493.554688	-57.663799
7536.621094	-57.595203
7579.687500	-57.693420
7622.753906	-57.709442
7665.820312	-57.819897
7708.886719	-57.937725
7751.953125	-57.740410
7795.019531	-58.078762
7838.085938	-58.171753
7881.152344	-58.255272
7924.218750	-58.429680
7967.285156	-58.351463
8010.351562	-58.700424
8053.417969	-58.805668
8096.484375	-58.792816
8139.550781	-58.905331
8182.617188	-59.095596
8225.683594	-59.195080
8268.750000	-59.322582
8311.816406	-59.400898
8354.882812	-59.359829
8397.949219	-59.555264
8441.015625	-59.730846
8484.082031	-59.919537
8527.148438	-60.054703
8570.214844	-60.037056
8613.281250	-60.135342
8656.347656	-60.289013
8699.414062	-60.773556
8742.480469	-60.390644
8785.546875	-60.461117
8828.613281	-60.636574
8871.679688	-60.670280
8914.746094	-60.748814
8957.812500	-60.941269
9000.878906	-61.151524
9043.945312	-61.376835
9087.011719	-61.426762
9130.078125	-61.495392
9173.144531	-61.285454
9216.210938	-61.370785
9259.277344	-61.577614
9302.343750	-61.564110
9345.410156	-61.832554
9388.476562	-62.009190
9431.542969	-62.180973
9474.609375	-62.303150
9517.675781	-62.220165
9560.742188	-62.171299
9603.808594	-62.165447
9646.875000	-62.453979
9689.941406	-62.871441
9733.007812	-63.137596
9776.074219	-63.169563
9819.140625	-62.963207
9862.207031	-62.600887
9905.273438	-62.645802
9948.339844	-62.922752
9991.406250	-62.949425
10034.472656	-63.221382
10077.539062	-63.308090
10120.605469	-63.431030
10163.671875	-63.335304
10206.738281	-63.336578
10249.804688	-63.414864
10292.871094	-63.646698
10335.937500	-63.808548
10379.003906	-63.630676
10422.070312	-63.785923
10465.136719	-64.107910
10508.203125	-64.254494
10551.269531	-64.160530
10594.335938	-64.113617
10637.402344	-64.315987
10680.468750	-64.509117
10723.535156	-64.915535
10766.601562	-64.991592
10809.667969	-65.003479
10852.734375	-65.064117
10895.800781	-65.123230
10938.867188	-65.228951
10981.933594	-65.179039
11025.000000	-65.553436
11068.066406	-65.553131
11111.132812	-65.541046
11154.199219	-65.357330
11197.265625	-65.520119
11240.332031	-65.566902
11283.398438	-65.730217
11326.464844	-65.784996
11369.531250	-65.686905
11412.597656	-65.697319
11455.664062	-66.002403
11498.730469	-66.272430
11541.796875	-66.033295
11584.863281	-66.208374
11627.929688	-66.411865
11670.996094	-66.606827
11714.062500	-66.695335
11757.128906	-66.469460
11800.195312	-66.420151
11843.261719	-66.463409
11886.328125	-66.583595
11929.394531	-66.679810
11972.460938	-67.006653
12015.527344	-67.183128
12058.593750	-67.077171
12101.660156	-66.999878
12144.726562	-66.938004
12187.792969	-67.152283
12230.859375	-67.127762
12273.925781	-67.365105
12316.992188	-67.626610
12360.058594	-67.645409
12403.125000	-67.731201
12446.191406	-67.952393
12489.257812	-67.963562
12532.324219	-67.781189
12575.390625	-67.770149
12618.457031	-67.993179
12661.523438	-68.144936
12704.589844	-68.181221
12747.656250	-68.297073
12790.722656	-68.323471
12833.789062	-68.267914
12876.855469	-68.312737
12919.921875	-68.042946
12962.988281	-68.426620
13006.054688	-68.490181
13049.121094	-68.521545
13092.187500	-68.781136
13135.253906	-69.075912
13178.320312	-69.062027
13221.386719	-68.840584
13264.453125	-68.920105
13307.519531	-69.430328
13350.585938	-69.481522
13393.652344	-69.100159
13436.718750	-69.169991
13479.785156	-69.301743
13522.851562	-69.288734
13565.917969	-69.690048
13608.984375	-69.756264
13652.050781	-69.726562
13695.117188	-69.795799
13738.183594	-69.656647
13781.250000	-69.661659
13824.316406	-69.702782
13867.382812	-69.747520
13910.449219	-70.176857
13953.515625	-70.141113
13996.582031	-70.243134
14039.648438	-70.414139
14082.714844	-70.489052
14125.781250	-70.612541
14168.847656	-70.828453
14211.914062	-70.926353
14254.980469	-70.657402
14298.046875	-70.779808
14341.113281	-70.962067
14384.179688	-70.977333
14427.246094	-70.908791
14470.312500	-70.888062
14513.378906	-70.995171
14556.445312	-71.065376
14599.511719	-71.370186
14642.578125	-71.386650
14685.644531	-71.391449
14728.710938	-71.499016
14771.777344	-71.645416
14814.843750	-71.691895
14857.910156	-71.513588
14900.976562	-71.302101
14944.042969	-71.270393
14987.109375	-71.525749
15030.175781	-71.724556
15073.242188	-71.725067
15116.308594	-71.785690
15159.375000	-72.035751
15202.441406	-72.059525
15245.507812	-72.122978
15288.574219	-72.158295
15331.640625	-72.090584
15374.707031	-72.143341
15417.773438	-72.301056
15460.839844	-72.269028
15503.906250	-72.449532
15546.972656	-72.536896
15590.039062	-72.627960
15633.105469	-72.960983
15676.171875	-72.581207
15719.238281	-72.777557
15762.304688	-72.754082
15805.371094	-72.910904
15848.437500	-73.048012
15891.503906	-73.100754
15934.570312	-73.107399
15977.636719	-72.985191
16020.703125	-73.012497
16063.769531	-73.176659
16106.835938	-73.503944
16149.902344	-73.384735
16192.968750	-73.497688
16236.035156	-73.505188
16279.101562	-73.718178
16322.167969	-73.472122
16365.234375	-73.352913
16408.300781	-73.537354
16451.367188	-73.777824
16494.433594	-73.788422
16537.500000	-73.894554
16580.566406	-73.857521
16623.632812	-73.691513
16666.699219	-73.861786
16709.765625	-74.077827
16752.832031	-74.330719
16795.898438	-74.210419
16838.964844	-74.343040
16882.031250	-74.452194
16925.097656	-74.462151
16968.164062	-74.484398
17011.230469	-74.419525
17054.296875	-74.408569
17097.363281	-74.446968
17140.429688	-74.409607
17183.496094	-74.404419
17226.562500	-74.599380
17269.628906	-74.838333
17312.695312	-74.955101
17355.761719	-75.017883
17398.828125	-75.045128
17441.894531	-74.932831
17484.960938	-74.951828
17528.027344	-75.064613
17571.093750	-75.043175
17614.160156	-75.142929
17657.226562	-75.368576
17700.292969	-75.454987
17743.359375	-75.371529
17786.425781	-75.354164
17829.492188	-75.289299
17872.558594	-75.370178
17915.625000	-75.525864
17958.691406	-75.320557
18001.757812	-75.558784
18044.824219	-75.864410
18087.890625	-75.921982
18130.957031	-76.000008
18174.023438	-75.934090
18217.089844	-75.816002
18260.156250	-75.935638
18303.222656	-76.251755
18346.289062	-76.316925
18389.355469	-76.225449
18432.421875	-76.372307
18475.488281	-76.463043
18518.554688	-76.524590
18561.621094	-76.499130
18604.687500	-76.475044
18647.753906	-76.401291
18690.820312	-76.684120
18733.886719	-76.616760
18776.953125	-76.628036
18820.019531	-76.668129
18863.085938	-76.595444
18906.152344	-76.837730
18949.218750	-76.760422
18992.285156	-76.860275
19035.351562	-76.882362
19078.417969	-76.728119
19121.484375	-76.749939
19164.550781	-77.047447
19207.617188	-77.228233
19250.683594	-77.261497
19293.750000	-77.263374
19336.816406	-77.398003
19379.882812	-77.595245
19422.949219	-77.494415
19466.015625	-77.254753
19509.082031	-77.373543
19552.148438	-77.449898
19595.214844	-77.503815
19638.281250	-77.514305
19681.347656	-77.425423
19724.414062	-77.683693
19767.480469	-78.084946
19810.546875	-77.740280
19853.613281	-77.825859
19896.679688	-78.086136
19939.746094	-78.296547
19982.812500	-78.263039
20025.878906	-78.147041
20068.945312	-78.079903
20112.011719	-78.180176
20155.078125	-78.489532
20198.144531	-78.274300
20241.210938	-78.381325
20284.277344	-78.658722
20327.343750	-78.525505
20370.410156	-78.420509
20413.476562	-78.641113
20456.542969	-78.769157
20499.609375	-78.949310
20542.675781	-78.955093
20585.742188	-79.029465
20628.808594	-78.928513
20671.875000	-78.915649
20714.941406	-79.119339
20758.007812	-79.039146
20801.074219	-79.002426
20844.140625	-79.044884
20887.207031	-79.243912
20930.273438	-79.506699
20973.339844	-79.508369
21016.406250	-79.411774
21059.472656	-79.504944
21102.539062	-79.422974
21145.605469	-79.516968
21188.671875	-79.818024
21231.738281	-79.954033
21274.804688	-80.034508
21317.871094	-79.876770
21360.937500	-79.685417
21404.003906	-79.771629
21447.070312	-80.002098
21490.136719	-80.087486
21533.203125	-80.117180
21576.269531	-80.105865
21619.335938	-80.222000
21662.402344	-80.164055
21705.468750	-80.317604
21748.535156	-80.335190
21791.601562	-80.300331
21834.667969	-80.578117
21877.734375	-80.649010
21920.800781	-80.901833
21963.867188	-80.587631
22006.933594	-80.682236
