Frequency (Hz)	Level (dB)
43.066406	-26.508299
86.132812	-24.093266
129.199219	-23.594601
172.265625	-23.562082
215.332031	-23.905575
258.398438	-24.409315
301.464844	-24.893478
344.531250	-25.647829
387.597656	-26.132427
430.664062	-26.760260
473.730469	-27.243683
516.796875	-27.798515
559.863281	-28.279232
602.929688	-28.187765
645.996094	-28.551500
689.062500	-29.240686
732.128906	-29.347752
775.195312	-29.865385
818.261719	-30.111195
861.328125	-30.544628
904.394531	-30.978176
947.460938	-31.343697
990.527344	-31.516689
1033.593750	-31.784267
1076.660156	-31.938137
1119.726562	-32.317375
1162.792969	-32.593704
1205.859375	-32.652576
1248.925781	-32.987083
1291.992188	-33.583900
1335.058594	-33.740181
1378.125000	-33.429977
1421.191406	-34.080853
1464.257812	-34.510780
1507.324219	-34.452000
1550.390625	-34.564888
1593.457031	-34.838291
1636.523438	-35.231003
1679.589844	-35.283009
1722.656250	-35.332470
1765.722656	-35.680130
1808.789062	-36.071148
1851.855469	-36.197136
1894.921875	-36.790607
1937.988281	-36.870754
1981.054688	-36.991070
2024.121094	-37.171028
2067.187500	-37.300743
2110.253906	-37.531330
2153.320312	-37.655785
2196.386719	-37.829327
2239.453125	-37.923386
2282.519531	-38.079208
2325.585938	-38.165035
2368.652344	-38.455658
2411.718750	-38.834286
2454.785156	-39.321690
2497.851562	-39.324547
2540.917969	-39.354210
2583.984375	-39.564121
2627.050781	-39.750809
2670.117188	-40.012001
2713.183594	-40.067051
2756.250000	-40.394821
2799.316406	-40.236820
2842.382812	-40.635242
2885.449219	-40.943260
2928.515625	-40.954498
2971.582031	-41.356266
3014.648438	-41.596085
3057.714844	-41.686272
3100.781250	-41.784073
3143.847656	-41.736050
3186.914062	-41.922810
3229.980469	-42.047276
3273.046875	-42.525753
3316.113281	-42.771225
3359.179688	-42.799473
3402.246094	-42.897026
3445.312500	-43.120960
3488.378906	-43.526249
3531.445312	-43.438404
3574.511719	-43.712521
3617.578125	-44.136868
3660.644531	-43.810455
3703.710938	-43.898788
3746.777344	-44.378017
3789.843750	-44.732677
3832.910156	-44.955975
3875.976562	-44.766560
3919.042969	-45.148701
3962.109375	-45.354172
4005.175781	-45.427654
4048.242188	-45.481071
4091.308594	-45.859066
4134.375000	-45.803570
4177.441406	-45.808231
4220.507812	-46.080524
4263.574219	-46.239254
4306.640625	-46.602161
4349.707031	-46.710587
4392.773438	-46.772869
4435.839844	-47.161900
4478.906250	-47.052914
4521.972656	-47.371796
4565.039062	-47.599350
4608.105469	-47.557648
4651.171875	-47.949757
4694.238281	-48.013691
4737.304688	-47.872044
4780.371094	-47.915775
4823.437500	-48.365639
4866.503906	-48.670593
4909.570312	-48.712471
4952.636719	-48.617241
4995.703125	-48.864014
5038.769531	-49.465096
5081.835938	-49.379337
5124.902344	-49.596684
5167.968750	-49.745186
5211.035156	-49.832767
5254.101562	-50.109016
5297.167969	-50.349911
5340.234375	-50.169212
5383.300781	-50.089924
5426.367188	-50.580490
5469.433594	-50.811008
5512.500000	-51.107838
5555.566406	-51.100769
5598.632812	-51.163700
5641.699219	-51.204727
5684.765625	-51.271244
5727.832031	-51.493912
5770.898438	-51.727699
5813.964844	-51.900448
5857.031250	-51.837967
5900.097656	-52.075798
5943.164062	-51.990593
5986.230469	-52.246712
6029.296875	-52.507610
6072.363281	-52.777004
6115.429688	-52.767456
6158.496094	-52.882011
6201.562500	-53.255695
6244.628906	-53.380219
6287.695312	-53.170715
6330.761719	-53.300903
6373.828125	-53.561493
6416.894531	-53.545162
6459.960938	-53.577995
6503.027344	-53.801090
6546.093750	-54.075127
6589.160156	-54.446522
6632.226562	-54.696796
6675.292969	-54.539566
6718.359375	-54.595543
6761.425781	-54.859909
6804.492188	-55.086216
6847.558594	-55.060123
6890.625000	-55.298653
6933.691406	-55.443161
6976.757812	-55.555397
7019.824219	-55.640930
7062.890625	-55.850449
7105.957031	-56.169388
7149.023438	-56.307682
7192.089844	-56.234085
7235.156250	-56.155643
7278.222656	-56.022942
7321.289062	-56.265366
7364.355469	-56.500622
7407.421875	-56.781384
7450.488281	-56.908493
7493.554688	-57.047470
7536.621094	-56.990314
7579.687500	-57.389977
7622.753906	-57.606468
7665.820312	-57.507412
7708.886719	-57.741894
7751.953125	-57.630615
7795.019531	-57.667107
7838.085938	-57.994003
7881.152344	-58.087612
7924.218750	-58.067379
7967.285156	-58.298195
8010.351562	-58.608746
8053.417969	-58.408447
8096.484375	-58.284962
8139.550781	-58.445202
8182.617188	-58.567463
8225.683594	-58.789219
8268.750000	-59.013699
8311.816406	-59.266296
8354.882812	-59.164822
8397.949219	-59.484306
8441.015625	-59.706547
8484.082031	-59.666519
8527.148438	-59.888828
8570.214844	-59.851379
8613.281250	-59.967220
8656.347656	-60.018932
8699.414062	-60.246189
8742.480469	-60.388386
8785.546875	-60.254059
8828.613281	-60.444820
8871.679688	-60.557755
8914.746094	-60.740860
8957.812500	-60.795681
9000.878906	-61.094009
9043.945312	-61.090847
9087.011719	-61.043125
9130.078125	-61.250347
9173.144531	-61.314220
9216.210938	-61.379890
9259.277344	-61.553837
9302.343750	-61.797924
9345.410156	-61.801609
9388.476562	-61.852539
9431.542969	-62.035263
9474.609375	-62.229252
9517.675781	-62.252625
9560.742188	-62.360706
9603.808594	-62.375473
9646.875000	-62.688789
9689.941406	-62.821850
9733.007812	-62.755035
9776.074219	-62.771896
9819.140625	-62.922024
9862.207031	-62.841438
9905.273438	-62.805077
9948.339844	-63.009647
9991.406250	-63.124714
10034.472656	-63.238487
10077.539062	-63.119492
10120.605469	-63.176010
10163.671875	-63.542625
10206.738281	-63.741734
10249.804688	-63.861744
10292.871094	-63.726116
10335.937500	-63.827309
10379.003906	-63.895508
10422.070312	-64.036942
10465.136719	-64.237648
10508.203125	-64.104538
10551.269531	-64.234367
10594.335938	-64.356735
10637.402344	-64.548370
10680.468750	-65.001183
10723.535156	-64.907295
10766.601562	-64.987503
10809.667969	-65.139473
10852.734375	-65.058868
10895.800781	-65.111153
10938.867188	-65.281540
10981.933594	-65.214645
11025.000000	-65.398880
11068.066406	-65.599930
11111.132812	-65.783951
11154.199219	-65.854370
11197.265625	-65.991447
11240.332031	-66.001328
11283.398438	-65.900589
11326.464844	-65.851051
11369.531250	-66.060280
11412.597656	-66.089752
11455.664062	-66.328102
11498.730469	-66.283119
11541.796875	-66.430733
11584.863281	-66.707718
11627.929688	-66.757164
11670.996094	-66.868637
11714.062500	-66.846664
11757.128906	-66.721794
11800.195312	-66.814438
11843.261719	-67.130630
11886.328125	-67.279106
11929.394531	-67.373688
11972.460938	-67.519981
12015.527344	-67.424721
12058.593750	-67.355553
12101.660156	-67.320190
12144.726562	-67.386765
12187.792969	-67.933929
12230.859375	-67.793610
12273.925781	-67.897133
12316.992188	-68.117561
12360.058594	-68.141777
12403.125000	-68.188271
12446.191406	-68.229553
12489.257812	-68.335510
12532.324219	-68.506577
12575.390625	-68.598511
12618.457031	-68.635857
12661.523438	-68.600410
12704.589844	-68.530891
12747.656250	-68.751060
12790.722656	-68.872742
12833.789062	-68.854965
12876.855469	-68.925415
12919.921875	-68.736084
12962.988281	-68.896400
13006.054688	-69.055527
13049.121094	-69.440147
13092.187500	-69.613335
13135.253906	-69.649963
13178.320312	-69.692986
13221.386719	-69.216927
13264.453125	-69.472694
13307.519531	-69.941628
13350.585938	-69.859024
13393.652344	-69.672951
13436.718750	-69.815186
13479.785156	-70.129051
13522.851562	-70.473854
13565.917969	-70.458969
13608.984375	-70.320869
13652.050781	-70.258415
13695.117188	-70.508850
13738.183594	-70.500160
13781.250000	-70.566612
13824.316406	-70.487076
13867.382812	-70.722870
13910.449219	-71.111771
13953.515625	-71.026772
13996.582031	-71.080582
14039.648438	-71.113708
14082.714844	-71.199089
14125.781250	-71.178726
14168.847656	-70.966614
14211.914062	-71.220352
14254.980469	-71.403221
14298.046875	-71.285881
14341.113281	-71.483414
14384.179688	-71.560074
14427.246094	-71.700867
14470.312500	-71.649475
14513.378906	-71.745972
14556.445312	-72.026321
14599.511719	-71.898346
14642.578125	-71.994667
14685.644531	-72.133423
14728.710938	-72.097229
14771.777344	-72.134727
14814.843750	-72.188553
14857.910156	-72.199158
14900.976562	-72.281258
14944.042969	-72.591202
14987.109375	-72.532379
15030.175781	-72.426636
15073.242188	-72.573524
15116.308594	-72.493423
15159.375000	-72.572014
15202.441406	-72.912422
15245.507812	-72.977829
15288.574219	-73.037376
15331.640625	-72.997009
15374.707031	-73.062180
15417.773438	-72.975510
15460.839844	-73.154282
15503.906250	-73.362167
15546.972656	-73.374374
15590.039062	-73.470924
15633.105469	-73.384201
15676.171875	-73.487671
15719.238281	-73.438072
15762.304688	-73.671616
15805.371094	-74.100433
15848.437500	-73.855827
15891.503906	-73.744888
15934.570312	-73.880249
15977.636719	-73.781204
16020.703125	-73.809052
16063.769531	-74.145851
16106.835938	-74.240562
16149.902344	-74.317078
16192.968750	-74.394753
16236.035156	-74.366989
16279.101562	-74.356216
16322.167969	-74.399254
16365.234375	-74.307243
16408.300781	-74.524040
16451.367188	-74.821175
16494.433594	-74.666504
16537.500000	-74.918610
16580.566406	-74.948082
16623.632812	-74.951660
16666.699219	-74.916534
16709.765625	-74.976463
16752.832031	-75.046341
16795.898438	-75.035530
16838.964844	-75.323143
16882.031250	-75.416237
16925.097656	-75.237610
16968.164062	-75.177406
17011.230469	-75.537804
17054.296875	-75.738823
17097.363281	-75.812126
17140.429688	-75.676193
17183.496094	-75.800453
17226.562500	-75.781036
17269.628906	-75.463310
17312.695312	-75.812889
17355.761719	-75.921600
17398.828125	-75.664047
17441.894531	-75.595711
17484.960938	-75.803642
17528.027344	-76.239021
17571.093750	-76.302979
17614.160156	-76.067726
17657.226562	-76.117592
17700.292969	-76.299942
17743.359375	-76.391586
17786.425781	-76.290565
17829.492188	-76.420944
17872.558594	-76.304428
17915.625000	-76.431740
17958.691406	-76.455559
18001.757812	-76.543510
18044.824219	-76.805321
18087.890625	-76.811714
18130.957031	-76.681992
18174.023438	-76.848366
18217.089844	-76.814873
18260.156250	-76.833778
18303.222656	-77.232605
18346.289062	-77.129089
18389.355469	-77.238647
18432.421875	-77.343475
18475.488281	-77.241028
18518.554688	-77.436623
18561.621094	-77.490181
18604.687500	-77.330482
18647.753906	-77.706993
18690.820312	-77.687950
18733.886719	-77.787743
18776.953125	-78.095184
18820.019531	-77.864586
18863.085938	-77.492966
18906.152344	-77.800407
18949.218750	-77.978760
18992.285156	-77.877602
19035.351562	-77.870110
19078.417969	-77.963608
19121.484375	-77.865768
19164.550781	-77.995667
19207.617188	-78.232338
19250.683594	-78.203461
19293.750000	-78.190529
19336.816406	-78.483337
19379.882812	-78.369041
19422.949219	-78.412567
19466.015625	-78.329697
19509.082031	-78.388306
19552.148438	-78.517097
19595.214844	-78.635689
19638.281250	-78.629944
19681.347656	-78.633423
19724.414062	-78.821236
19767.480469	-78.966286
19810.546875	-79.141006
19853.613281	-79.094307
19896.679688	-79.125763
19939.746094	-79.154442
19982.812500	-79.123848
20025.878906	-79.145996
20068.945312	-79.222916
20112.011719	-79.037567
20155.078125	-79.358994
20198.144531	-79.535072
20241.210938	-79.561829
20284.277344	-79.534424
20327.343750	-79.564186
20370.410156	-79.533737
20413.476562	-79.626709
20456.542969	-79.591850
20499.609375	-79.962433
20542.675781	-80.091980
20585.742188	-79.977783
20628.808594	-80.032883
20671.875000	-80.113762
20714.941406	-80.142265
20758.007812	-80.080566
20801.074219	-80.301369
20844.140625	-80.212418
20887.207031	-80.381363
20930.273438	-80.227356
20973.339844	-80.151146
21016.406250	-80.475708
21059.472656	-80.598816
21102.539062	-80.614708
21145.605469	-80.717712
21188.671875	-80.782684
21231.738281	-80.857460
21274.804688	-80.741859
21317.871094	-80.667313
21360.937500	-80.812492
21404.003906	-80.848694
21447.070312	-80.953331
21490.136719	-81.115280
21533.203125	-81.209480
21576.269531	-81.144371
21619.335938	-81.254921
21662.402344	-81.180298
21705.468750	-81.310890
21748.535156	-81.519943
21791.601562	-81.535851
21834.667969	-81.693016
21877.734375	-81.777534
21920.800781	-81.960464
21963.867188	-81.971420
22006.933594	-81.677383
