Frequency (Hz)	Level (dB)
43.066406	-28.702377
86.132812	-28.073721
129.199219	-28.512545
172.265625	-28.888531
215.332031	-29.417158
258.398438	-29.850073
301.464844	-30.208710
344.531250	-30.832712
387.597656	-31.163332
430.664062	-31.538090
473.730469	-31.817577
516.796875	-32.208782
559.863281	-32.470097
602.929688	-32.254719
645.996094	-32.511219
689.062500	-33.047321
732.128906	-33.018105
775.195312	-33.343246
818.261719	-33.453686
861.328125	-33.779461
904.394531	-34.200058
947.460938	-34.470421
990.527344	-34.414001
1033.593750	-34.683796
1076.660156	-34.758270
1119.726562	-35.020622
1162.792969	-35.326832
1205.859375	-35.287113
1248.925781	-35.525311
1291.992188	-35.969986
1335.058594	-36.133133
1378.125000	-35.849987
1421.191406	-36.458439
1464.257812	-36.843727
1507.324219	-36.735592
1550.390625	-36.809605
1593.457031	-37.168510
1636.523438	-37.427811
1679.589844	-37.476513
1722.656250	-37.528671
1765.722656	-37.843163
1808.789062	-38.195663
1851.855469	-38.252300
1894.921875	-38.802547
1937.988281	-38.907772
1981.054688	-39.043301
2024.121094	-39.215435
2067.187500	-39.363029
2110.253906	-39.621346
2153.320312	-39.613377
2196.386719	-39.810318
2239.453125	-39.870903
2282.519531	-39.986824
2325.585938	-40.103237
2368.652344	-40.390938
2411.718750	-40.811249
2454.785156	-41.233509
2497.851562	-41.305717
2540.917969	-41.268898
2583.984375	-41.445927
2627.050781	-41.652630
2670.117188	-41.879719
2713.183594	-41.862404
2756.250000	-42.138710
2799.316406	-42.191540
2842.382812	-42.456047
2885.449219	-42.660690
2928.515625	-42.713196
2971.582031	-43.147652
3014.648438	-43.410286
3057.714844	-43.311157
3100.781250	-43.535454
3143.847656	-43.539707
3186.914062	-43.619419
3229.980469	-43.814869
3273.046875	-44.218937
3316.113281	-44.300964
3359.179688	-44.526268
3402.246094	-44.583668
3445.312500	-44.800674
3488.378906	-45.167522
3531.445312	-45.041283
3574.511719	-45.334232
3617.578125	-45.776943
3660.644531	-45.542961
3703.710938	-45.668583
3746.777344	-46.081127
3789.843750	-46.296883
3832.910156	-46.353161
3875.976562	-46.285183
3919.042969	-46.789429
3962.109375	-46.909988
4005.175781	-46.933674
4048.242188	-47.051613
4091.308594	-47.306122
4134.375000	-47.332386
4177.441406	-47.468842
4220.507812	-47.574268
4263.574219	-47.843052
4306.640625	-48.078381
4349.707031	-48.245079
4392.773438	-48.358997
4435.839844	-48.588875
4478.906250	-48.552982
4521.972656	-48.946972
4565.039062	-49.042004
4608.105469	-49.061565
4651.171875	-49.363552
4694.238281	-49.490147
4737.304688	-49.424164
4780.371094	-49.416855
4823.437500	-49.736946
4866.503906	-50.032997
4909.570312	-50.174805
4952.636719	-50.161095
4995.703125	-50.359684
5038.769531	-50.794441
5081.835938	-50.572998
5124.902344	-50.737499
5167.968750	-50.869728
5211.035156	-51.031933
5254.101562	-51.371723
5297.167969	-51.445812
5340.234375	-51.396587
5383.300781	-51.567341
5426.367188	-51.933258
5469.433594	-52.088322
5512.500000	-52.152710
5555.566406	-51.994354
5598.632812	-52.113750
5641.699219	-52.289410
5684.765625	-52.484398
5727.832031	-52.698624
5770.898438	-52.975185
5813.964844	-53.011833
5857.031250	-53.009548
5900.097656	-53.322201
5943.164062	-53.118000
5986.230469	-53.257336
6029.296875	-53.470055
6072.363281	-53.608444
6115.429688	-53.540504
6158.496094	-53.690598
6201.562500	-54.143669
6244.628906	-54.267406
6287.695312	-54.262646
6330.761719	-54.389698
6373.828125	-54.347820
6416.894531	-54.408783
6459.960938	-54.342590
6503.027344	-54.685802
6546.093750	-55.115402
6589.160156	-55.317398
6632.226562	-55.470833
6675.292969	-55.441368
6718.359375	-55.496063
6761.425781	-55.688328
6804.492188	-55.819744
6847.558594	-55.556561
6890.625000	-55.765079
6933.691406	-55.697536
6976.757812	-55.802616
7019.824219	-56.283325
7062.890625	-56.559135
7105.957031	-56.742821
7149.023438	-57.003567
7192.089844	-56.849747
7235.156250	-56.815960
7278.222656	-56.690010
7321.289062	-56.902767
7364.355469	-56.853271
7407.421875	-57.183735
7450.488281	-57.257301
7493.554688	-57.481117
7536.621094	-57.715599
7579.687500	-57.764099
7622.753906	-57.783493
7665.820312	-57.962521
7708.886719	-58.036343
7751.953125	-58.042862
7795.019531	-58.095810
7838.085938	-58.130314
7881.152344	-58.218967
7924.218750	-58.310020
7967.285156	-58.677258
8010.351562	-58.716446
8053.417969	-58.635368
8096.484375	-58.729820
8139.550781	-58.819565
8182.617188	-58.824413
8225.683594	-59.001472
8268.750000	-59.165096
8311.816406	-59.294765
8354.882812	-59.485069
8397.949219	-59.591671
8441.015625	-59.900475
8484.082031	-59.831329
8527.148438	-59.962788
8570.214844	-59.979275
8613.281250	-59.857677
8656.347656	-59.933987
8699.414062	-60.025822
8742.480469	-60.552883
8785.546875	-60.117123
8828.613281	-60.083946
8871.679688	-60.496613
8914.746094	-60.798927
8957.812500	-60.757988
9000.878906	-60.783569
9043.945312	-60.821079
9087.011719	-60.827152
9130.078125	-60.947899
9173.144531	-61.136204
9216.210938	-61.186565
9259.277344	-61.374908
9302.343750	-61.607140
9345.410156	-61.659344
9388.476562	-61.718521
9431.542969	-61.649288
9474.609375	-61.537994
9517.675781	-61.674454
9560.742188	-61.891659
9603.808594	-61.943989
9646.875000	-62.336655
9689.941406	-62.471439
9733.007812	-62.414989
9776.074219	-62.394432
9819.140625	-62.581348
9862.207031	-62.491348
9905.273438	-62.579578
9948.339844	-62.736393
9991.406250	-62.868969
10034.472656	-62.791729
10077.539062	-62.539463
10120.605469	-62.792133
10163.671875	-62.972527
10206.738281	-63.403515
10249.804688	-63.596092
10292.871094	-63.140350
10335.937500	-63.217743
10379.003906	-63.407192
10422.070312	-63.439774
10465.136719	-63.599571
10508.203125	-63.573940
10551.269531	-63.858955
10594.335938	-63.902214
10637.402344	-63.865662
10680.468750	-64.028992
10723.535156	-63.973789
10766.601562	-64.251846
10809.667969	-64.291367
10852.734375	-64.061104
10895.800781	-64.346405
10938.867188	-64.474861
10981.933594	-64.372856
11025.000000	-64.492378
11068.066406	-64.560028
11111.132812	-64.516716
11154.199219	-64.796753
11197.265625	-65.102768
11240.332031	-65.016373
11283.398438	-64.903061
11326.464844	-64.803329
11369.531250	-64.997925
11412.597656	-65.171448
11455.664062	-65.295074
11498.730469	-65.309715
11541.796875	-65.223358
11584.863281	-65.373199
11627.929688	-65.452324
11670.996094	-65.886551
11714.062500	-65.694321
11757.128906	-65.498283
11800.195312	-65.665169
11843.261719	-65.808037
11886.328125	-65.732071
11929.394531	-65.937981
11972.460938	-66.052795
12015.527344	-66.046173
12058.593750	-66.032799
12101.660156	-65.957146
12144.726562	-66.116669
12187.792969	-66.482574
12230.859375	-66.547058
12273.925781	-66.494019
12316.992188	-66.689278
12360.058594	-66.614716
12403.125000	-66.698608
12446.191406	-66.825935
12489.257812	-66.972816
12532.324219	-66.983841
12575.390625	-66.987335
12618.457031	-67.099258
12661.523438	-67.243752
12704.589844	-67.119980
12747.656250	-67.311920
12790.722656	-67.456139
12833.789062	-67.555000
12876.855469	-67.484558
12919.921875	-67.308617
12962.988281	-67.614395
13006.054688	-67.700150
13049.121094	-67.837997
13092.187500	-67.970184
13135.253906	-67.809761
13178.320312	-68.006767
13221.386719	-67.808228
13264.453125	-67.983650
13307.519531	-68.188446
13350.585938	-68.096367
13393.652344	-68.213036
13436.718750	-68.214981
13479.785156	-68.475449
13522.851562	-68.614738
13565.917969	-68.541969
13608.984375	-68.640671
13652.050781	-68.426117
13695.117188	-68.738075
13738.183594	-68.779335
13781.250000	-68.590225
13824.316406	-68.520500
13867.382812	-68.614052
13910.449219	-68.972458
13953.515625	-69.003952
13996.582031	-69.083504
14039.648438	-68.964890
14082.714844	-69.111404
14125.781250	-69.079163
14168.847656	-69.140732
14211.914062	-69.521797
14254.980469	-69.536667
14298.046875	-69.256294
14341.113281	-69.285255
14384.179688	-69.480812
14427.246094	-69.705406
14470.312500	-69.636024
14513.378906	-69.696419
14556.445312	-69.753693
14599.511719	-69.813560
14642.578125	-69.696228
14685.644531	-69.972061
14728.710938	-69.973022
14771.777344	-70.157906
14814.843750	-70.217415
14857.910156	-69.905708
14900.976562	-70.075172
14944.042969	-70.357697
14987.109375	-70.481087
15030.175781	-70.377747
15073.242188	-70.653244
15116.308594	-70.602318
15159.375000	-70.589737
15202.441406	-70.575897
15245.507812	-70.802597
15288.574219	-70.638077
15331.640625	-70.640808
15374.707031	-70.957581
15417.773438	-70.817474
15460.839844	-70.800720
15503.906250	-70.896263
15546.972656	-70.997841
15590.039062	-70.924675
15633.105469	-71.134087
15676.171875	-71.404045
15719.238281	-71.342285
15762.304688	-71.528702
15805.371094	-71.645935
15848.437500	-71.347832
15891.503906	-71.236938
15934.570312	-71.288017
15977.636719	-71.189606
16020.703125	-71.390167
16063.769531	-71.683861
16106.835938	-71.859474
16149.902344	-71.774277
16192.968750	-71.752075
16236.035156	-71.866890
16279.101562	-71.973427
16322.167969	-71.930000
16365.234375	-71.828880
16408.300781	-71.885414
16451.367188	-72.182961
16494.433594	-71.971077
16537.500000	-72.217896
16580.566406	-72.378769
16623.632812	-72.140945
16666.699219	-72.256126
16709.765625	-72.504005
16752.832031	-72.477516
16795.898438	-72.465843
16838.964844	-72.849701
16882.031250	-72.678894
16925.097656	-72.631180
16968.164062	-72.691971
17011.230469	-72.715622
17054.296875	-72.840866
17097.363281	-73.156448
17140.429688	-73.049408
17183.496094	-73.136765
17226.562500	-73.048477
17269.628906	-73.150490
17312.695312	-73.421562
17355.761719	-73.347992
17398.828125	-73.038651
17441.894531	-72.994987
17484.960938	-73.049644
17528.027344	-73.347672
17571.093750	-73.444534
17614.160156	-73.190353
17657.226562	-73.433022
17700.292969	-73.760124
17743.359375	-73.928795
17786.425781	-74.008667
17829.492188	-73.721191
17872.558594	-73.697380
17915.625000	-73.996758
17958.691406	-73.974159
18001.757812	-73.921944
18044.824219	-73.998322
18087.890625	-73.957924
18130.957031	-73.891968
18174.023438	-73.922661
18217.089844	-74.134438
18260.156250	-74.219139
18303.222656	-74.498108
18346.289062	-74.423218
18389.355469	-74.676620
18432.421875	-74.591988
18475.488281	-74.440842
18518.554688	-74.863945
18561.621094	-74.832642
18604.687500	-74.629448
18647.753906	-74.686050
18690.820312	-74.912315
18733.886719	-75.061386
18776.953125	-75.138710
18820.019531	-75.276138
18863.085938	-74.753250
18906.152344	-74.903450
18949.218750	-75.136032
18992.285156	-75.031509
19035.351562	-74.877472
19078.417969	-74.978676
19121.484375	-74.978661
19164.550781	-75.132950
19207.617188	-75.190865
19250.683594	-75.362587
19293.750000	-75.446426
19336.816406	-75.613449
19379.882812	-75.769897
19422.949219	-75.506241
19466.015625	-75.369537
19509.082031	-75.500832
19552.148438	-75.326538
19595.214844	-75.673645
19638.281250	-75.791267
19681.347656	-75.414452
19724.414062	-75.338600
19767.480469	-75.704147
19810.546875	-75.957314
19853.613281	-76.117760
19896.679688	-76.119041
19939.746094	-75.962158
19982.812500	-76.007996
20025.878906	-76.060143
20068.945312	-76.255829
20112.011719	-76.184387
20155.078125	-76.404465
20198.144531	-76.748016
20241.210938	-76.588646
20284.277344	-76.598747
20327.343750	-76.681541
20370.410156	-76.656761
20413.476562	-76.643501
20456.542969	-76.612877
20499.609375	-76.751274
20542.675781	-76.942719
20585.742188	-77.044060
20628.808594	-77.133278
20671.875000	-76.913345
20714.941406	-77.045738
20758.007812	-77.117165
20801.074219	-77.230705
20844.140625	-77.110420
20887.207031	-77.254524
20930.273438	-77.264877
20973.339844	-77.228279
21016.406250	-77.459381
21059.472656	-77.304169
21102.539062	-77.546684
21145.605469	-78.032249
21188.671875	-77.933678
21231.738281	-77.714149
21274.804688	-77.570503
21317.871094	-77.721497
21360.937500	-77.929283
21404.003906	-78.097145
21447.070312	-78.122581
21490.136719	-78.225533
21533.203125	-78.411919
21576.269531	-78.385918
21619.335938	-78.366211
21662.402344	-78.385208
21705.468750	-78.577858
21748.535156	-78.500717
21791.601562	-78.587250
21834.667969	-78.521721
21877.734375	-78.528191
21920.800781	-78.515526
21963.867188	-78.672897
22006.933594	-78.452347
