Frequency (Hz)	Level (dB)
43.066406	-29.142916
86.132812	-27.580713
129.199219	-28.282949
172.265625	-29.083677
215.332031	-28.548351
258.398438	-28.824013
301.464844	-28.179056
344.531250	-28.366261
387.597656	-28.132370
430.664062	-28.304441
473.730469	-28.358135
516.796875	-26.717060
559.863281	-26.558947
602.929688	-25.201212
645.996094	-21.502884
689.062500	-21.819820
732.128906	-20.385651
775.195312	-21.023413
818.261719	-21.074999
861.328125	-20.752369
904.394531	-22.774929
947.460938	-23.038782
990.527344	-24.882946
1033.593750	-25.579870
1076.660156	-27.324083
1119.726562	-28.376656
1162.792969	-27.600227
1205.859375	-28.287233
1248.925781	-28.478287
1291.992188	-28.375429
1335.058594	-29.323479
1378.125000	-28.676689
1421.191406	-31.384123
1464.257812	-31.774940
1507.324219	-30.389616
1550.390625	-31.742758
1593.457031	-31.476923
1636.523438	-33.054081
1679.589844	-33.343884
1722.656250	-33.092415
1765.722656	-33.632908
1808.789062	-32.759109
1851.855469	-34.025639
1894.921875	-34.312054
1937.988281	-34.799309
1981.054688	-35.511780
2024.121094	-35.236870
2067.187500	-36.241089
2110.253906	-36.364563
2153.320312	-35.437397
2196.386719	-36.189468
2239.453125	-35.815483
2282.519531	-36.862511
2325.585938	-36.871391
2368.652344	-37.196049
2411.718750	-37.745018
2454.785156	-36.870850
2497.851562	-38.165558
2540.917969	-38.392708
2583.984375	-38.043388
2627.050781	-38.457203
2670.117188	-38.247753
2713.183594	-39.581360
2756.250000	-39.000401
2799.316406	-40.112564
2842.382812	-40.330605
2885.449219	-39.665298
2928.515625	-40.812866
2971.582031	-40.613354
3014.648438	-40.578217
3057.714844	-41.113029
3100.781250	-41.061817
3143.847656	-41.644405
3186.914062	-41.568687
3229.980469	-41.795044
3273.046875	-41.918896
3316.113281	-41.647991
3359.179688	-42.438194
3402.246094	-42.404900
3445.312500	-42.450062
3488.378906	-42.604950
3531.445312	-43.149731
3574.511719	-44.030830
3617.578125	-44.051125
3660.644531	-44.090710
3703.710938	-43.939274
3746.777344	-44.222588
3789.843750	-45.044205
3832.910156	-44.668541
3875.976562	-44.548553
3919.042969	-44.437817
3962.109375	-44.640442
4005.175781	-45.252472
4048.242188	-45.320415
4091.308594	-45.892502
4134.375000	-46.043175
4177.441406	-46.072990
4220.507812	-46.309208
4263.574219	-45.838531
4306.640625	-46.529705
4349.707031	-46.599075
4392.773438	-47.131443
4435.839844	-47.528282
4478.906250	-47.051620
4521.972656	-47.529182
4565.039062	-47.605595
4608.105469	-47.317402
4651.171875	-48.013706
4694.238281	-48.105885
4737.304688	-48.739773
4780.371094	-48.271839
4823.437500	-49.195904
4866.503906	-49.479145
4909.570312	-49.304867
4952.636719	-49.850529
4995.703125	-49.909584
5038.769531	-49.951218
5081.835938	-50.493019
5124.902344	-50.295956
5167.968750	-50.527050
5211.035156	-50.669090
5254.101562	-50.992218
5297.167969	-51.285164
5340.234375	-50.902065
5383.300781	-51.785145
5426.367188	-52.016083
5469.433594	-51.551655
5512.500000	-51.794765
5555.566406	-52.143559
5598.632812	-52.501293
5641.699219	-52.555321
5684.765625	-52.842861
5727.832031	-53.346672
5770.898438	-53.732143
5813.964844	-53.733509
5857.031250	-53.119270
5900.097656	-53.922092
5943.164062	-54.038589
5986.230469	-54.126244
6029.296875	-54.498180
6072.363281	-54.191959
6115.429688	-53.986385
6158.496094	-54.194481
6201.562500	-54.367859
6244.628906	-54.860916
6287.695312	-55.174606
6330.761719	-55.642406
6373.828125	-55.547642
6416.894531	-55.723679
6459.960938	-55.952648
6503.027344	-55.931309
6546.093750	-56.207642
6589.160156	-55.975372
6632.226562	-56.257153
6675.292969	-56.688969
6718.359375	-56.590057
6761.425781	-56.643017
6804.492188	-56.879158
6847.558594	-56.736683
6890.625000	-57.209160
6933.691406	-57.481964
6976.757812	-57.727699
7019.824219	-57.864693
7062.890625	-58.210056
7105.957031	-58.277481
7149.023438	-58.457466
7192.089844	-58.683075
7235.156250	-58.369122
7278.222656	-58.398350
7321.289062	-58.836769
7364.355469	-58.961792
7407.421875	-59.016205
7450.488281	-58.637142
7493.554688	-59.069935
7536.621094	-59.422455
7579.687500	-59.378345
7622.753906	-59.899429
7665.820312	-59.856148
7708.886719	-59.759556
7751.953125	-59.823948
7795.019531	-59.719696
7838.085938	-60.584370
7881.152344	-61.082390
7924.218750	-61.037384
7967.285156	-61.544621
8010.351562	-61.575039
8053.417969	-61.715321
8096.484375	-61.305035
8139.550781	-61.135151
8182.617188	-61.324776
8225.683594	-61.324425
8268.750000	-61.657837
8311.816406	-61.869682
8354.882812	-62.169178
8397.949219	-62.110157
8441.015625	-62.369617
8484.082031	-62.866360
8527.148438	-62.844296
8570.214844	-62.948242
8613.281250	-62.681499
8656.347656	-62.856030
8699.414062	-63.664520
8742.480469	-63.652912
8785.546875	-63.485664
8828.613281	-63.369240
8871.679688	-63.746319
8914.746094	-64.424294
8957.812500	-64.780197
9000.878906	-64.493790
9043.945312	-64.484077
9087.011719	-64.227631
9130.078125	-64.309311
9173.144531	-64.759758
9216.210938	-64.763084
9259.277344	-64.623688
9302.343750	-64.737518
9345.410156	-64.963585
9388.476562	-65.256317
9431.542969	-65.285019
9474.609375	-65.325722
9517.675781	-65.773285
9560.742188	-65.818565
9603.808594	-65.648064
9646.875000	-65.910049
9689.941406	-65.938774
9733.007812	-65.905373
9776.074219	-66.037376
9819.140625	-66.331123
9862.207031	-66.383720
9905.273438	-66.275421
9948.339844	-66.863693
9991.406250	-67.220428
10034.472656	-66.807846
10077.539062	-66.753654
10120.605469	-66.781693
10163.671875	-67.025154
10206.738281	-67.622299
10249.804688	-67.661880
10292.871094	-67.894928
10335.937500	-67.482010
10379.003906	-67.510765
10422.070312	-67.842621
10465.136719	-67.576279
10508.203125	-67.879936
10551.269531	-67.760048
10594.335938	-67.614929
10637.402344	-68.027870
10680.468750	-67.985748
10723.535156	-67.812027
10766.601562	-68.507179
10809.667969	-68.475967
10852.734375	-68.115967
10895.800781	-68.622086
10938.867188	-69.047859
10981.933594	-68.789436
11025.000000	-68.896835
11068.066406	-68.966927
11111.132812	-69.276123
11154.199219	-69.485176
11197.265625	-69.535851
11240.332031	-69.462013
11283.398438	-69.217697
11326.464844	-69.560989
11369.531250	-69.587555
11412.597656	-69.612930
11455.664062	-69.379036
11498.730469	-69.347038
11541.796875	-69.965714
11584.863281	-69.959969
11627.929688	-69.814384
11670.996094	-69.960854
11714.062500	-69.822113
11757.128906	-70.122986
11800.195312	-70.157295
11843.261719	-69.910789
11886.328125	-70.222878
11929.394531	-70.541557
11972.460938	-70.363197
12015.527344	-70.385307
12058.593750	-70.719406
12101.660156	-70.756432
12144.726562	-70.942146
12187.792969	-70.847664
12230.859375	-70.752136
12273.925781	-71.333855
12316.992188	-71.411980
12360.058594	-71.290512
12403.125000	-71.517090
12446.191406	-71.244247
12489.257812	-71.308899
12532.324219	-71.119972
12575.390625	-71.628975
12618.457031	-71.750595
12661.523438	-71.205383
12704.589844	-70.756874
12747.656250	-71.575310
12790.722656	-71.973145
12833.789062	-72.133934
12876.855469	-71.648674
12919.921875	-71.604080
12962.988281	-72.098671
13006.054688	-71.875565
13049.121094	-71.810539
13092.187500	-72.388672
13135.253906	-72.398598
13178.320312	-72.478401
13221.386719	-72.566292
13264.453125	-72.931625
13307.519531	-72.696167
13350.585938	-72.726395
13393.652344	-72.779076
13436.718750	-72.521347
13479.785156	-72.669922
13522.851562	-72.435463
13565.917969	-72.689972
13608.984375	-72.839645
13652.050781	-72.973572
13695.117188	-73.637917
13738.183594	-73.485832
13781.250000	-72.920952
13824.316406	-72.874565
13867.382812	-72.849075
13910.449219	-73.239929
13953.515625	-73.194572
13996.582031	-73.133667
14039.648438	-73.096054
14082.714844	-73.290695
14125.781250	-73.331017
14168.847656	-73.232124
14211.914062	-73.208504
14254.980469	-73.107018
14298.046875	-73.158531
14341.113281	-73.066437
14384.179688	-73.618423
14427.246094	-73.531883
14470.312500	-73.633774
14513.378906	-73.899582
14556.445312	-73.903755
14599.511719	-73.779984
14642.578125	-73.875427
14685.644531	-73.905373
14728.710938	-73.986877
14771.777344	-73.925461
14814.843750	-73.618889
14857.910156	-74.324165
14900.976562	-74.292900
14944.042969	-74.298660
14987.109375	-74.132210
15030.175781	-74.184448
15073.242188	-74.578812
15116.308594	-74.327171
15159.375000	-74.118683
15202.441406	-74.571457
15245.507812	-74.812157
15288.574219	-74.463608
15331.640625	-74.363106
15374.707031	-74.542297
15417.773438	-74.678276
15460.839844	-74.521606
15503.906250	-74.504234
15546.972656	-74.588142
15590.039062	-74.906433
15633.105469	-74.945702
15676.171875	-74.967445
15719.238281	-75.035187
15762.304688	-75.389595
15805.371094	-75.724998
15848.437500	-75.106316
15891.503906	-74.906876
15934.570312	-75.478851
15977.636719	-75.715652
16020.703125	-75.441315
16063.769531	-75.204033
16106.835938	-75.386467
16149.902344	-75.546608
16192.968750	-75.843201
16236.035156	-75.935890
16279.101562	-75.257408
16322.167969	-75.257820
16365.234375	-75.399078
16408.300781	-75.781929
16451.367188	-75.708900
16494.433594	-75.167130
16537.500000	-75.098526
16580.566406	-75.547104
16623.632812	-75.899902
16666.699219	-75.821609
16709.765625	-75.475761
16752.832031	-75.745369
16795.898438	-75.990952
16838.964844	-75.943756
16882.031250	-76.131180
16925.097656	-75.786026
16968.164062	-75.925903
17011.230469	-76.529671
17054.296875	-76.405937
17097.363281	-76.438858
17140.429688	-76.331215
17183.496094	-76.337265
17226.562500	-76.893692
17269.628906	-76.347420
17312.695312	-76.306961
17355.761719	-76.304749
17398.828125	-76.531937
17441.894531	-76.568077
17484.960938	-76.377159
17528.027344	-76.499580
17571.093750	-76.762520
17614.160156	-76.520798
17657.226562	-76.503708
17700.292969	-76.546989
17743.359375	-76.556259
17786.425781	-77.072289
17829.492188	-77.030952
17872.558594	-76.657822
17915.625000	-76.579102
17958.691406	-76.447510
18001.757812	-76.965660
18044.824219	-77.404503
18087.890625	-77.535385
18130.957031	-77.030586
18174.023438	-76.857582
18217.089844	-76.870865
18260.156250	-76.902283
18303.222656	-77.276093
18346.289062	-77.453583
18389.355469	-77.165817
18432.421875	-77.096176
18475.488281	-77.275513
18518.554688	-77.179405
18561.621094	-77.163017
18604.687500	-77.305222
18647.753906	-77.236031
18690.820312	-77.428429
18733.886719	-77.828773
18776.953125	-77.544960
18820.019531	-77.643608
18863.085938	-77.381020
18906.152344	-77.555710
18949.218750	-77.958549
18992.285156	-77.920074
19035.351562	-77.604958
19078.417969	-77.821007
19121.484375	-77.777336
19164.550781	-78.076111
19207.617188	-77.483299
19250.683594	-77.268715
19293.750000	-77.642647
19336.816406	-77.686142
19379.882812	-77.703239
19422.949219	-77.935013
19466.015625	-77.931862
19509.082031	-78.221069
19552.148438	-78.340591
19595.214844	-78.014778
19638.281250	-78.100876
19681.347656	-78.336174
19724.414062	-78.539955
19767.480469	-78.437141
19810.546875	-78.630730
19853.613281	-78.753723
19896.679688	-78.701904
19939.746094	-78.335503
19982.812500	-77.988022
20025.878906	-78.005066
20068.945312	-78.239006
20112.011719	-78.601616
20155.078125	-79.032433
20198.144531	-78.723427
20241.210938	-78.545174
20284.277344	-78.690170
20327.343750	-78.690498
20370.410156	-78.783089
20413.476562	-78.335495
20456.542969	-78.327583
20499.609375	-78.785431
20542.675781	-78.938202
20585.742188	-78.925430
20628.808594	-78.328644
20671.875000	-78.612968
20714.941406	-79.255226
20758.007812	-79.251961
20801.074219	-79.050270
20844.140625	-79.028816
20887.207031	-79.451172
20930.273438	-79.444534
20973.339844	-79.222893
21016.406250	-79.069435
21059.472656	-79.043449
21102.539062	-78.930664
21145.605469	-79.269623
21188.671875	-79.104095
21231.738281	-79.404678
21274.804688	-79.905479
21317.871094	-79.736504
21360.937500	-79.577538
21404.003906	-80.206123
21447.070312	-80.188591
21490.136719	-80.149513
21533.203125	-79.996086
21576.269531	-79.859039
21619.335938	-79.408936
21662.402344	-79.810532
21705.468750	-80.052147
21748.535156	-80.414391
21791.601562	-80.589859
21834.667969	-81.095505
21877.734375	-81.421333
21920.800781	-81.174011
21963.867188	-81.586220
22006.933594	-81.697166
