Frequency (Hz)	Level (dB)
43.066406	-27.345253
86.132812	-25.153954
129.199219	-24.569281
172.265625	-24.106941
215.332031	-24.057409
258.398438	-24.235163
301.464844	-24.354616
344.531250	-24.573971
387.597656	-24.446810
430.664062	-24.645144
473.730469	-24.715967
516.796875	-24.901176
559.863281	-25.100931
602.929688	-25.003677
645.996094	-24.803316
689.062500	-24.931465
732.128906	-25.037504
775.195312	-25.480759
818.261719	-25.758230
861.328125	-26.143854
904.394531	-26.311241
947.460938	-26.614368
990.527344	-26.809835
1033.593750	-26.989481
1076.660156	-26.891287
1119.726562	-27.126400
1162.792969	-27.073120
1205.859375	-27.716833
1248.925781	-28.316500
1291.992188	-28.572136
1335.058594	-28.140682
1378.125000	-28.177744
1421.191406	-28.677803
1464.257812	-29.016796
1507.324219	-29.192108
1550.390625	-29.130194
1593.457031	-29.400536
1636.523438	-29.781666
1679.589844	-29.670156
1722.656250	-29.422459
1765.722656	-29.877296
1808.789062	-30.390017
1851.855469	-30.716991
1894.921875	-31.277664
1937.988281	-31.022907
1981.054688	-30.647257
2024.121094	-30.690075
2067.187500	-30.999580
2110.253906	-31.662437
2153.320312	-31.499638
2196.386719	-31.697132
2239.453125	-31.675190
2282.519531	-31.665298
2325.585938	-31.769505
2368.652344	-32.030704
2411.718750	-32.613621
2454.785156	-33.061626
2497.851562	-32.841549
2540.917969	-32.617840
2583.984375	-33.050724
2627.050781	-33.615376
2670.117188	-33.639877
2713.183594	-33.622299
2756.250000	-33.808220
2799.316406	-33.915680
2842.382812	-34.120197
2885.449219	-34.506016
2928.515625	-34.364220
2971.582031	-34.802021
3014.648438	-35.252552
3057.714844	-35.267277
3100.781250	-35.036369
3143.847656	-34.950336
3186.914062	-35.363277
3229.980469	-35.836124
3273.046875	-35.678055
3316.113281	-35.680969
3359.179688	-36.498451
3402.246094	-36.591694
3445.312500	-36.569660
3488.378906	-36.825745
3531.445312	-36.790215
3574.511719	-36.833748
3617.578125	-37.259212
3660.644531	-36.975082
3703.710938	-36.951042
3746.777344	-37.653130
3789.843750	-37.485069
3832.910156	-38.216850
3875.976562	-38.065987
3919.042969	-38.461220
3962.109375	-38.853851
4005.175781	-38.852482
4048.242188	-39.403732
4091.308594	-39.726082
4134.375000	-39.443771
4177.441406	-39.337902
4220.507812	-39.785740
4263.574219	-40.025192
4306.640625	-40.333572
4349.707031	-40.118599
4392.773438	-40.435516
4435.839844	-40.445499
4478.906250	-40.460125
4521.972656	-41.148483
4565.039062	-41.096828
4608.105469	-41.250313
4651.171875	-41.857471
4694.238281	-41.889160
4737.304688	-41.399757
4780.371094	-41.548454
4823.437500	-42.150997
4866.503906	-42.230942
4909.570312	-42.432976
4952.636719	-42.803329
4995.703125	-42.773182
5038.769531	-43.174023
5081.835938	-42.953823
5124.902344	-43.324631
5167.968750	-43.332367
5211.035156	-43.372681
5254.101562	-43.782494
5297.167969	-43.892776
5340.234375	-44.128616
5383.300781	-44.087353
5426.367188	-44.209038
5469.433594	-44.595963
5512.500000	-45.064514
5555.566406	-44.853470
5598.632812	-44.981625
5641.699219	-45.207932
5684.765625	-44.733372
5727.832031	-45.467514
5770.898438	-46.143639
5813.964844	-46.180096
5857.031250	-45.919525
5900.097656	-45.981548
5943.164062	-45.957726
5986.230469	-46.712311
6029.296875	-47.035110
6072.363281	-47.328091
6115.429688	-47.358982
6158.496094	-47.340672
6201.562500	-47.705727
6244.628906	-47.558029
6287.695312	-47.834789
6330.761719	-48.139149
6373.828125	-48.124840
6416.894531	-48.101223
6459.960938	-47.835045
6503.027344	-48.125801
6546.093750	-48.637020
6589.160156	-49.010845
6632.226562	-49.423706
6675.292969	-49.145523
6718.359375	-49.175690
6761.425781	-49.510841
6804.492188	-49.882568
6847.558594	-49.831139
6890.625000	-50.285000
6933.691406	-50.290146
6976.757812	-50.284481
7019.824219	-50.607365
7062.890625	-51.074894
7105.957031	-51.112247
7149.023438	-51.050560
7192.089844	-51.258469
7235.156250	-51.547306
7278.222656	-51.195835
7321.289062	-51.142628
7364.355469	-51.437939
7407.421875	-52.117489
7450.488281	-52.426422
7493.554688	-52.260551
7536.621094	-52.147984
7579.687500	-52.424412
7622.753906	-53.034290
7665.820312	-53.310802
7708.886719	-53.289314
7751.953125	-52.657200
7795.019531	-52.571419
7838.085938	-52.938103
7881.152344	-53.429150
7924.218750	-53.816032
7967.285156	-53.918629
8010.351562	-54.315353
8053.417969	-54.041126
8096.484375	-54.173115
8139.550781	-54.383827
8182.617188	-54.605106
8225.683594	-54.927700
8268.750000	-55.196579
8311.816406	-55.329765
8354.882812	-55.088688
8397.949219	-55.420078
8441.015625	-55.842247
8484.082031	-55.606998
8527.148438	-55.973289
8570.214844	-55.904072
8613.281250	-56.095646
8656.347656	-56.437798
8699.414062	-56.137981
8742.480469	-56.439552
8785.546875	-56.386818
8828.613281	-56.496567
8871.679688	-56.917538
8914.746094	-57.075916
8957.812500	-57.227528
9000.878906	-57.321735
9043.945312	-57.341244
9087.011719	-57.304893
9130.078125	-57.610386
9173.144531	-57.598927
9216.210938	-57.836815
9259.277344	-58.253334
9302.343750	-58.333412
9345.410156	-58.188145
9388.476562	-58.267910
9431.542969	-58.238689
9474.609375	-58.228924
9517.675781	-58.479477
9560.742188	-58.795444
9603.808594	-58.629444
9646.875000	-59.157181
9689.941406	-59.605446
9733.007812	-59.545010
9776.074219	-59.853336
9819.140625	-60.162018
9862.207031	-59.901569
9905.273438	-59.678802
9948.339844	-59.840916
9991.406250	-60.407021
10034.472656	-60.150116
10077.539062	-60.380363
10120.605469	-60.721344
10163.671875	-60.579056
10206.738281	-60.984409
10249.804688	-61.001633
10292.871094	-61.180496
10335.937500	-61.287891
10379.003906	-61.224648
10422.070312	-61.105133
10465.136719	-61.150280
10508.203125	-61.366241
10551.269531	-61.683147
10594.335938	-61.639984
10637.402344	-61.985767
10680.468750	-62.187534
10723.535156	-62.190586
10766.601562	-62.701069
10809.667969	-62.586361
10852.734375	-62.508297
10895.800781	-62.357506
10938.867188	-62.370010
10981.933594	-62.377117
11025.000000	-62.688305
11068.066406	-63.077534
11111.132812	-63.288834
11154.199219	-63.097347
11197.265625	-63.077858
11240.332031	-63.447693
11283.398438	-63.971554
11326.464844	-64.137459
11369.531250	-64.178734
11412.597656	-63.598541
11455.664062	-63.404030
11498.730469	-63.864185
11541.796875	-63.953152
11584.863281	-64.263847
11627.929688	-64.475281
11670.996094	-64.879318
11714.062500	-64.358292
11757.128906	-64.468620
11800.195312	-64.873253
11843.261719	-65.384796
11886.328125	-65.338684
11929.394531	-65.491951
11972.460938	-65.701027
12015.527344	-65.638924
12058.593750	-65.528320
12101.660156	-65.315262
12144.726562	-65.330376
12187.792969	-65.754402
12230.859375	-66.110985
12273.925781	-65.719017
12316.992188	-65.963608
12360.058594	-66.128082
12403.125000	-66.081123
12446.191406	-66.325874
12489.257812	-66.355026
12532.324219	-67.041161
12575.390625	-66.993790
12618.457031	-67.374924
12661.523438	-67.465378
12704.589844	-67.228462
12747.656250	-66.848351
12790.722656	-67.113365
12833.789062	-67.320328
12876.855469	-67.953194
12919.921875	-67.810150
12962.988281	-67.703812
13006.054688	-67.641747
13049.121094	-67.989487
13092.187500	-68.392738
13135.253906	-68.208374
13178.320312	-67.941101
13221.386719	-68.032417
13264.453125	-67.813400
13307.519531	-68.325150
13350.585938	-68.544487
13393.652344	-68.146599
13436.718750	-68.230217
13479.785156	-68.210175
13522.851562	-68.630684
13565.917969	-68.773537
13608.984375	-68.990440
13652.050781	-68.715553
13695.117188	-69.285843
13738.183594	-69.557404
13781.250000	-69.522385
13824.316406	-69.376808
13867.382812	-69.209251
13910.449219	-69.540710
13953.515625	-69.714302
13996.582031	-69.846672
14039.648438	-69.544594
14082.714844	-69.327957
14125.781250	-70.043129
14168.847656	-69.967194
14211.914062	-69.908379
14254.980469	-69.880150
14298.046875	-70.075104
14341.113281	-69.958931
14384.179688	-69.725014
14427.246094	-70.187424
14470.312500	-70.270691
14513.378906	-69.997360
14556.445312	-70.220474
14599.511719	-70.484184
14642.578125	-70.305779
14685.644531	-69.903084
14728.710938	-70.303726
14771.777344	-71.165825
14814.843750	-71.273941
14857.910156	-71.140755
14900.976562	-70.940498
14944.042969	-70.865494
14987.109375	-71.205086
15030.175781	-71.280304
15073.242188	-71.912590
15116.308594	-71.682938
15159.375000	-70.744614
15202.441406	-71.093475
15245.507812	-71.802933
15288.574219	-71.462608
15331.640625	-71.777855
15374.707031	-71.967415
15417.773438	-71.975266
15460.839844	-71.986588
15503.906250	-71.838600
15546.972656	-71.876740
15590.039062	-72.013496
15633.105469	-72.219032
15676.171875	-72.285751
15719.238281	-72.674301
15762.304688	-72.610840
15805.371094	-72.493843
15848.437500	-72.453957
15891.503906	-72.254509
15934.570312	-72.640030
15977.636719	-72.774467
16020.703125	-72.543495
16063.769531	-72.595802
16106.835938	-73.197647
16149.902344	-72.989090
16192.968750	-73.139923
16236.035156	-73.903214
16279.101562	-73.533638
16322.167969	-72.743050
16365.234375	-72.631638
16408.300781	-72.762894
16451.367188	-73.579620
16494.433594	-73.459747
16537.500000	-73.291443
16580.566406	-73.360657
16623.632812	-73.710785
16666.699219	-73.623375
16709.765625	-73.864311
16752.832031	-73.899338
16795.898438	-73.702782
16838.964844	-73.734039
16882.031250	-73.624893
16925.097656	-73.901955
16968.164062	-74.050453
17011.230469	-73.711411
17054.296875	-74.235878
17097.363281	-74.431664
17140.429688	-74.241341
17183.496094	-73.933655
17226.562500	-73.789001
17269.628906	-74.244904
17312.695312	-73.825417
17355.761719	-74.359909
17398.828125	-74.550934
17441.894531	-74.652550
17484.960938	-74.629501
17528.027344	-74.728683
17571.093750	-74.846664
17614.160156	-74.612640
17657.226562	-74.343407
17700.292969	-74.601624
17743.359375	-74.936104
17786.425781	-75.074852
17829.492188	-75.105995
17872.558594	-75.272934
17915.625000	-75.320610
17958.691406	-75.331055
18001.757812	-75.218002
18044.824219	-75.385750
18087.890625	-75.832344
18130.957031	-75.344215
18174.023438	-75.291840
18217.089844	-75.314957
18260.156250	-75.737343
18303.222656	-76.027206
18346.289062	-75.873543
18389.355469	-76.362823
18432.421875	-76.194870
18475.488281	-75.717743
18518.554688	-75.804230
18561.621094	-76.147736
18604.687500	-75.580986
18647.753906	-75.516174
18690.820312	-76.129471
18733.886719	-76.397903
18776.953125	-76.351288
18820.019531	-75.849388
18863.085938	-75.849129
18906.152344	-76.095818
18949.218750	-75.972351
18992.285156	-76.076340
19035.351562	-76.408882
19078.417969	-76.140068
19121.484375	-76.025139
19164.550781	-76.103760
19207.617188	-76.268906
19250.683594	-76.629601
19293.750000	-76.487518
19336.816406	-76.625359
19379.882812	-77.112877
19422.949219	-76.747581
19466.015625	-76.670067
19509.082031	-77.079605
19552.148438	-76.774361
19595.214844	-76.728493
19638.281250	-76.569611
19681.347656	-76.703087
19724.414062	-76.724495
19767.480469	-76.917648
19810.546875	-76.932289
19853.613281	-77.341652
19896.679688	-77.145645
19939.746094	-76.955406
19982.812500	-77.238060
20025.878906	-77.628792
20068.945312	-77.728874
20112.011719	-77.448128
20155.078125	-77.653229
20198.144531	-77.701096
20241.210938	-77.439690
20284.277344	-77.536522
20327.343750	-77.948112
20370.410156	-77.989548
20413.476562	-77.553185
20456.542969	-77.398232
20499.609375	-77.723518
20542.675781	-77.697990
20585.742188	-77.949600
20628.808594	-78.156677
20671.875000	-78.105705
20714.941406	-78.098022
20758.007812	-78.054497
20801.074219	-77.627441
20844.140625	-77.791611
20887.207031	-78.173462
20930.273438	-78.277740
20973.339844	-78.306145
21016.406250	-78.398384
21059.472656	-78.483459
21102.539062	-78.514412
21145.605469	-78.274315
21188.671875	-78.393013
21231.738281	-78.390785
21274.804688	-78.547905
21317.871094	-78.701202
21360.937500	-78.463974
21404.003906	-78.469070
21447.070312	-78.619804
21490.136719	-78.748138
21533.203125	-79.334175
21576.269531	-79.242752
21619.335938	-78.631134
21662.402344	-78.866272
21705.468750	-79.729782
21748.535156	-79.499458
21791.601562	-79.897469
21834.667969	-80.176033
21877.734375	-80.705650
21920.800781	-81.184052
21963.867188	-81.485481
22006.933594	-81.687584
