Frequency (Hz)	Level (dB)
43.066406	-25.766235
86.132812	-23.177347
129.199219	-22.204401
172.265625	-21.470043
215.332031	-21.313076
258.398438	-21.218517
301.464844	-21.351803
344.531250	-21.508551
387.597656	-21.652618
430.664062	-21.929888
473.730469	-22.426178
516.796875	-22.840029
559.863281	-23.101164
602.929688	-23.118727
645.996094	-23.417046
689.062500	-23.714909
732.128906	-23.980366
775.195312	-24.239004
818.261719	-24.120348
861.328125	-24.457525
904.394531	-24.585852
947.460938	-24.609453
990.527344	-24.608780
1033.593750	-24.746046
1076.660156	-24.563826
1119.726562	-24.493284
1162.792969	-24.475012
1205.859375	-25.020201
1248.925781	-25.164011
1291.992188	-25.446314
1335.058594	-25.146832
1378.125000	-25.024302
1421.191406	-25.275499
1464.257812	-25.765715
1507.324219	-25.858423
1550.390625	-25.789404
1593.457031	-26.259315
1636.523438	-26.198076
1679.589844	-26.184467
1722.656250	-26.055553
1765.722656	-26.322304
1808.789062	-26.766554
1851.855469	-26.988554
1894.921875	-27.616039
1937.988281	-27.398798
1981.054688	-27.115742
2024.121094	-27.276636
2067.187500	-27.344238
2110.253906	-27.139626
2153.320312	-27.705299
2196.386719	-28.101002
2239.453125	-27.637026
2282.519531	-27.986732
2325.585938	-27.965622
2368.652344	-28.151775
2411.718750	-28.675444
2454.785156	-29.141621
2497.851562	-28.813314
2540.917969	-28.733746
2583.984375	-29.173512
2627.050781	-29.576447
2670.117188	-29.487061
2713.183594	-29.591276
2756.250000	-29.848785
2799.316406	-29.780128
2842.382812	-30.197889
2885.449219	-30.591867
2928.515625	-30.299444
2971.582031	-30.764696
3014.648438	-31.212208
3057.714844	-31.109936
3100.781250	-30.789751
3143.847656	-30.634134
3186.914062	-30.931919
3229.980469	-31.543816
3273.046875	-31.554195
3316.113281	-31.499458
3359.179688	-32.242329
3402.246094	-32.724483
3445.312500	-32.492153
3488.378906	-32.597298
3531.445312	-32.652966
3574.511719	-32.732422
3617.578125	-33.166061
3660.644531	-32.934391
3703.710938	-32.828655
3746.777344	-33.402855
3789.843750	-33.444344
3832.910156	-33.907669
3875.976562	-33.863182
3919.042969	-34.249634
3962.109375	-34.099869
4005.175781	-34.389038
4048.242188	-35.079834
4091.308594	-35.234928
4134.375000	-35.043446
4177.441406	-34.830463
4220.507812	-35.315800
4263.574219	-35.433117
4306.640625	-35.781994
4349.707031	-35.945827
4392.773438	-35.866463
4435.839844	-36.191200
4478.906250	-36.365765
4521.972656	-36.698910
4565.039062	-36.896477
4608.105469	-36.974083
4651.171875	-37.346634
4694.238281	-37.512463
4737.304688	-37.113880
4780.371094	-37.328564
4823.437500	-37.683430
4866.503906	-37.901089
4909.570312	-38.154972
4952.636719	-38.579929
4995.703125	-38.383129
5038.769531	-39.082706
5081.835938	-38.646881
5124.902344	-38.769375
5167.968750	-38.954426
5211.035156	-39.035934
5254.101562	-39.307030
5297.167969	-39.596050
5340.234375	-39.767357
5383.300781	-39.781158
5426.367188	-39.860271
5469.433594	-40.099915
5512.500000	-40.429371
5555.566406	-40.556545
5598.632812	-40.537865
5641.699219	-40.689293
5684.765625	-40.569248
5727.832031	-40.893284
5770.898438	-41.397682
5813.964844	-41.804657
5857.031250	-41.511726
5900.097656	-41.775597
5943.164062	-41.686668
5986.230469	-42.034130
6029.296875	-42.283619
6072.363281	-42.967838
6115.429688	-43.060905
6158.496094	-42.991070
6201.562500	-43.207523
6244.628906	-43.305561
6287.695312	-43.406292
6330.761719	-43.624939
6373.828125	-43.556438
6416.894531	-43.371471
6459.960938	-43.197655
6503.027344	-44.033356
6546.093750	-44.416847
6589.160156	-44.616184
6632.226562	-45.286938
6675.292969	-44.912868
6718.359375	-44.769131
6761.425781	-45.011200
6804.492188	-45.411457
6847.558594	-45.194901
6890.625000	-45.775829
6933.691406	-45.600819
6976.757812	-45.769100
7019.824219	-46.069725
7062.890625	-46.361561
7105.957031	-46.490364
7149.023438	-46.314396
7192.089844	-46.784187
7235.156250	-46.805019
7278.222656	-46.715008
7321.289062	-46.875820
7364.355469	-47.027267
7407.421875	-47.714050
7450.488281	-48.100063
7493.554688	-47.952606
7536.621094	-47.628746
7579.687500	-47.878391
7622.753906	-48.718864
7665.820312	-48.777786
7708.886719	-48.665493
7751.953125	-48.491455
7795.019531	-48.554466
7838.085938	-48.696407
7881.152344	-49.378048
7924.218750	-49.295975
7967.285156	-49.507324
8010.351562	-49.759399
8053.417969	-49.637314
8096.484375	-49.785431
8139.550781	-49.934616
8182.617188	-50.163544
8225.683594	-50.529911
8268.750000	-51.020325
8311.816406	-51.065529
8354.882812	-50.714115
8397.949219	-50.957642
8441.015625	-51.178490
8484.082031	-51.244881
8527.148438	-51.387753
8570.214844	-51.680038
8613.281250	-51.684048
8656.347656	-51.807076
8699.414062	-51.782288
8742.480469	-52.196796
8785.546875	-52.153084
8828.613281	-52.262024
8871.679688	-52.835060
8914.746094	-52.583801
8957.812500	-52.898880
9000.878906	-53.296600
9043.945312	-53.410503
9087.011719	-53.020184
9130.078125	-53.325478
9173.144531	-53.418777
9216.210938	-53.693462
9259.277344	-53.901058
9302.343750	-54.076691
9345.410156	-54.083714
9388.476562	-54.129631
9431.542969	-54.204674
9474.609375	-54.037796
9517.675781	-54.212551
9560.742188	-54.343292
9603.808594	-54.461227
9646.875000	-55.117649
9689.941406	-55.164268
9733.007812	-55.280201
9776.074219	-55.744511
9819.140625	-55.931557
9862.207031	-55.544964
9905.273438	-55.547729
9948.339844	-55.795235
9991.406250	-56.179958
10034.472656	-55.889290
10077.539062	-56.070377
10120.605469	-56.359554
10163.671875	-56.508793
10206.738281	-56.943253
10249.804688	-56.877300
10292.871094	-56.723961
10335.937500	-56.924549
10379.003906	-57.188137
10422.070312	-56.987373
10465.136719	-57.085148
10508.203125	-57.237770
10551.269531	-57.602360
10594.335938	-57.758831
10637.402344	-58.034565
10680.468750	-58.207687
10723.535156	-58.216248
10766.601562	-58.435486
10809.667969	-58.658325
10852.734375	-58.514782
10895.800781	-58.656178
10938.867188	-58.546261
10981.933594	-58.559006
11025.000000	-58.814880
11068.066406	-59.132168
11111.132812	-59.047539
11154.199219	-59.070168
11197.265625	-59.208878
11240.332031	-59.579376
11283.398438	-59.995106
11326.464844	-60.138260
11369.531250	-60.070972
11412.597656	-59.912712
11455.664062	-59.876579
11498.730469	-59.911510
11541.796875	-60.036091
11584.863281	-60.608864
11627.929688	-61.063828
11670.996094	-61.065136
11714.062500	-60.540752
11757.128906	-60.963264
11800.195312	-61.211578
11843.261719	-61.697571
11886.328125	-61.682957
11929.394531	-61.647106
11972.460938	-61.954239
12015.527344	-61.805065
12058.593750	-61.747921
12101.660156	-61.737976
12144.726562	-61.636745
12187.792969	-61.940220
12230.859375	-62.105797
12273.925781	-62.127522
12316.992188	-62.409737
12360.058594	-62.313454
12403.125000	-62.767574
12446.191406	-62.844635
12489.257812	-62.842461
12532.324219	-63.674187
12575.390625	-63.622234
12618.457031	-63.684814
12661.523438	-63.709896
12704.589844	-63.595493
12747.656250	-63.756950
12790.722656	-64.097923
12833.789062	-63.961384
12876.855469	-64.041626
12919.921875	-64.297462
12962.988281	-64.283417
13006.054688	-64.496620
13049.121094	-64.700096
13092.187500	-64.937241
13135.253906	-64.827194
13178.320312	-64.723305
13221.386719	-64.750580
13264.453125	-64.452354
13307.519531	-64.973755
13350.585938	-65.359207
13393.652344	-65.045044
13436.718750	-65.045563
13479.785156	-65.140678
13522.851562	-65.377289
13565.917969	-65.614670
13608.984375	-65.775238
13652.050781	-65.839142
13695.117188	-66.161606
13738.183594	-66.254547
13781.250000	-66.727104
13824.316406	-66.346016
13867.382812	-66.187309
13910.449219	-66.561447
13953.515625	-66.669617
13996.582031	-66.779472
14039.648438	-66.470016
14082.714844	-66.675941
14125.781250	-66.956718
14168.847656	-67.071510
14211.914062	-67.137573
14254.980469	-67.283592
14298.046875	-67.278389
14341.113281	-67.277321
14384.179688	-67.307686
14427.246094	-67.406151
14470.312500	-67.481728
14513.378906	-67.458351
14556.445312	-67.454605
14599.511719	-67.861282
14642.578125	-67.803078
14685.644531	-67.569641
14728.710938	-67.904701
14771.777344	-68.204498
14814.843750	-68.461571
14857.910156	-68.488480
14900.976562	-68.400948
14944.042969	-68.370674
14987.109375	-68.628708
15030.175781	-68.756416
15073.242188	-69.165436
15116.308594	-68.991524
15159.375000	-68.473793
15202.441406	-68.480064
15245.507812	-69.041313
15288.574219	-69.279007
15331.640625	-69.397682
15374.707031	-69.633858
15417.773438	-69.914757
15460.839844	-69.550629
15503.906250	-69.409554
15546.972656	-69.356621
15590.039062	-69.604721
15633.105469	-70.005196
15676.171875	-70.114204
15719.238281	-70.235023
15762.304688	-70.119476
15805.371094	-70.255295
15848.437500	-70.372253
15891.503906	-70.329544
15934.570312	-70.412201
15977.636719	-70.337250
16020.703125	-70.394737
16063.769531	-70.250076
16106.835938	-70.845345
16149.902344	-70.809319
16192.968750	-71.184288
16236.035156	-71.638931
16279.101562	-71.459938
16322.167969	-71.028625
16365.234375	-71.019585
16408.300781	-70.813629
16451.367188	-71.308792
16494.433594	-71.385628
16537.500000	-71.461647
16580.566406	-71.774559
16623.632812	-71.817635
16666.699219	-71.617332
16709.765625	-71.961075
16752.832031	-72.190834
16795.898438	-72.147766
16838.964844	-71.899155
16882.031250	-72.032921
16925.097656	-72.400574
16968.164062	-72.008545
17011.230469	-71.695930
17054.296875	-72.099319
17097.363281	-72.566475
17140.429688	-72.455139
17183.496094	-72.163696
17226.562500	-72.263069
17269.628906	-72.768974
17312.695312	-72.256714
17355.761719	-72.472862
17398.828125	-72.749458
17441.894531	-72.839478
17484.960938	-73.052544
17528.027344	-73.062798
17571.093750	-73.037552
17614.160156	-73.069672
17657.226562	-73.075317
17700.292969	-72.865677
17743.359375	-73.544487
17786.425781	-73.595390
17829.492188	-73.461250
17872.558594	-73.396660
17915.625000	-73.697563
17958.691406	-73.855751
18001.757812	-73.651993
18044.824219	-73.805870
18087.890625	-73.924004
18130.957031	-73.690231
18174.023438	-73.666939
18217.089844	-73.774666
18260.156250	-74.284149
18303.222656	-74.273888
18346.289062	-74.419685
18389.355469	-75.077637
18432.421875	-74.770638
18475.488281	-74.468849
18518.554688	-74.815948
18561.621094	-74.773933
18604.687500	-74.371994
18647.753906	-74.422653
18690.820312	-74.840874
18733.886719	-75.176987
18776.953125	-75.189430
18820.019531	-74.792374
18863.085938	-74.796028
18906.152344	-74.714203
18949.218750	-74.914841
18992.285156	-75.058495
19035.351562	-75.002541
19078.417969	-75.130600
19121.484375	-74.947762
19164.550781	-75.267471
19207.617188	-75.276031
19250.683594	-75.382866
19293.750000	-75.252846
19336.816406	-75.437164
19379.882812	-75.890129
19422.949219	-75.812256
19466.015625	-75.884880
19509.082031	-76.106514
19552.148438	-75.916916
19595.214844	-75.627113
19638.281250	-76.002136
19681.347656	-75.705963
19724.414062	-75.692123
19767.480469	-75.950089
19810.546875	-75.953346
19853.613281	-76.191887
19896.679688	-75.979721
19939.746094	-75.951096
19982.812500	-76.126587
20025.878906	-76.450218
20068.945312	-76.905983
20112.011719	-76.524147
20155.078125	-76.927597
20198.144531	-76.638908
20241.210938	-76.352692
20284.277344	-76.715141
20327.343750	-76.743675
20370.410156	-77.160118
20413.476562	-76.838654
20456.542969	-76.713623
20499.609375	-76.893951
20542.675781	-76.992805
20585.742188	-76.889153
20628.808594	-77.357552
20671.875000	-77.232323
20714.941406	-77.183327
20758.007812	-76.952690
20801.074219	-76.712341
20844.140625	-77.054474
20887.207031	-77.345268
20930.273438	-77.244148
20973.339844	-77.427803
21016.406250	-77.581467
21059.472656	-77.690582
21102.539062	-77.918015
21145.605469	-77.853813
21188.671875	-77.958138
21231.738281	-77.670448
21274.804688	-77.866089
21317.871094	-77.875404
21360.937500	-77.474060
21404.003906	-77.797005
21447.070312	-78.126015
21490.136719	-78.241661
21533.203125	-78.688828
21576.269531	-78.688591
21619.335938	-78.231079
21662.402344	-78.475861
21705.468750	-79.001106
21748.535156	-79.036362
21791.601562	-79.402023
21834.667969	-79.562668
21877.734375	-80.352768
21920.800781	-80.966621
21963.867188	-81.236755
22006.933594	-81.412971
