Frequency (Hz)	Level (dB)
43.066406	-27.330875
86.132812	-24.522030
129.199219	-23.020880
172.265625	-21.807806
215.332031	-21.511560
258.398438	-21.455841
301.464844	-21.638052
344.531250	-22.187393
387.597656	-22.256069
430.664062	-22.954336
473.730469	-23.370956
516.796875	-23.384314
559.863281	-23.921598
602.929688	-23.777771
645.996094	-24.031044
689.062500	-24.765705
732.128906	-24.736706
775.195312	-24.879732
818.261719	-24.410038
861.328125	-24.559792
904.394531	-25.126272
947.460938	-25.389257
990.527344	-25.248203
1033.593750	-25.407974
1076.660156	-25.181026
1119.726562	-25.380074
1162.792969	-25.869080
1205.859375	-25.230700
1248.925781	-25.173971
1291.992188	-25.746567
1335.058594	-26.180578
1378.125000	-25.731058
1421.191406	-26.212084
1464.257812	-26.309256
1507.324219	-26.198908
1550.390625	-26.022179
1593.457031	-26.228733
1636.523438	-26.656929
1679.589844	-26.536900
1722.656250	-26.654593
1765.722656	-26.885092
1808.789062	-27.124880
1851.855469	-26.799585
1894.921875	-27.231865
1937.988281	-27.361046
1981.054688	-27.866526
2024.121094	-28.166586
2067.187500	-28.137575
2110.253906	-28.266039
2153.320312	-27.845520
2196.386719	-28.170795
2239.453125	-28.521479
2282.519531	-28.704243
2325.585938	-28.697060
2368.652344	-28.841969
2411.718750	-28.806101
2454.785156	-29.239569
2497.851562	-29.611277
2540.917969	-30.172104
2583.984375	-29.781164
2627.050781	-29.415398
2670.117188	-29.995745
2713.183594	-29.933241
2756.250000	-30.605391
2799.316406	-30.106936
2842.382812	-30.511219
2885.449219	-31.085814
2928.515625	-31.066242
2971.582031	-31.321312
3014.648438	-31.487890
3057.714844	-31.213200
3100.781250	-31.789934
3143.847656	-31.939430
3186.914062	-31.783484
3229.980469	-31.610683
3273.046875	-32.757198
3316.113281	-32.865894
3359.179688	-32.140598
3402.246094	-32.320171
3445.312500	-32.796379
3488.378906	-33.345173
3531.445312	-33.330887
3574.511719	-33.576622
3617.578125	-33.959633
3660.644531	-33.532192
3703.710938	-33.909924
3746.777344	-34.251911
3789.843750	-34.967205
3832.910156	-34.679310
3875.976562	-34.533714
3919.042969	-34.764214
3962.109375	-34.764400
4005.175781	-35.032043
4048.242188	-35.070599
4091.308594	-35.719212
4134.375000	-35.753220
4177.441406	-35.387817
4220.507812	-35.440216
4263.574219	-35.972729
4306.640625	-36.396812
4349.707031	-36.438210
4392.773438	-36.560986
4435.839844	-37.245926
4478.906250	-37.090290
4521.972656	-37.162128
4565.039062	-37.319736
4608.105469	-37.368034
4651.171875	-37.552006
4694.238281	-37.542465
4737.304688	-37.596619
4780.371094	-37.857002
4823.437500	-38.913864
4866.503906	-39.157082
4909.570312	-38.841846
4952.636719	-38.296368
4995.703125	-38.795815
5038.769531	-39.496613
5081.835938	-39.606121
5124.902344	-39.754074
5167.968750	-39.892170
5211.035156	-40.307304
5254.101562	-40.629906
5297.167969	-41.124996
5340.234375	-40.701168
5383.300781	-40.679367
5426.367188	-41.132454
5469.433594	-41.052315
5512.500000	-41.191135
5555.566406	-41.068932
5598.632812	-41.028561
5641.699219	-41.321320
5684.765625	-41.943962
5727.832031	-41.923180
5770.898438	-41.992828
5813.964844	-42.596432
5857.031250	-42.993290
5900.097656	-43.136932
5943.164062	-42.970428
5986.230469	-42.906956
6029.296875	-43.010647
6072.363281	-43.160522
6115.429688	-43.339546
6158.496094	-43.442997
6201.562500	-43.759209
6244.628906	-43.708569
6287.695312	-44.016075
6330.761719	-44.297863
6373.828125	-44.162235
6416.894531	-44.241566
6459.960938	-44.333122
6503.027344	-44.685406
6546.093750	-44.876343
6589.160156	-45.100990
6632.226562	-45.423031
6675.292969	-45.374229
6718.359375	-45.436047
6761.425781	-45.631504
6804.492188	-45.536552
6847.558594	-45.710659
6890.625000	-46.449337
6933.691406	-46.842312
6976.757812	-46.985241
7019.824219	-47.020103
7062.890625	-47.071438
7105.957031	-47.414124
7149.023438	-47.250923
7192.089844	-47.289944
7235.156250	-47.503014
7278.222656	-47.886768
7321.289062	-48.229206
7364.355469	-48.318218
7407.421875	-48.251545
7450.488281	-48.539246
7493.554688	-48.697323
7536.621094	-48.975136
7579.687500	-48.877556
7622.753906	-49.139168
7665.820312	-49.117661
7708.886719	-49.589828
7751.953125	-49.836060
7795.019531	-49.640324
7838.085938	-50.062836
7881.152344	-49.769485
7924.218750	-49.825268
7967.285156	-50.453594
8010.351562	-50.545486
8053.417969	-50.302826
8096.484375	-50.434906
8139.550781	-50.612576
8182.617188	-50.724812
8225.683594	-50.843643
8268.750000	-51.317257
8311.816406	-51.269985
8354.882812	-51.315704
8397.949219	-51.727753
8441.015625	-52.152691
8484.082031	-52.035088
8527.148438	-52.498531
8570.214844	-52.938904
8613.281250	-52.338081
8656.347656	-52.159424
8699.414062	-52.896248
8742.480469	-52.988976
8785.546875	-53.079441
8828.613281	-53.076721
8871.679688	-53.281155
8914.746094	-53.630001
8957.812500	-53.413624
9000.878906	-53.800457
9043.945312	-53.921101
9087.011719	-54.068459
9130.078125	-54.525837
9173.144531	-54.293961
9216.210938	-54.115459
9259.277344	-54.485458
9302.343750	-54.815731
9345.410156	-54.631805
9388.476562	-55.194691
9431.542969	-55.606304
9474.609375	-56.138355
9517.675781	-55.911575
9560.742188	-55.680649
9603.808594	-55.614025
9646.875000	-56.354900
9689.941406	-56.314064
9733.007812	-55.882145
9776.074219	-55.856770
9819.140625	-56.168816
9862.207031	-56.373459
9905.273438	-56.780113
9948.339844	-56.662735
9991.406250	-56.723171
10034.472656	-57.110752
10077.539062	-57.119934
10120.605469	-57.295296
10163.671875	-57.534767
10206.738281	-57.272972
10249.804688	-57.725101
10292.871094	-57.580078
10335.937500	-57.450932
10379.003906	-57.850780
10422.070312	-57.591282
10465.136719	-57.806843
10508.203125	-58.162632
10551.269531	-58.467358
10594.335938	-58.825214
10637.402344	-58.770672
10680.468750	-59.125320
10723.535156	-59.250732
10766.601562	-59.528633
10809.667969	-59.277813
10852.734375	-59.218166
10895.800781	-59.421333
10938.867188	-59.615269
10981.933594	-59.927460
11025.000000	-59.855251
11068.066406	-59.683029
11111.132812	-59.874256
11154.199219	-59.991802
11197.265625	-60.318424
11240.332031	-60.360767
11283.398438	-60.469841
11326.464844	-60.531834
11369.531250	-60.808887
11412.597656	-61.171234
11455.664062	-60.832504
11498.730469	-60.880421
11541.796875	-61.052696
11584.863281	-61.860287
11627.929688	-61.845997
11670.996094	-61.514698
11714.062500	-61.656673
11757.128906	-61.923225
11800.195312	-61.651031
11843.261719	-61.513279
11886.328125	-62.021950
11929.394531	-62.190468
11972.460938	-62.680424
12015.527344	-62.637283
12058.593750	-62.731510
12101.660156	-62.761539
12144.726562	-62.901196
12187.792969	-62.843418
12230.859375	-63.018230
12273.925781	-63.318764
12316.992188	-63.527901
12360.058594	-63.825375
12403.125000	-63.826962
12446.191406	-63.655163
12489.257812	-63.595802
12532.324219	-63.802654
12575.390625	-64.080856
12618.457031	-64.439896
12661.523438	-64.610863
12704.589844	-64.621735
12747.656250	-64.637291
12790.722656	-64.751701
12833.789062	-65.261391
12876.855469	-64.746445
12919.921875	-64.695641
12962.988281	-65.177299
13006.054688	-64.940849
13049.121094	-65.250366
13092.187500	-65.433388
13135.253906	-65.179352
13178.320312	-65.617157
13221.386719	-65.504166
13264.453125	-65.279381
13307.519531	-65.383614
13350.585938	-65.648331
13393.652344	-66.199715
13436.718750	-66.103058
13479.785156	-66.068764
13522.851562	-66.330956
13565.917969	-66.396278
13608.984375	-66.323715
13652.050781	-66.231949
13695.117188	-66.588554
13738.183594	-66.695190
13781.250000	-66.505424
13824.316406	-66.365326
13867.382812	-66.739563
13910.449219	-66.804276
13953.515625	-67.035156
13996.582031	-67.695694
14039.648438	-67.407944
14082.714844	-67.737236
14125.781250	-67.128586
14168.847656	-67.561104
14211.914062	-67.680016
14254.980469	-67.869316
14298.046875	-67.853271
14341.113281	-67.381691
14384.179688	-67.682426
14427.246094	-68.182854
14470.312500	-68.220177
14513.378906	-68.132149
14556.445312	-68.266045
14599.511719	-68.596344
14642.578125	-68.106895
14685.644531	-68.858253
14728.710938	-68.967026
14771.777344	-69.027695
14814.843750	-69.474350
14857.910156	-68.691856
14900.976562	-68.915634
14944.042969	-69.564583
14987.109375	-69.180153
15030.175781	-69.027161
15073.242188	-69.339401
15116.308594	-69.841454
15159.375000	-69.608330
15202.441406	-69.425354
15245.507812	-69.630112
15288.574219	-69.773537
15331.640625	-69.712814
15374.707031	-70.010628
15417.773438	-70.068787
15460.839844	-69.608101
15503.906250	-69.821121
15546.972656	-70.144531
15590.039062	-70.331314
15633.105469	-70.492592
15676.171875	-70.117882
15719.238281	-70.466949
15762.304688	-70.528816
15805.371094	-70.666183
15848.437500	-70.491112
15891.503906	-70.258728
15934.570312	-70.395638
15977.636719	-70.716331
16020.703125	-70.836533
16063.769531	-71.017731
16106.835938	-71.179337
16149.902344	-71.056030
16192.968750	-71.299110
16236.035156	-71.436050
16279.101562	-71.704628
16322.167969	-71.204681
16365.234375	-71.228706
16408.300781	-71.026031
16451.367188	-70.879997
16494.433594	-71.145798
16537.500000	-71.602798
16580.566406	-71.717979
16623.632812	-71.739555
16666.699219	-72.037140
16709.765625	-72.218452
16752.832031	-72.075485
16795.898438	-72.139709
16838.964844	-71.787994
16882.031250	-72.306442
16925.097656	-72.496658
16968.164062	-72.330627
17011.230469	-71.835510
17054.296875	-72.446495
17097.363281	-72.855896
17140.429688	-72.408401
17183.496094	-72.497940
17226.562500	-72.731323
17269.628906	-73.142700
17312.695312	-73.216629
17355.761719	-73.159752
17398.828125	-73.181572
17441.894531	-72.734612
17484.960938	-72.572189
17528.027344	-72.738037
17571.093750	-72.853065
17614.160156	-73.299934
17657.226562	-73.578094
17700.292969	-73.605614
17743.359375	-73.447884
17786.425781	-73.903625
17829.492188	-74.055428
17872.558594	-73.697098
17915.625000	-73.939217
17958.691406	-74.479973
18001.757812	-74.093239
18044.824219	-73.872787
18087.890625	-73.938606
18130.957031	-73.964851
18174.023438	-74.109756
18217.089844	-74.239510
18260.156250	-74.689568
18303.222656	-75.044411
18346.289062	-74.675301
18389.355469	-74.718956
18432.421875	-74.975304
18475.488281	-74.953575
18518.554688	-74.700279
18561.621094	-74.836342
18604.687500	-75.415436
18647.753906	-75.257011
18690.820312	-75.171028
18733.886719	-75.291374
18776.953125	-74.860252
18820.019531	-75.350311
18863.085938	-75.166962
18906.152344	-75.464790
18949.218750	-75.282860
18992.285156	-75.128288
19035.351562	-75.399437
19078.417969	-75.412674
19121.484375	-75.461121
19164.550781	-75.500504
19207.617188	-75.602020
19250.683594	-75.557198
19293.750000	-75.864639
19336.816406	-75.842361
19379.882812	-75.555321
19422.949219	-75.807396
19466.015625	-75.863991
19509.082031	-75.497314
19552.148438	-75.486481
19595.214844	-75.678955
19638.281250	-76.065979
19681.347656	-75.979271
19724.414062	-75.935081
19767.480469	-75.912773
19810.546875	-76.181892
19853.613281	-76.602455
19896.679688	-76.792305
19939.746094	-76.831520
19982.812500	-76.443253
20025.878906	-76.010880
20068.945312	-76.325516
20112.011719	-76.463737
20155.078125	-76.849190
20198.144531	-77.340385
20241.210938	-76.863586
20284.277344	-77.052643
20327.343750	-77.134331
20370.410156	-76.949471
20413.476562	-76.465126
20456.542969	-76.733513
20499.609375	-77.169754
20542.675781	-77.156654
20585.742188	-77.402252
20628.808594	-77.914345
20671.875000	-77.481552
20714.941406	-77.628639
20758.007812	-77.626045
20801.074219	-77.679161
20844.140625	-77.710976
20887.207031	-78.120438
20930.273438	-78.016983
20973.339844	-77.638199
21016.406250	-77.702354
21059.472656	-77.672798
21102.539062	-77.801247
21145.605469	-77.924431
21188.671875	-78.183334
21231.738281	-78.233803
21274.804688	-77.961487
21317.871094	-77.687325
21360.937500	-78.151772
21404.003906	-78.402336
21447.070312	-78.196198
21490.136719	-78.138199
21533.203125	-78.430099
21576.269531	-79.093040
21619.335938	-79.224533
21662.402344	-79.085892
21705.468750	-78.963387
21748.535156	-79.192154
21791.601562	-79.730659
21834.667969	-79.888206
21877.734375	-80.530045
21920.800781	-80.644272
21963.867188	-80.852325
22006.933594	-81.845764
