Frequency (Hz)	Level (dB)
21.533203	-17.054090
43.066406	-18.261736
64.599609	-20.322283
86.132812	-21.264942
107.666016	-20.760540
129.199219	-21.246460
150.732422	-22.023090
172.265625	-22.404577
193.798828	-22.320213
215.332031	-22.808132
236.865234	-23.699060
258.398438	-23.580368
279.931641	-23.782261
301.464844	-23.698620
322.998047	-23.897112
344.531250	-24.186422
366.064453	-23.534731
387.597656	-24.676256
409.130859	-25.175898
430.664062	-24.315220
452.197266	-24.381865
473.730469	-24.766603
495.263672	-24.422083
516.796875	-25.198212
538.330078	-25.865351
559.863281	-24.626980
581.396484	-24.471498
602.929688	-23.839951
624.462891	-24.407297
645.996094	-24.631983
667.529297	-25.118843
689.062500	-25.609779
710.595703	-24.427923
732.128906	-24.586102
753.662109	-24.521458
775.195312	-24.848801
796.728516	-24.506014
818.261719	-24.807722
839.794922	-24.880985
861.328125	-24.983549
882.861328	-24.917955
904.394531	-24.963951
925.927734	-24.938866
947.460938	-24.638596
968.994141	-24.857203
990.527344	-24.460817
1012.060547	-24.020622
1033.593750	-24.249872
1055.126953	-24.156399
1076.660156	-23.625296
1098.193359	-23.674593
1119.726562	-24.092085
1141.259766	-24.560890
1162.792969	-24.528126
1184.326172	-24.562899
1205.859375	-23.821098
1227.392578	-23.589872
1248.925781	-24.047720
1270.458984	-23.795671
1291.992188	-24.183897
1313.525391	-23.734898
1335.058594	-24.122929
1356.591797	-23.735695
1378.125000	-22.296610
1399.658203	-22.532887
1421.191406	-23.709677
1442.724609	-24.693117
1464.257812	-24.470257
1485.791016	-23.521742
1507.324219	-23.487888
1528.857422	-23.451824
1550.390625	-23.218733
1571.923828	-23.379744
1593.457031	-23.021957
1614.990234	-23.086239
1636.523438	-23.292971
1658.056641	-23.858099
1679.589844	-23.315947
1701.123047	-23.292082
1722.656250	-23.399473
1744.189453	-23.151016
1765.722656	-22.525232
1787.255859	-23.126867
1808.789062	-23.199318
1830.322266	-23.010420
1851.855469	-23.133362
1873.388672	-23.958151
1894.921875	-23.941086
1916.455078	-23.257605
1937.988281	-23.391304
1959.521484	-24.184811
1981.054688	-23.466467
2002.587891	-23.761375
2024.121094	-23.655369
2045.654297	-23.244642
2067.187500	-22.965002
2088.720703	-23.130610
2110.253906	-23.247105
2131.787109	-23.173178
2153.320312	-22.866463
2174.853516	-22.731293
2196.386719	-23.085459
2217.919922	-23.171230
2239.453125	-22.791512
2260.986328	-23.288355
2282.519531	-23.145948
2304.052734	-22.419258
2325.585938	-23.057119
2347.119141	-23.321373
2368.652344	-22.712324
2390.185547	-22.928530
2411.718750	-23.656921
2433.251953	-23.341194
2454.785156	-23.040041
2476.318359	-23.334282
2497.851562	-23.675184
2519.384766	-23.261654
2540.917969	-23.476423
2562.451172	-23.392572
2583.984375	-23.198252
2605.517578	-23.099445
2627.050781	-23.808250
2648.583984	-23.852804
2670.117188	-23.417385
2691.650391	-23.610022
2713.183594	-23.426004
2734.716797	-23.135695
2756.250000	-23.090353
2777.783203	-23.592087
2799.316406	-23.042139
2820.849609	-23.372122
2842.382812	-23.440504
2863.916016	-22.850105
2885.449219	-23.149275
2906.982422	-22.780867
2928.515625	-22.735674
2950.048828	-23.095144
2971.582031	-23.022692
2993.115234	-22.911983
3014.648438	-23.543400
3036.181641	-24.084982
3057.714844	-23.511587
3079.248047	-22.957161
3100.781250	-23.362909
3122.314453	-23.390066
3143.847656	-23.102980
3165.380859	-23.395044
3186.914062	-23.479527
3208.447266	-23.379717
3229.980469	-22.929817
3251.513672	-23.087128
3273.046875	-23.388258
3294.580078	-22.878622
3316.113281	-23.126020
3337.646484	-23.156372
3359.179688	-23.341043
3380.712891	-23.615173
3402.246094	-23.891653
3423.779297	-23.918106
3445.312500	-23.137953
3466.845703	-23.251068
3488.378906	-23.707888
3509.912109	-24.255308
3531.445312	-24.298483
3552.978516	-23.605085
3574.511719	-23.283464
3596.044922	-23.831352
3617.578125	-23.908697
3639.111328	-24.384878
3660.644531	-23.804132
3682.177734	-23.153137
3703.710938	-24.183376
3725.244141	-24.016035
3746.777344	-23.909466
3768.310547	-24.118809
3789.843750	-24.558226
3811.376953	-24.450397
3832.910156	-23.983299
3854.443359	-23.213852
3875.976562	-23.327120
3897.509766	-24.360325
3919.042969	-23.727562
3940.576172	-23.674295
3962.109375	-24.152784
3983.642578	-24.137806
4005.175781	-23.657106
4026.708984	-23.729063
4048.242188	-23.760281
4069.775391	-23.880051
4091.308594	-23.851654
4112.841797	-23.648720
4134.375000	-23.667448
4155.908203	-24.420143
4177.441406	-24.232992
4198.974609	-24.138292
4220.507812	-24.317816
4242.041016	-23.569139
4263.574219	-23.447405
4285.107422	-24.414082
4306.640625	-24.266275
4328.173828	-24.546244
4349.707031	-24.225466
4371.240234	-24.129898
4392.773438	-24.548096
4414.306641	-24.554045
4435.839844	-24.315500
4457.373047	-24.738188
4478.906250	-24.776644
4500.439453	-24.810789
4521.972656	-24.785984
4543.505859	-24.615154
4565.039062	-25.285326
4586.572266	-24.874908
4608.105469	-24.259193
4629.638672	-24.339520
4651.171875	-24.692959
4672.705078	-24.729382
4694.238281	-24.739515
4715.771484	-24.788982
4737.304688	-24.676582
4758.837891	-24.992729
4780.371094	-24.664518
4801.904297	-23.915440
4823.437500	-24.314739
4844.970703	-24.745581
4866.503906	-24.654905
4888.037109	-24.868631
4909.570312	-24.875387
4931.103516	-24.882174
4952.636719	-24.993057
4974.169922	-24.793898
4995.703125	-25.029903
5017.236328	-25.259283
5038.769531	-25.131134
5060.302734	-25.147629
5081.835938	-25.106274
5103.369141	-24.789585
5124.902344	-25.697414
5146.435547	-25.648336
5167.968750	-25.020531
5189.501953	-25.282412
5211.035156	-25.424631
5232.568359	-25.565453
5254.101562	-25.469896
5275.634766	-24.852257
5297.167969	-25.137390
5318.701172	-25.708393
5340.234375	-24.663206
5361.767578	-24.343393
5383.300781	-25.264675
5404.833984	-26.129068
5426.367188	-25.801195
5447.900391	-25.471903
5469.433594	-25.748304
5490.966797	-26.105745
5512.500000	-26.243731
5534.033203	-26.188150
5555.566406	-25.800890
5577.099609	-25.230272
5598.632812	-25.538643
5620.166016	-25.318693
5641.699219	-25.159433
5663.232422	-25.686062
5684.765625	-26.234333
5706.298828	-25.896677
5727.832031	-25.380865
5749.365234	-25.916021
5770.898438	-25.988104
5792.431641	-25.537609
5813.964844	-25.790398
5835.498047	-25.910892
5857.031250	-25.390270
5878.564453	-25.662422
5900.097656	-25.948984
5921.630859	-25.909170
5943.164062	-25.925354
5964.697266	-25.237974
5986.230469	-25.608469
6007.763672	-26.182108
6029.296875	-26.260565
6050.830078	-26.210464
6072.363281	-26.262522
6093.896484	-26.248650
6115.429688	-25.934633
6136.962891	-25.878212
6158.496094	-25.446074
6180.029297	-26.161676
6201.562500	-26.334484
6223.095703	-25.668854
6244.628906	-26.137106
6266.162109	-26.492599
6287.695312	-26.247957
6309.228516	-25.940607
6330.761719	-26.534178
6352.294922	-26.187574
6373.828125	-26.250713
6395.361328	-26.399332
6416.894531	-25.940136
6438.427734	-25.979572
6459.960938	-25.998087
6481.494141	-26.332420
6503.027344	-26.651903
6524.560547	-25.892330
6546.093750	-26.474453
6567.626953	-26.534187
6589.160156	-26.474625
6610.693359	-27.335732
6632.226562	-27.581659
6653.759766	-26.716347
6675.292969	-26.942638
6696.826172	-27.455133
6718.359375	-27.086792
6739.892578	-26.710133
6761.425781	-26.971424
6782.958984	-27.092886
6804.492188	-27.496634
6826.025391	-27.005877
6847.558594	-26.475536
6869.091797	-26.652372
6890.625000	-26.603283
6912.158203	-26.872242
6933.691406	-26.948074
6955.224609	-25.976442
6976.757812	-25.932322
6998.291016	-26.725550
7019.824219	-27.474030
7041.357422	-27.212502
7062.890625	-27.021774
7084.423828	-27.015017
7105.957031	-26.431990
7127.490234	-27.380011
7149.023438	-28.256039
7170.556641	-27.475962
7192.089844	-26.913136
7213.623047	-27.242842
7235.156250	-27.196640
7256.689453	-26.750061
7278.222656	-27.000254
7299.755859	-26.933266
7321.289062	-27.445736
7342.822266	-28.090260
7364.355469	-27.390091
7385.888672	-26.966890
7407.421875	-27.353895
7428.955078	-27.378700
7450.488281	-27.128384
7472.021484	-27.295153
7493.554688	-28.024815
7515.087891	-27.934025
7536.621094	-28.071131
7558.154297	-28.059841
7579.687500	-27.153671
7601.220703	-26.830734
7622.753906	-27.839386
7644.287109	-28.072363
7665.820312	-27.548124
7687.353516	-27.826834
7708.886719	-28.500401
7730.419922	-28.234076
7751.953125	-28.048147
7773.486328	-27.730730
7795.019531	-27.994177
7816.552734	-28.249741
7838.085938	-27.491083
7859.619141	-28.191998
7881.152344	-27.331526
7902.685547	-27.155954
7924.218750	-28.037842
7945.751953	-28.826756
7967.285156	-28.046919
7988.818359	-28.387917
8010.351562	-28.251123
8031.884766	-28.497545
8053.417969	-28.777809
8074.951172	-27.998032
8096.484375	-28.366358
8118.017578	-28.351334
8139.550781	-27.754471
8161.083984	-27.526091
8182.617188	-28.039518
8204.150391	-27.845692
8225.683594	-27.790274
8247.216797	-27.727655
8268.750000	-27.599514
8290.283203	-28.110308
8311.816406	-28.388241
8333.349609	-28.612158
8354.882812	-28.448338
8376.416016	-28.621363
8397.949219	-28.414785
8419.482422	-28.411257
8441.015625	-29.208424
8462.548828	-29.467461
8484.082031	-28.581989
8505.615234	-28.582201
8527.148438	-28.982721
8548.681641	-28.668472
8570.214844	-28.579294
8591.748047	-28.366179
8613.281250	-28.750555
8634.814453	-28.730764
8656.347656	-28.371464
8677.880859	-27.980986
8699.414062	-28.918705
8720.947266	-29.621302
8742.480469	-29.101852
8764.013672	-28.858599
8785.546875	-29.097328
8807.080078	-28.594406
8828.613281	-29.080120
8850.146484	-28.721296
8871.679688	-28.745007
8893.212891	-29.069647
8914.746094	-28.854095
8936.279297	-29.051672
8957.812500	-29.175894
8979.345703	-29.522186
9000.878906	-29.202566
9022.412109	-29.226637
9043.945312	-29.195742
9065.478516	-29.236938
9087.011719	-29.333427
9108.544922	-29.185806
9130.078125	-29.228458
9151.611328	-29.097494
9173.144531	-29.335510
9194.677734	-29.555204
9216.210938	-28.491224
9237.744141	-28.785135
9259.277344	-28.755463
9280.810547	-29.365135
9302.343750	-29.288988
9323.876953	-30.108418
9345.410156	-29.781610
9366.943359	-29.055222
9388.476562	-28.788445
9410.009766	-29.201656
9431.542969	-29.848080
9453.076172	-29.756760
9474.609375	-29.336210
9496.142578	-29.510874
9517.675781	-29.817217
9539.208984	-29.995049
9560.742188	-29.920801
9582.275391	-29.567474
9603.808594	-28.983877
9625.341797	-29.328098
9646.875000	-29.603237
9668.408203	-29.982439
9689.941406	-29.743231
9711.474609	-29.296274
9733.007812	-29.489120
9754.541016	-29.581820
9776.074219	-29.652527
9797.607422	-29.174538
9819.140625	-30.396374
9840.673828	-30.034719
9862.207031	-29.554138
9883.740234	-29.797863
9905.273438	-30.068552
9926.806641	-30.053816
9948.339844	-30.076345
9969.873047	-29.899769
9991.406250	-29.758095
10012.939453	-30.031736
10034.472656	-30.592152
10056.005859	-30.019999
10077.539062	-29.774277
10099.072266	-30.435226
10120.605469	-29.993217
10142.138672	-29.935440
10163.671875	-30.091452
10185.205078	-29.799332
10206.738281	-29.905012
10228.271484	-30.334293
10249.804688	-30.081419
10271.337891	-29.955492
10292.871094	-29.583118
10314.404297	-29.830204
10335.937500	-30.223679
10357.470703	-30.136646
10379.003906	-30.129297
10400.537109	-30.169531
10422.070312	-29.948919
10443.603516	-29.777363
10465.136719	-30.410353
10486.669922	-30.703516
10508.203125	-30.061003
10529.736328	-29.595320
10551.269531	-30.326109
10572.802734	-30.381332
10594.335938	-30.520849
10615.869141	-29.949200
10637.402344	-30.259281
10658.935547	-30.707485
10680.468750	-30.690041
10702.001953	-30.729109
10723.535156	-30.092310
10745.068359	-30.399988
10766.601562	-30.496508
10788.134766	-30.399536
10809.667969	-31.138968
10831.201172	-31.052769
10852.734375	-30.717567
10874.267578	-31.223787
10895.800781	-31.171457
10917.333984	-30.633238
10938.867188	-30.837284
10960.400391	-30.594488
10981.933594	-30.558691
11003.466797	-30.609644
11025.000000	-30.899857
11046.533203	-30.764475
11068.066406	-30.767323
11089.599609	-30.793726
11111.132812	-31.327799
11132.666016	-31.343634
11154.199219	-31.594666
11175.732422	-31.531157
11197.265625	-31.274569
11218.798828	-31.523121
11240.332031	-31.180462
11261.865234	-30.804338
11283.398438	-30.387806
11304.931641	-30.087126
11326.464844	-30.542337
11347.998047	-31.173399
11369.531250	-30.946650
11391.064453	-31.336218
11412.597656	-31.287481
11434.130859	-31.372822
11455.664062	-31.003914
11477.197266	-30.575212
11498.730469	-31.104567
11520.263672	-31.103096
11541.796875	-31.456261
11563.330078	-31.491642
11584.863281	-31.400652
11606.396484	-31.166523
11627.929688	-30.607824
11649.462891	-31.106964
11670.996094	-31.783758
11692.529297	-32.013218
11714.062500	-31.771780
11735.595703	-30.896009
11757.128906	-30.688444
11778.662109	-31.344770
11800.195312	-31.846560
11821.728516	-31.564579
11843.261719	-30.684505
11864.794922	-31.368555
11886.328125	-31.088566
11907.861328	-30.866171
11929.394531	-31.508961
11950.927734	-31.452869
11972.460938	-31.407410
11993.994141	-31.672720
12015.527344	-31.210464
12037.060547	-32.012569
12058.593750	-31.691643
12080.126953	-31.046473
12101.660156	-30.425652
12123.193359	-31.153997
12144.726562	-31.700171
12166.259766	-31.656746
12187.792969	-31.512486
12209.326172	-32.211567
12230.859375	-32.460304
12252.392578	-31.825661
12273.925781	-31.678885
12295.458984	-32.127083
12316.992188	-32.878403
12338.525391	-32.229301
12360.058594	-31.506224
12381.591797	-31.673386
12403.125000	-31.565577
12424.658203	-31.071533
12446.191406	-31.149672
12467.724609	-31.979620
12489.257812	-32.586563
12510.791016	-32.011055
12532.324219	-31.730932
12553.857422	-31.550524
12575.390625	-32.742287
12596.923828	-32.632816
12618.457031	-32.065655
12639.990234	-31.804899
12661.523438	-32.408424
12683.056641	-31.876894
12704.589844	-31.369482
12726.123047	-31.757204
12747.656250	-32.079758
12769.189453	-32.472588
12790.722656	-32.009441
12812.255859	-31.821518
12833.789062	-32.671665
12855.322266	-32.696426
12876.855469	-32.621819
12898.388672	-32.328121
12919.921875	-32.423470
12941.455078	-32.023891
12962.988281	-32.180893
12984.521484	-33.183372
13006.054688	-32.901726
13027.587891	-32.794434
13049.121094	-32.014732
13070.654297	-31.854284
13092.187500	-32.030632
13113.720703	-32.150047
13135.253906	-32.721073
13156.787109	-31.986933
13178.320312	-31.896225
13199.853516	-32.103386
13221.386719	-32.142467
13242.919922	-32.668575
13264.453125	-32.749462
13285.986328	-32.774853
13307.519531	-32.563652
13329.052734	-32.380245
13350.585938	-32.401695
13372.119141	-32.120502
13393.652344	-33.162483
13415.185547	-33.351078
13436.718750	-33.011440
13458.251953	-33.551998
13479.785156	-33.343021
13501.318359	-33.020203
13522.851562	-32.520420
13544.384766	-32.687538
13565.917969	-32.590839
13587.451172	-33.057880
13608.984375	-33.044392
13630.517578	-32.980682
13652.050781	-32.553509
13673.583984	-33.370850
13695.117188	-33.418152
13716.650391	-32.617893
13738.183594	-33.154129
13759.716797	-33.672981
13781.250000	-33.315601
13802.783203	-32.646957
13824.316406	-32.701126
13845.849609	-32.622845
13867.382812	-32.326900
13888.916016	-32.291252
13910.449219	-33.112640
13931.982422	-33.263531
13953.515625	-33.620941
13975.048828	-33.307167
13996.582031	-33.438606
14018.115234	-33.739437
14039.648438	-33.427635
14061.181641	-32.885460
14082.714844	-32.901554
14104.248047	-32.906620
14125.781250	-32.765488
14147.314453	-33.194660
14168.847656	-33.878319
14190.380859	-33.678093
14211.914062	-33.719070
14233.447266	-33.764233
14254.980469	-33.450397
14276.513672	-33.632881
14298.046875	-32.993893
14319.580078	-32.339935
14341.113281	-32.739986
14362.646484	-33.768150
14384.179688	-33.340153
14405.712891	-32.784988
14427.246094	-32.746822
14448.779297	-33.455204
14470.312500	-33.017818
14491.845703	-33.617718
14513.378906	-34.334110
14534.912109	-33.168804
14556.445312	-33.129723
14577.978516	-33.740486
14599.511719	-33.880714
14621.044922	-33.981491
14642.578125	-33.505898
14664.111328	-33.707176
14685.644531	-34.436749
14707.177734	-34.401054
14728.710938	-33.489162
14750.244141	-33.219055
14771.777344	-33.459476
14793.310547	-33.904408
14814.843750	-33.276386
14836.376953	-33.374870
14857.910156	-33.670498
14879.443359	-32.820152
14900.976562	-33.315022
14922.509766	-34.275425
14944.042969	-33.596424
14965.576172	-32.777191
14987.109375	-33.177258
15008.642578	-33.275547
15030.175781	-33.277462
15051.708984	-33.928780
15073.242188	-34.090420
15094.775391	-33.845692
15116.308594	-33.834705
15137.841797	-34.273838
15159.375000	-34.191776
15180.908203	-34.144829
15202.441406	-34.042229
15223.974609	-33.571281
15245.507812	-33.817402
15267.041016	-33.821404
15288.574219	-34.401783
15310.107422	-34.132866
15331.640625	-34.350529
15353.173828	-34.482094
15374.707031	-34.002132
15396.240234	-34.122147
15417.773438	-34.580093
15439.306641	-34.248932
15460.839844	-34.145668
15482.373047	-34.440044
15503.906250	-33.825035
15525.439453	-33.985615
15546.972656	-33.664070
15568.505859	-33.878250
15590.039062	-34.210144
15611.572266	-34.317719
15633.105469	-34.630665
15654.638672	-34.917706
15676.171875	-33.868740
15697.705078	-33.708221
15719.238281	-34.167305
15740.771484	-34.881592
15762.304688	-34.736477
15783.837891	-34.732098
15805.371094	-35.074642
15826.904297	-34.505909
15848.437500	-33.958630
15869.970703	-34.105503
15891.503906	-34.479122
15913.037109	-34.771988
15934.570312	-35.123829
15956.103516	-34.938866
15977.636719	-34.469234
15999.169922	-34.481354
16020.703125	-34.313789
16042.236328	-34.511810
16063.769531	-34.884571
16085.302734	-35.302143
16106.835938	-34.435745
16128.369141	-33.865993
16149.902344	-34.374809
16171.435547	-34.595348
16192.968750	-34.597500
16214.501953	-34.528172
16236.035156	-35.068764
16257.568359	-34.368542
16279.101562	-34.121487
16300.634766	-34.781807
16322.167969	-34.885952
16343.701172	-35.027374
16365.234375	-35.396210
16386.767578	-35.106422
16408.300781	-34.667645
16429.833984	-34.898987
16451.367188	-34.786869
16472.900391	-34.477238
16494.433594	-34.848297
16515.966797	-34.544003
16537.500000	-34.986042
16559.033203	-35.997456
16580.566406	-35.814968
16602.099609	-35.069363
16623.632812	-35.693012
16645.166016	-34.961773
16666.699219	-35.646694
16688.232422	-35.449154
16709.765625	-35.534142
16731.298828	-35.629517
16752.832031	-35.029640
16774.365234	-35.430748
16795.898438	-35.462837
16817.431641	-35.679558
16838.964844	-36.223057
16860.498047	-35.842991
16882.031250	-35.645641
16903.564453	-35.683521
16925.097656	-35.666702
16946.630859	-35.674278
16968.164062	-36.103409
16989.697266	-36.237339
17011.230469	-36.407074
17032.763672	-35.583927
17054.296875	-36.103279
17075.830078	-36.912525
17097.363281	-36.795811
17118.896484	-36.456184
17140.429688	-36.179111
17161.962891	-35.791199
17183.496094	-36.038807
17205.029297	-36.602905
17226.562500	-36.585373
17248.095703	-36.587021
17269.628906	-36.534206
17291.162109	-36.734760
17312.695312	-37.520382
17334.228516	-37.434032
17355.761719	-36.493820
17377.294922	-36.034824
17398.828125	-37.101444
17420.361328	-37.195732
17441.894531	-36.264179
17463.427734	-36.709164
17484.960938	-36.585056
17506.494141	-36.458961
17528.027344	-36.935635
17549.560547	-37.097702
17571.093750	-37.179962
17592.626953	-37.156063
17614.160156	-37.521935
17635.693359	-38.332787
17657.226562	-37.688118
17678.759766	-37.215904
17700.292969	-37.405243
17721.826172	-37.426788
17743.359375	-37.201923
17764.892578	-37.356266
17786.425781	-38.103992
17807.958984	-37.661491
17829.492188	-37.677479
17851.025391	-37.327007
17872.558594	-37.740528
17894.091797	-39.057320
17915.625000	-38.412895
17937.158203	-38.484940
17958.691406	-38.360119
17980.224609	-38.643932
18001.757812	-39.159210
18023.291016	-39.311104
18044.824219	-38.923428
18066.357422	-38.316231
18087.890625	-38.392693
18109.423828	-38.830116
18130.957031	-39.786514
18152.490234	-39.029320
18174.023438	-38.495205
18195.556641	-39.087326
18217.089844	-39.386887
18238.623047	-39.511410
18260.156250	-39.725319
18281.689453	-39.302929
18303.222656	-39.153938
18324.755859	-39.414448
18346.289062	-39.209759
18367.822266	-39.118313
18389.355469	-39.954514
18410.888672	-40.351986
18432.421875	-39.623253
18453.955078	-39.040306
18475.488281	-39.603588
18497.021484	-39.787159
18518.554688	-39.659401
18540.087891	-40.004261
18561.621094	-39.746117
18583.154297	-39.687153
18604.687500	-40.470737
18626.220703	-40.568256
18647.753906	-40.478558
18669.287109	-40.548351
18690.820312	-40.016914
18712.353516	-40.316154
18733.886719	-40.462112
18755.419922	-40.367912
18776.953125	-40.189877
18798.486328	-40.490345
18820.019531	-40.752300
18841.552734	-41.153000
18863.085938	-41.056808
18884.619141	-41.132877
18906.152344	-40.405220
18927.685547	-41.011326
18949.218750	-41.442677
18970.751953	-41.634933
18992.285156	-41.556568
19013.818359	-41.154846
19035.351562	-41.485764
19056.884766	-41.748947
19078.417969	-41.844162
19099.951172	-41.876030
19121.484375	-41.716942
19143.017578	-42.410416
19164.550781	-42.572750
19186.083984	-42.556828
19207.617188	-42.196697
19229.150391	-42.113869
19250.683594	-41.967110
19272.216797	-42.459579
19293.750000	-43.481117
19315.283203	-43.069721
19336.816406	-43.201199
19358.349609	-43.172810
19379.882812	-43.623871
19401.416016	-43.708065
19422.949219	-44.267017
19444.482422	-44.547939
19466.015625	-44.350109
19487.548828	-44.665787
19509.082031	-44.664608
19530.615234	-44.181721
19552.148438	-45.051308
19573.681641	-45.141731
19595.214844	-45.397385
19616.748047	-45.607464
19638.281250	-46.028893
19659.814453	-46.186077
19681.347656	-46.266582
19702.880859	-46.715168
19724.414062	-46.842606
19745.947266	-46.895386
19767.480469	-47.152290
19789.013672	-47.508865
19810.546875	-47.796558
19832.080078	-47.745743
19853.613281	-47.792854
19875.146484	-47.951195
19896.679688	-48.832409
19918.212891	-49.374969
19939.746094	-49.006466
19961.279297	-48.964573
19982.812500	-49.156742
20004.345703	-49.636505
20025.878906	-50.457634
20047.412109	-51.140518
20068.945312	-51.152229
20090.478516	-51.283123
20112.011719	-52.201332
20133.544922	-52.577057
20155.078125	-53.212654
20176.611328	-53.494827
20198.144531	-54.243576
20219.677734	-54.867897
20241.210938	-54.510967
20262.744141	-54.672741
20284.277344	-55.024925
20305.810547	-55.726055
20327.343750	-56.162785
20348.876953	-56.493988
20370.410156	-57.245338
20391.943359	-57.606766
20413.476562	-58.180359
20435.009766	-59.375599
20456.542969	-60.196129
20478.076172	-59.899693
20499.609375	-60.697948
20521.142578	-61.336067
20542.675781	-61.419296
20564.208984	-61.952072
20585.742188	-62.771427
20607.275391	-63.635517
20628.808594	-64.586540
20650.341797	-64.936768
20671.875000	-65.046280
20693.408203	-65.859146
20714.941406	-68.316338
20736.474609	-68.270203
20758.007812	-68.633713
20779.541016	-69.345634
20801.074219	-70.300667
20822.607422	-70.655014
20844.140625	-71.281822
20865.673828	-72.312279
20887.207031	-73.338425
20908.740234	-73.762878
20930.273438	-74.599777
20951.806641	-75.232002
20973.339844	-76.205460
20994.873047	-77.563828
21016.406250	-79.078629
21037.939453	-79.661537
21059.472656	-80.663963
21081.005859	-81.335426
21102.539062	-81.653152
21124.072266	-82.539062
21145.605469	-83.341949
21167.138672	-84.469788
21188.671875	-85.457008
21210.205078	-86.654381
21231.738281	-88.693123
21253.271484	-90.352768
21274.804688	-91.578690
21296.337891	-92.338951
21317.871094	-93.642303
21339.404297	-94.612076
21360.937500	-95.527122
21382.470703	-97.079094
21404.003906	-98.555702
21425.537109	-100.250259
21447.070312	-101.545189
21468.603516	-102.654381
21490.136719	-103.896233
21511.669922	-105.149139
21533.203125	-107.830048
21554.736328	-109.574287
21576.269531	-110.998970
21597.802734	-113.096191
21619.335938	-114.826012
21640.869141	-116.578323
21662.402344	-118.828690
21683.935547	-120.889618
21705.468750	-123.260895
21727.001953	-125.526321
21748.535156	-127.845078
21770.068359	-129.815430
21791.601562	-132.312897
21813.134766	-135.129059
21834.667969	-138.210785
21856.201172	-142.237213
21877.734375	-145.278549
21899.267578	-148.274490
21920.800781	-151.786606
21942.333984	-156.006454
21963.867188	-157.263123
21985.400391	-157.808899
22006.933594	-157.607208
22028.466797	-156.480301
