Frequency (Hz)	Level (dB)
21.533203	-18.664316
43.066406	-18.450600
64.599609	-19.085384
86.132812	-19.512165
107.666016	-17.938911
129.199219	-17.955284
150.732422	-17.623350
172.265625	-17.617710
193.798828	-16.635347
215.332031	-15.945750
236.865234	-16.554277
258.398438	-15.666752
279.931641	-14.902125
301.464844	-14.946331
322.998047	-14.219780
344.531250	-14.709673
366.064453	-14.400765
387.597656	-15.021529
409.130859	-15.340505
430.664062	-14.590059
452.197266	-14.464972
473.730469	-14.268793
495.263672	-14.422384
516.796875	-15.477008
538.330078	-15.278086
559.863281	-14.717692
581.396484	-14.834478
602.929688	-13.332656
624.462891	-14.020995
645.996094	-14.929883
667.529297	-15.348137
689.062500	-16.333841
710.595703	-15.183786
732.128906	-15.470197
753.662109	-15.348927
775.195312	-15.702121
796.728516	-15.665668
818.261719	-15.657584
839.794922	-16.289816
861.328125	-16.210424
882.861328	-17.017195
904.394531	-16.814859
925.927734	-17.585934
947.460938	-16.699768
968.994141	-17.423538
990.527344	-17.339172
1012.060547	-17.053734
1033.593750	-17.836723
1055.126953	-17.230455
1076.660156	-17.860067
1098.193359	-17.977360
1119.726562	-18.271599
1141.259766	-18.165539
1162.792969	-18.491379
1184.326172	-19.374805
1205.859375	-19.552921
1227.392578	-18.370058
1248.925781	-18.642717
1270.458984	-19.180807
1291.992188	-19.906414
1313.525391	-19.486355
1335.058594	-20.874063
1356.591797	-19.941048
1378.125000	-18.632877
1399.658203	-18.965637
1421.191406	-20.071138
1442.724609	-21.969702
1464.257812	-21.469889
1485.791016	-20.451315
1507.324219	-20.473934
1528.857422	-21.850491
1550.390625	-22.143675
1571.923828	-21.924530
1593.457031	-21.421911
1614.990234	-21.336847
1636.523438	-22.299124
1658.056641	-22.759310
1679.589844	-22.075218
1701.123047	-22.262014
1722.656250	-22.905344
1744.189453	-23.272354
1765.722656	-22.231409
1787.255859	-22.640673
1808.789062	-23.839127
1830.322266	-23.441847
1851.855469	-23.453728
1873.388672	-24.719954
1894.921875	-24.330153
1916.455078	-24.333750
1937.988281	-24.709381
1959.521484	-24.729858
1981.054688	-24.792908
2002.587891	-24.240051
2024.121094	-25.289118
2045.654297	-25.194733
2067.187500	-24.779089
2088.720703	-25.069407
2110.253906	-24.957972
2131.787109	-25.707178
2153.320312	-25.471529
2174.853516	-26.297607
2196.386719	-26.055666
2217.919922	-25.783152
2239.453125	-25.658815
2260.986328	-26.164719
2282.519531	-26.336992
2304.052734	-25.539829
2325.585938	-26.068821
2347.119141	-26.667011
2368.652344	-26.214079
2390.185547	-26.168825
2411.718750	-26.515625
2433.251953	-26.867842
2454.785156	-27.320925
2476.318359	-27.337881
2497.851562	-27.463451
2519.384766	-28.509485
2540.917969	-28.861797
2562.451172	-28.387657
2583.984375	-27.627485
2605.517578	-28.137365
2627.050781	-28.661509
2648.583984	-28.473379
2670.117188	-28.148876
2691.650391	-28.335581
2713.183594	-28.202433
2734.716797	-29.362114
2756.250000	-29.372709
2777.783203	-29.436216
2799.316406	-28.224735
2820.849609	-28.501692
2842.382812	-29.053436
2863.916016	-29.273212
2885.449219	-28.958542
2906.982422	-29.665407
2928.515625	-30.183113
2950.048828	-29.700111
2971.582031	-29.880501
2993.115234	-30.595266
3014.648438	-29.862156
3036.181641	-29.736296
3057.714844	-30.569258
3079.248047	-30.240610
3100.781250	-30.222933
3122.314453	-30.274544
3143.847656	-31.008846
3165.380859	-31.461586
3186.914062	-31.425852
3208.447266	-31.254784
3229.980469	-30.872292
3251.513672	-31.469921
3273.046875	-31.720219
3294.580078	-31.566521
3316.113281	-31.925316
3337.646484	-31.820524
3359.179688	-31.886351
3380.712891	-31.418581
3402.246094	-31.198824
3423.779297	-31.800814
3445.312500	-31.937723
3466.845703	-32.663109
3488.378906	-32.798042
3509.912109	-33.119572
3531.445312	-33.123550
3552.978516	-32.473061
3574.511719	-32.664909
3596.044922	-33.237984
3617.578125	-32.362133
3639.111328	-33.307774
3660.644531	-33.071449
3682.177734	-32.339569
3703.710938	-33.736244
3725.244141	-34.643909
3746.777344	-33.015633
3768.310547	-33.338165
3789.843750	-34.042416
3811.376953	-34.536728
3832.910156	-34.175064
3854.443359	-34.328987
3875.976562	-34.819176
3897.509766	-35.057369
3919.042969	-34.464184
3940.576172	-34.814785
3962.109375	-35.269100
3983.642578	-35.566399
4005.175781	-35.142319
4026.708984	-34.967201
4048.242188	-34.499088
4069.775391	-34.160252
4091.308594	-35.006641
4112.841797	-34.672695
4134.375000	-34.700745
4155.908203	-35.005672
4177.441406	-34.969143
4198.974609	-35.772652
4220.507812	-36.133644
4242.041016	-35.564522
4263.574219	-35.934753
4285.107422	-36.527119
4306.640625	-36.482693
4328.173828	-36.429981
4349.707031	-36.337440
4371.240234	-36.952404
4392.773438	-35.917507
4414.306641	-36.457302
4435.839844	-37.117188
4457.373047	-37.035095
4478.906250	-36.386505
4500.439453	-36.011505
4521.972656	-36.838432
4543.505859	-37.029022
4565.039062	-36.732479
4586.572266	-36.987171
4608.105469	-37.203014
4629.638672	-36.961929
4651.171875	-37.437202
4672.705078	-37.714298
4694.238281	-36.974747
4715.771484	-37.438282
4737.304688	-38.510006
4758.837891	-37.996113
4780.371094	-37.446960
4801.904297	-38.222450
4823.437500	-38.785919
4844.970703	-39.134792
4866.503906	-37.967903
4888.037109	-38.198673
4909.570312	-38.160976
4931.103516	-38.778290
4952.636719	-38.585121
4974.169922	-38.430996
4995.703125	-38.762047
5017.236328	-39.181202
5038.769531	-40.092091
5060.302734	-39.266071
5081.835938	-38.794117
5103.369141	-39.452087
5124.902344	-39.615292
5146.435547	-39.455139
5167.968750	-38.761612
5189.501953	-39.153706
5211.035156	-39.617962
5232.568359	-39.204895
5254.101562	-39.721481
5275.634766	-39.254211
5297.167969	-39.494419
5318.701172	-40.041210
5340.234375	-39.621105
5361.767578	-39.254826
5383.300781	-39.691498
5404.833984	-40.303516
5426.367188	-40.285988
5447.900391	-40.039196
5469.433594	-39.908207
5490.966797	-39.991539
5512.500000	-40.662231
5534.033203	-41.132450
5555.566406	-41.434933
5577.099609	-40.738636
5598.632812	-40.922363
5620.166016	-40.956188
5641.699219	-40.532482
5663.232422	-40.960896
5684.765625	-40.865723
5706.298828	-40.911697
5727.832031	-40.954296
5749.365234	-41.865681
5770.898438	-42.256771
5792.431641	-41.827938
5813.964844	-41.658386
5835.498047	-42.510006
5857.031250	-42.025066
5878.564453	-41.284996
5900.097656	-41.641693
5921.630859	-40.570011
5943.164062	-41.468609
5964.697266	-41.320602
5986.230469	-41.569801
6007.763672	-41.465031
6029.296875	-41.943359
6050.830078	-42.266953
6072.363281	-42.005470
6093.896484	-41.681633
6115.429688	-42.479778
6136.962891	-42.713074
6158.496094	-42.046764
6180.029297	-41.993992
6201.562500	-41.741615
6223.095703	-42.808937
6244.628906	-42.716801
6266.162109	-42.163132
6287.695312	-42.730015
6309.228516	-43.099678
6330.761719	-43.023872
6352.294922	-43.000584
6373.828125	-42.974121
6395.361328	-43.116341
6416.894531	-42.730232
6438.427734	-42.864819
6459.960938	-42.624290
6481.494141	-42.808445
6503.027344	-42.810947
6524.560547	-42.107410
6546.093750	-43.674122
6567.626953	-43.649693
6589.160156	-43.071278
6610.693359	-43.253368
6632.226562	-43.105686
6653.759766	-43.279137
6675.292969	-43.623081
6696.826172	-44.894577
6718.359375	-44.647285
6739.892578	-44.542606
6761.425781	-44.772110
6782.958984	-45.104137
6804.492188	-44.698257
6826.025391	-44.324966
6847.558594	-44.493149
6869.091797	-44.415745
6890.625000	-44.168182
6912.158203	-44.426556
6933.691406	-44.422935
6955.224609	-43.167843
6976.757812	-43.775776
6998.291016	-44.886112
7019.824219	-44.901836
7041.357422	-45.067162
7062.890625	-44.326805
7084.423828	-44.825920
7105.957031	-44.066250
7127.490234	-44.384747
7149.023438	-45.195919
7170.556641	-44.731461
7192.089844	-44.882481
7213.623047	-44.084164
7235.156250	-45.022758
7256.689453	-45.464790
7278.222656	-45.783875
7299.755859	-45.120876
7321.289062	-44.543362
7342.822266	-45.243637
7364.355469	-45.951336
7385.888672	-45.180305
7407.421875	-45.658184
7428.955078	-45.721642
7450.488281	-44.940865
7472.021484	-45.887058
7493.554688	-45.658077
7515.087891	-45.477566
7536.621094	-46.731667
7558.154297	-46.016705
7579.687500	-45.488510
7601.220703	-45.827110
7622.753906	-46.675674
7644.287109	-45.979847
7665.820312	-45.901608
7687.353516	-46.533482
7708.886719	-46.098568
7730.419922	-46.582626
7751.953125	-46.108215
7773.486328	-46.117607
7795.019531	-46.766705
7816.552734	-47.533733
7838.085938	-47.702705
7859.619141	-47.402386
7881.152344	-47.777039
7902.685547	-47.772316
7924.218750	-47.351631
7945.751953	-46.807026
7967.285156	-47.364082
7988.818359	-47.822784
8010.351562	-46.994480
8031.884766	-46.805424
8053.417969	-48.080963
8074.951172	-47.822678
8096.484375	-47.728096
8118.017578	-47.256676
8139.550781	-47.270477
8161.083984	-47.224594
8182.617188	-46.887012
8204.150391	-46.822533
8225.683594	-46.342133
8247.216797	-47.135441
8268.750000	-47.543232
8290.283203	-47.510666
8311.816406	-47.470825
8333.349609	-46.530987
8354.882812	-47.077034
8376.416016	-47.734509
8397.949219	-47.844543
8419.482422	-47.763145
8441.015625	-48.873543
8462.548828	-48.046158
8484.082031	-47.639690
8505.615234	-47.500660
8527.148438	-48.413216
8548.681641	-47.992035
8570.214844	-48.494915
8591.748047	-49.232731
8613.281250	-48.259674
8634.814453	-48.018387
8656.347656	-48.289867
8677.880859	-48.239693
8699.414062	-48.392639
8720.947266	-49.162834
8742.480469	-48.446014
8764.013672	-48.830517
8785.546875	-48.581848
8807.080078	-48.486263
8828.613281	-49.250416
8850.146484	-48.473938
8871.679688	-47.806229
8893.212891	-48.937969
8914.746094	-48.936840
8936.279297	-49.561451
8957.812500	-49.249802
8979.345703	-49.776054
9000.878906	-49.238701
9022.412109	-49.437347
9043.945312	-49.555748
9065.478516	-48.827915
9087.011719	-49.365978
9108.544922	-49.783012
9130.078125	-50.115856
9151.611328	-50.279453
9173.144531	-49.533913
9194.677734	-49.807396
9216.210938	-49.688251
9237.744141	-50.105206
9259.277344	-49.748150
9280.810547	-49.284946
9302.343750	-49.366383
9323.876953	-49.509197
9345.410156	-49.926098
9366.943359	-49.988491
9388.476562	-49.762642
9410.009766	-50.306808
9431.542969	-49.880039
9453.076172	-50.296555
9474.609375	-50.440014
9496.142578	-50.047432
9517.675781	-49.599609
9539.208984	-50.469902
9560.742188	-50.621788
9582.275391	-50.129303
9603.808594	-49.965794
9625.341797	-50.961628
9646.875000	-50.738663
9668.408203	-50.241119
9689.941406	-51.038754
9711.474609	-50.730762
9733.007812	-51.097881
9754.541016	-50.777981
9776.074219	-49.922150
9797.607422	-49.631302
9819.140625	-50.304134
9840.673828	-51.467350
9862.207031	-51.468960
9883.740234	-51.381767
9905.273438	-51.205994
9926.806641	-51.468937
9948.339844	-51.650566
9969.873047	-50.890503
9991.406250	-50.919144
10012.939453	-50.779030
10034.472656	-50.786655
10056.005859	-52.100410
10077.539062	-51.501770
10099.072266	-51.172226
10120.605469	-51.325081
10142.138672	-51.456650
10163.671875	-51.616215
10185.205078	-51.436642
10206.738281	-51.126682
10228.271484	-50.372627
10249.804688	-50.645664
10271.337891	-51.314568
10292.871094	-51.402023
10314.404297	-51.742996
10335.937500	-51.745548
10357.470703	-52.287792
10379.003906	-51.492718
10400.537109	-51.291420
10422.070312	-51.522377
10443.603516	-51.591534
10465.136719	-51.557053
10486.669922	-51.856377
10508.203125	-52.877190
10529.736328	-52.045033
10551.269531	-51.812965
10572.802734	-52.141167
10594.335938	-52.020306
10615.869141	-52.538231
10637.402344	-51.890533
10658.935547	-52.083508
10680.468750	-52.900051
10702.001953	-52.441666
10723.535156	-51.679512
10745.068359	-51.841614
10766.601562	-52.872025
10788.134766	-52.815258
10809.667969	-52.695595
10831.201172	-53.550079
10852.734375	-53.451210
10874.267578	-52.299004
10895.800781	-53.724804
10917.333984	-53.937668
10938.867188	-53.878433
10960.400391	-53.229256
10981.933594	-52.330364
11003.466797	-51.483929
11025.000000	-52.490345
11046.533203	-52.470882
11068.066406	-52.898621
11089.599609	-53.680828
11111.132812	-53.466129
11132.666016	-54.206493
11154.199219	-54.253716
11175.732422	-54.036556
11197.265625	-53.550003
11218.798828	-53.400284
11240.332031	-53.333817
11261.865234	-52.979950
11283.398438	-52.572781
11304.931641	-52.424149
11326.464844	-53.634953
11347.998047	-53.937576
11369.531250	-53.666016
11391.064453	-53.665401
11412.597656	-53.291676
11434.130859	-53.695976
11455.664062	-54.144222
11477.197266	-53.285099
11498.730469	-52.898243
11520.263672	-53.779476
11541.796875	-53.481304
11563.330078	-52.979645
11584.863281	-53.467743
11606.396484	-55.343853
11627.929688	-54.785275
11649.462891	-54.525055
11670.996094	-54.159534
11692.529297	-54.699505
11714.062500	-54.801388
11735.595703	-54.109245
11757.128906	-54.434498
11778.662109	-54.873093
11800.195312	-54.291058
11821.728516	-53.886723
11843.261719	-53.997730
11864.794922	-54.941788
11886.328125	-53.935242
11907.861328	-54.065796
11929.394531	-54.498177
11950.927734	-54.600231
11972.460938	-55.366642
11993.994141	-54.424534
12015.527344	-55.047520
12037.060547	-54.406528
12058.593750	-53.776432
12080.126953	-54.740475
12101.660156	-54.702221
12123.193359	-54.755543
12144.726562	-54.078480
12166.259766	-54.697552
12187.792969	-55.621582
12209.326172	-54.383312
12230.859375	-53.904156
12252.392578	-54.259541
12273.925781	-55.746120
12295.458984	-55.882324
12316.992188	-54.377602
12338.525391	-54.858349
12360.058594	-54.840866
12381.591797	-55.359234
12403.125000	-54.693470
12424.658203	-53.915775
12446.191406	-54.437439
12467.724609	-54.970501
12489.257812	-54.941174
12510.791016	-54.749496
12532.324219	-54.612232
12553.857422	-54.701355
12575.390625	-54.502754
12596.923828	-55.000225
12618.457031	-55.920399
12639.990234	-56.005970
12661.523438	-55.309647
12683.056641	-55.612186
12704.589844	-55.832233
12726.123047	-55.561157
12747.656250	-56.805916
12769.189453	-55.492699
12790.722656	-55.259068
12812.255859	-55.297230
12833.789062	-54.963535
12855.322266	-55.398830
12876.855469	-55.072674
12898.388672	-54.553288
12919.921875	-55.118233
12941.455078	-56.015049
12962.988281	-55.779858
12984.521484	-55.337612
13006.054688	-54.840706
13027.587891	-54.929134
13049.121094	-55.438267
13070.654297	-55.807529
13092.187500	-55.765549
13113.720703	-56.342747
13135.253906	-55.850399
13156.787109	-55.134460
13178.320312	-54.911331
13199.853516	-55.978672
13221.386719	-56.640236
13242.919922	-56.687210
13264.453125	-57.312515
13285.986328	-56.400459
13307.519531	-56.183495
13329.052734	-56.436390
13350.585938	-56.124332
13372.119141	-57.532711
13393.652344	-57.957802
13415.185547	-56.917473
13436.718750	-56.605721
13458.251953	-56.521442
13479.785156	-56.212524
13501.318359	-56.628033
13522.851562	-57.006882
13544.384766	-57.178398
13565.917969	-56.214279
13587.451172	-55.348358
13608.984375	-55.987659
13630.517578	-56.268486
13652.050781	-55.545891
13673.583984	-56.581715
13695.117188	-56.905338
13716.650391	-56.179821
13738.183594	-55.470081
13759.716797	-56.432510
13781.250000	-57.951187
13802.783203	-57.789490
13824.316406	-57.252644
13845.849609	-56.417950
13867.382812	-56.549751
13888.916016	-56.404709
13910.449219	-57.245342
13931.982422	-58.003780
13953.515625	-56.573334
13975.048828	-56.995441
13996.582031	-56.898800
14018.115234	-57.225430
14039.648438	-57.458416
14061.181641	-56.565449
14082.714844	-55.932644
14104.248047	-57.388462
14125.781250	-57.543739
14147.314453	-56.702976
14168.847656	-57.498573
14190.380859	-56.550678
14211.914062	-56.969585
14233.447266	-57.886921
14254.980469	-57.635044
14276.513672	-57.549984
14298.046875	-57.166622
14319.580078	-58.102459
14341.113281	-57.442810
14362.646484	-57.333614
14384.179688	-57.530201
14405.712891	-56.384632
14427.246094	-56.885693
14448.779297	-57.033249
14470.312500	-56.874714
14491.845703	-56.985870
14513.378906	-58.276138
14534.912109	-57.848560
14556.445312	-57.972694
14577.978516	-57.383480
14599.511719	-58.033775
14621.044922	-57.695885
14642.578125	-57.091309
14664.111328	-57.788513
14685.644531	-57.491825
14707.177734	-58.072575
14728.710938	-57.735241
14750.244141	-57.584438
14771.777344	-57.974430
14793.310547	-57.662590
14814.843750	-57.848335
14836.376953	-58.089062
14857.910156	-57.845924
14879.443359	-56.811153
14900.976562	-56.703392
14922.509766	-57.456795
14944.042969	-58.635090
14965.576172	-58.383045
14987.109375	-58.436653
15008.642578	-57.650211
15030.175781	-57.375153
15051.708984	-58.144020
15073.242188	-58.140686
15094.775391	-57.835121
15116.308594	-57.469193
15137.841797	-57.605724
15159.375000	-58.096272
15180.908203	-58.216652
15202.441406	-58.548676
15223.974609	-59.532887
15245.507812	-58.824108
15267.041016	-58.518852
15288.574219	-59.069984
15310.107422	-58.721478
15331.640625	-57.604572
15353.173828	-58.143703
15374.707031	-59.094971
15396.240234	-58.574364
15417.773438	-58.510475
15439.306641	-58.480362
15460.839844	-59.038231
15482.373047	-58.409889
15503.906250	-58.015564
15525.439453	-58.466576
15546.972656	-58.908314
15568.505859	-58.296867
15590.039062	-58.941624
15611.572266	-59.274277
15633.105469	-59.160583
15654.638672	-59.287449
15676.171875	-58.363724
15697.705078	-59.039574
15719.238281	-59.100430
15740.771484	-58.825302
15762.304688	-59.664379
15783.837891	-58.981121
15805.371094	-58.464375
15826.904297	-57.969452
15848.437500	-58.013363
15869.970703	-59.218884
15891.503906	-58.578838
15913.037109	-58.494366
15934.570312	-58.922100
15956.103516	-58.749821
15977.636719	-59.380344
15999.169922	-59.693237
16020.703125	-59.464764
16042.236328	-59.284012
16063.769531	-59.121010
16085.302734	-59.143372
16106.835938	-59.195118
16128.369141	-58.655010
16149.902344	-59.190948
16171.435547	-60.136761
16192.968750	-59.653992
16214.501953	-59.392551
16236.035156	-59.692421
16257.568359	-60.007740
16279.101562	-59.338551
16300.634766	-59.081081
16322.167969	-59.153870
16343.701172	-59.176331
16365.234375	-60.424824
16386.767578	-59.715034
16408.300781	-59.093426
16429.833984	-58.755325
16451.367188	-58.944542
16472.900391	-59.649784
16494.433594	-59.938278
16515.966797	-59.377258
16537.500000	-60.646671
16559.033203	-60.523827
16580.566406	-60.799515
16602.099609	-60.514950
16623.632812	-60.439625
16645.166016	-59.558414
16666.699219	-59.280483
16688.232422	-59.116940
16709.765625	-59.750027
16731.298828	-59.885017
16752.832031	-59.500866
16774.365234	-58.796310
16795.898438	-59.811256
16817.431641	-61.231441
16838.964844	-60.660240
16860.498047	-60.063210
16882.031250	-59.484734
16903.564453	-59.930546
16925.097656	-60.194492
16946.630859	-59.897957
16968.164062	-59.479782
16989.697266	-59.859768
17011.230469	-60.214012
17032.763672	-59.789101
17054.296875	-59.270763
17075.830078	-59.839226
17097.363281	-60.276577
17118.896484	-60.634682
17140.429688	-60.565842
17161.962891	-60.195366
17183.496094	-59.766403
17205.029297	-60.513744
17226.562500	-60.355991
17248.095703	-60.714787
17269.628906	-60.246201
17291.162109	-59.914848
17312.695312	-60.188278
17334.228516	-60.524364
17355.761719	-60.059937
17377.294922	-60.577354
17398.828125	-59.094254
17420.361328	-58.956749
17441.894531	-59.114822
17463.427734	-60.522430
17484.960938	-60.079842
17506.494141	-60.346867
17528.027344	-61.284111
17549.560547	-61.496674
17571.093750	-61.153854
17592.626953	-61.283386
17614.160156	-60.996323
17635.693359	-60.561684
17657.226562	-60.742428
17678.759766	-61.780602
17700.292969	-61.661621
17721.826172	-60.572189
17743.359375	-60.709553
17764.892578	-61.242958
17786.425781	-61.058594
17807.958984	-60.514980
17829.492188	-60.381035
17851.025391	-60.595978
17872.558594	-60.543762
17894.091797	-60.697845
17915.625000	-60.898407
17937.158203	-60.846615
17958.691406	-60.402981
17980.224609	-60.140518
18001.757812	-60.255856
18023.291016	-61.067711
18044.824219	-61.186184
18066.357422	-61.233810
18087.890625	-61.052170
18109.423828	-61.383183
18130.957031	-60.462940
18152.490234	-60.125542
18174.023438	-61.014561
18195.556641	-60.792969
18217.089844	-60.497692
18238.623047	-61.640156
18260.156250	-62.264587
18281.689453	-61.276966
18303.222656	-60.141777
18324.755859	-60.044182
18346.289062	-60.689285
18367.822266	-60.969353
18389.355469	-61.209869
18410.888672	-60.654942
18432.421875	-61.090256
18453.955078	-61.500271
18475.488281	-61.270355
18497.021484	-60.480442
18518.554688	-60.836224
18540.087891	-61.341988
18561.621094	-61.331219
18583.154297	-61.097450
18604.687500	-61.529865
18626.220703	-60.825497
18647.753906	-61.122223
18669.287109	-61.250561
18690.820312	-61.292763
18712.353516	-60.314327
18733.886719	-60.890591
18755.419922	-62.012413
18776.953125	-61.324898
18798.486328	-61.445267
18820.019531	-61.343788
18841.552734	-60.948254
18863.085938	-61.128647
18884.619141	-61.732525
18906.152344	-60.758297
18927.685547	-60.605469
18949.218750	-61.402542
18970.751953	-61.869175
18992.285156	-61.563061
19013.818359	-61.407867
19035.351562	-61.130398
19056.884766	-62.499054
19078.417969	-62.710415
19099.951172	-62.133663
19121.484375	-62.119171
19143.017578	-62.478470
19164.550781	-62.311054
19186.083984	-61.737225
19207.617188	-62.391945
19229.150391	-62.533279
19250.683594	-62.113186
19272.216797	-61.877819
19293.750000	-62.606174
19315.283203	-62.911716
19336.816406	-62.632523
19358.349609	-62.957588
19379.882812	-63.686214
19401.416016	-63.619259
19422.949219	-62.929596
19444.482422	-63.717194
19466.015625	-63.295120
19487.548828	-62.809223
19509.082031	-63.951836
19530.615234	-64.304146
19552.148438	-63.867641
19573.681641	-64.729233
19595.214844	-65.249619
19616.748047	-65.558517
19638.281250	-64.875511
19659.814453	-64.810394
19681.347656	-64.260117
19702.880859	-64.945580
19724.414062	-65.921700
19745.947266	-65.975807
19767.480469	-66.314224
19789.013672	-66.935127
19810.546875	-66.617203
19832.080078	-66.986977
19853.613281	-66.435204
19875.146484	-66.990410
19896.679688	-68.872993
19918.212891	-69.715302
19939.746094	-68.863495
19961.279297	-69.052986
19982.812500	-68.286278
20004.345703	-68.309959
20025.878906	-69.384369
20047.412109	-69.862984
20068.945312	-70.551392
20090.478516	-70.623512
20112.011719	-70.338921
20133.544922	-71.397316
20155.078125	-71.709755
20176.611328	-71.597755
20198.144531	-72.661346
20219.677734	-72.198456
20241.210938	-72.044518
20262.744141	-73.856201
20284.277344	-73.464256
20305.810547	-73.179337
20327.343750	-74.613495
20348.876953	-75.378899
20370.410156	-74.788757
20391.943359	-75.289223
20413.476562	-75.694931
20435.009766	-76.756340
20456.542969	-77.500679
20478.076172	-77.783348
20499.609375	-78.085693
20521.142578	-78.883957
20542.675781	-78.593719
20564.208984	-79.406891
20585.742188	-79.590706
20607.275391	-80.322472
20628.808594	-82.228821
20650.341797	-82.277161
20671.875000	-82.388306
20693.408203	-83.778351
20714.941406	-84.294502
20736.474609	-84.873840
20758.007812	-86.299278
20779.541016	-86.573227
20801.074219	-86.811035
20822.607422	-87.371758
20844.140625	-88.855492
20865.673828	-89.362427
20887.207031	-89.592888
20908.740234	-90.470863
20930.273438	-91.007568
20951.806641	-92.324493
20973.339844	-92.829948
20994.873047	-94.425583
21016.406250	-95.775963
21037.939453	-96.718025
21059.472656	-97.404541
21081.005859	-98.752678
21102.539062	-99.329781
21124.072266	-100.539970
21145.605469	-100.842987
21167.138672	-101.095093
21188.671875	-103.173866
21210.205078	-104.341866
21231.738281	-105.335304
21253.271484	-106.057327
21274.804688	-106.858177
21296.337891	-108.069496
21317.871094	-109.224327
21339.404297	-110.656494
21360.937500	-112.539291
21382.470703	-112.729279
21404.003906	-113.923676
21425.537109	-115.480682
21447.070312	-117.293327
21468.603516	-118.149429
21490.136719	-119.527466
21511.669922	-120.651154
21533.203125	-123.073158
21554.736328	-125.506462
21576.269531	-126.657570
21597.802734	-127.761932
21619.335938	-130.199631
21640.869141	-132.105713
21662.402344	-133.837753
21683.935547	-136.764084
21705.468750	-140.186279
21727.001953	-141.574020
21748.535156	-144.177460
21770.068359	-145.255844
21791.601562	-147.616348
21813.134766	-150.190369
21834.667969	-152.691238
21856.201172	-155.082062
21877.734375	-157.925232
21899.267578	-159.736816
21920.800781	-160.083450
21942.333984	-160.819565
21963.867188	-160.467712
21985.400391	-161.306992
22006.933594	-160.598663
22028.466797	-161.102173
