Frequency (Hz)	Level (dB)
21.533203	-19.942928
43.066406	-19.681259
64.599609	-20.314882
86.132812	-20.726393
107.666016	-19.280615
129.199219	-19.240707
150.732422	-19.395329
172.265625	-18.992733
193.798828	-18.475403
215.332031	-17.565857
236.865234	-17.200466
258.398438	-16.162651
279.931641	-15.829258
301.464844	-16.365879
322.998047	-15.899856
344.531250	-15.892524
366.064453	-15.448307
387.597656	-15.782722
409.130859	-15.925767
430.664062	-14.386377
452.197266	-14.574362
473.730469	-14.752068
495.263672	-14.147222
516.796875	-14.664784
538.330078	-15.107851
559.863281	-15.447705
581.396484	-14.296430
602.929688	-13.192412
624.462891	-13.257329
645.996094	-13.706733
667.529297	-15.165236
689.062500	-15.923951
710.595703	-14.483379
732.128906	-14.718636
753.662109	-14.692035
775.195312	-15.460545
796.728516	-15.253398
818.261719	-15.609394
839.794922	-15.869761
861.328125	-15.550144
882.861328	-15.766835
904.394531	-15.916214
925.927734	-16.036955
947.460938	-15.740642
968.994141	-15.927511
990.527344	-16.868933
1012.060547	-16.308554
1033.593750	-15.893401
1055.126953	-16.257498
1076.660156	-16.588873
1098.193359	-16.355097
1119.726562	-17.218109
1141.259766	-16.675894
1162.792969	-17.524067
1184.326172	-17.880964
1205.859375	-16.903811
1227.392578	-16.989807
1248.925781	-18.128481
1270.458984	-17.324566
1291.992188	-17.936859
1313.525391	-17.548944
1335.058594	-18.504284
1356.591797	-18.516356
1378.125000	-17.456091
1399.658203	-17.451733
1421.191406	-19.059799
1442.724609	-19.176239
1464.257812	-19.177420
1485.791016	-18.741997
1507.324219	-18.290985
1528.857422	-19.368196
1550.390625	-19.884718
1571.923828	-20.372721
1593.457031	-19.858595
1614.990234	-20.338312
1636.523438	-20.245695
1658.056641	-20.368877
1679.589844	-20.389597
1701.123047	-20.489620
1722.656250	-20.508335
1744.189453	-20.565891
1765.722656	-21.120680
1787.255859	-21.887901
1808.789062	-21.196384
1830.322266	-21.164406
1851.855469	-21.423223
1873.388672	-22.208946
1894.921875	-21.606007
1916.455078	-21.377342
1937.988281	-21.823191
1959.521484	-22.925467
1981.054688	-21.998035
2002.587891	-21.117754
2024.121094	-21.815996
2045.654297	-22.771107
2067.187500	-23.053663
2088.720703	-22.311377
2110.253906	-21.679686
2131.787109	-21.508226
2153.320312	-22.235376
2174.853516	-22.574224
2196.386719	-22.218740
2217.919922	-22.246901
2239.453125	-22.991083
2260.986328	-23.039764
2282.519531	-22.738400
2304.052734	-22.394836
2325.585938	-22.501793
2347.119141	-22.546431
2368.652344	-22.583637
2390.185547	-22.548513
2411.718750	-23.753279
2433.251953	-24.518410
2454.785156	-24.152746
2476.318359	-24.069441
2497.851562	-24.115993
2519.384766	-24.027533
2540.917969	-24.580158
2562.451172	-24.615782
2583.984375	-24.709881
2605.517578	-24.093706
2627.050781	-24.330687
2648.583984	-25.248537
2670.117188	-25.611393
2691.650391	-25.167267
2713.183594	-24.274387
2734.716797	-24.032730
2756.250000	-24.341009
2777.783203	-24.814777
2799.316406	-24.491512
2820.849609	-24.884647
2842.382812	-25.498348
2863.916016	-25.033916
2885.449219	-25.257921
2906.982422	-25.879360
2928.515625	-26.002485
2950.048828	-25.786617
2971.582031	-26.787273
2993.115234	-26.631886
3014.648438	-26.270140
3036.181641	-26.057037
3057.714844	-26.865629
3079.248047	-26.696356
3100.781250	-26.737499
3122.314453	-26.542736
3143.847656	-27.273636
3165.380859	-26.724081
3186.914062	-27.238989
3208.447266	-26.508514
3229.980469	-26.903940
3251.513672	-27.792524
3273.046875	-28.322836
3294.580078	-28.059824
3316.113281	-28.956894
3337.646484	-27.932335
3359.179688	-27.449150
3380.712891	-26.678192
3402.246094	-27.119442
3423.779297	-27.470694
3445.312500	-27.943825
3466.845703	-29.002453
3488.378906	-27.903576
3509.912109	-27.953611
3531.445312	-28.395861
3552.978516	-27.868166
3574.511719	-27.708328
3596.044922	-28.180040
3617.578125	-27.543938
3639.111328	-28.524475
3660.644531	-29.507931
3682.177734	-27.247511
3703.710938	-27.654665
3725.244141	-28.941916
3746.777344	-28.825701
3768.310547	-29.217381
3789.843750	-30.320017
3811.376953	-30.990377
3832.910156	-30.061480
3854.443359	-29.553297
3875.976562	-29.712610
3897.509766	-29.918026
3919.042969	-29.479208
3940.576172	-29.318781
3962.109375	-30.055922
3983.642578	-30.310925
4005.175781	-29.596489
4026.708984	-29.057489
4048.242188	-29.532244
4069.775391	-30.129482
4091.308594	-29.819176
4112.841797	-29.707199
4134.375000	-29.502594
4155.908203	-29.979252
4177.441406	-29.844379
4198.974609	-30.331671
4220.507812	-30.695200
4242.041016	-30.301758
4263.574219	-30.849257
4285.107422	-31.639774
4306.640625	-30.011724
4328.173828	-30.666073
4349.707031	-30.454073
4371.240234	-30.208330
4392.773438	-29.634834
4414.306641	-30.316206
4435.839844	-30.717037
4457.373047	-31.068798
4478.906250	-30.946552
4500.439453	-31.325380
4521.972656	-32.217434
4543.505859	-32.375916
4565.039062	-31.699999
4586.572266	-31.589705
4608.105469	-32.089474
4629.638672	-31.115320
4651.171875	-31.808138
4672.705078	-31.545734
4694.238281	-31.123232
4715.771484	-31.367895
4737.304688	-32.024918
4758.837891	-32.523006
4780.371094	-32.477535
4801.904297	-31.849350
4823.437500	-32.523853
4844.970703	-33.108200
4866.503906	-32.442455
4888.037109	-32.560410
4909.570312	-33.118069
4931.103516	-32.782772
4952.636719	-32.055466
4974.169922	-32.494434
4995.703125	-32.678017
5017.236328	-32.767921
5038.769531	-33.609989
5060.302734	-33.522579
5081.835938	-33.453922
5103.369141	-33.551113
5124.902344	-33.561127
5146.435547	-33.261761
5167.968750	-33.069817
5189.501953	-34.414101
5211.035156	-33.922710
5232.568359	-33.285091
5254.101562	-33.426937
5275.634766	-33.855679
5297.167969	-34.775166
5318.701172	-35.133015
5340.234375	-34.127541
5361.767578	-33.423832
5383.300781	-33.937534
5404.833984	-33.684731
5426.367188	-33.566803
5447.900391	-34.201637
5469.433594	-34.709587
5490.966797	-35.353642
5512.500000	-34.927856
5534.033203	-34.848675
5555.566406	-34.646309
5577.099609	-35.095924
5598.632812	-35.393444
5620.166016	-35.025509
5641.699219	-34.619316
5663.232422	-34.849728
5684.765625	-35.066444
5706.298828	-35.634163
5727.832031	-35.482285
5749.365234	-35.587631
5770.898438	-35.874573
5792.431641	-35.580616
5813.964844	-35.920780
5835.498047	-36.016327
5857.031250	-35.904480
5878.564453	-36.361767
5900.097656	-36.162720
5921.630859	-35.739094
5943.164062	-36.476593
5964.697266	-35.792202
5986.230469	-35.051117
6007.763672	-35.405643
6029.296875	-35.072823
6050.830078	-35.985703
6072.363281	-36.470558
6093.896484	-36.513657
6115.429688	-36.580452
6136.962891	-37.082291
6158.496094	-36.799564
6180.029297	-36.072010
6201.562500	-36.099342
6223.095703	-37.171688
6244.628906	-36.745251
6266.162109	-36.331486
6287.695312	-36.151169
6309.228516	-36.970104
6330.761719	-37.274441
6352.294922	-36.559734
6373.828125	-36.639217
6395.361328	-36.330250
6416.894531	-36.163216
6438.427734	-36.769344
6459.960938	-37.280945
6481.494141	-38.286049
6503.027344	-37.927620
6524.560547	-37.619129
6546.093750	-38.145542
6567.626953	-37.092625
6589.160156	-36.955860
6610.693359	-37.584976
6632.226562	-37.564713
6653.759766	-38.674419
6675.292969	-39.292011
6696.826172	-39.255592
6718.359375	-38.539577
6739.892578	-38.574608
6761.425781	-38.449314
6782.958984	-38.098736
6804.492188	-37.894569
6826.025391	-38.794903
6847.558594	-38.961529
6869.091797	-38.850933
6890.625000	-37.694920
6912.158203	-37.752239
6933.691406	-38.914982
6955.224609	-38.312038
6976.757812	-38.752041
6998.291016	-39.257084
7019.824219	-40.152618
7041.357422	-40.052608
7062.890625	-38.321419
7084.423828	-39.055874
7105.957031	-38.649139
7127.490234	-39.411980
7149.023438	-39.719528
7170.556641	-39.174232
7192.089844	-38.840706
7213.623047	-38.976112
7235.156250	-39.323483
7256.689453	-39.156807
7278.222656	-39.061829
7299.755859	-38.729759
7321.289062	-39.359406
7342.822266	-40.028244
7364.355469	-40.212570
7385.888672	-39.997540
7407.421875	-39.657726
7428.955078	-40.146069
7450.488281	-40.052711
7472.021484	-40.034172
7493.554688	-40.264282
7515.087891	-40.219673
7536.621094	-40.651695
7558.154297	-40.352070
7579.687500	-40.278587
7601.220703	-40.474815
7622.753906	-40.713741
7644.287109	-40.795143
7665.820312	-41.119289
7687.353516	-41.474144
7708.886719	-41.529305
7730.419922	-41.529736
7751.953125	-41.095917
7773.486328	-39.875172
7795.019531	-41.123642
7816.552734	-41.642380
7838.085938	-41.128143
7859.619141	-41.190338
7881.152344	-41.190674
7902.685547	-40.963898
7924.218750	-41.512577
7945.751953	-42.003819
7967.285156	-42.128490
7988.818359	-41.511372
8010.351562	-41.701611
8031.884766	-42.174217
8053.417969	-42.506393
8074.951172	-41.626118
8096.484375	-41.676846
8118.017578	-42.570934
8139.550781	-42.134090
8161.083984	-40.698120
8182.617188	-40.424969
8204.150391	-41.522369
8225.683594	-41.458061
8247.216797	-41.858795
8268.750000	-41.917175
8290.283203	-42.710995
8311.816406	-42.426155
8333.349609	-42.415859
8354.882812	-42.959114
8376.416016	-43.278542
8397.949219	-43.966343
8419.482422	-43.253372
8441.015625	-42.733173
8462.548828	-42.491440
8484.082031	-42.739555
8505.615234	-41.877964
8527.148438	-42.501869
8548.681641	-42.194183
8570.214844	-43.003075
8591.748047	-43.636555
8613.281250	-43.121990
8634.814453	-43.650581
8656.347656	-43.392036
8677.880859	-44.039101
8699.414062	-43.715271
8720.947266	-43.258415
8742.480469	-42.616116
8764.013672	-43.302471
8785.546875	-43.681175
8807.080078	-44.318882
8828.613281	-43.608086
8850.146484	-43.858871
8871.679688	-43.775394
8893.212891	-44.065781
8914.746094	-43.628014
8936.279297	-43.484871
8957.812500	-43.799740
8979.345703	-43.730877
9000.878906	-43.547009
9022.412109	-43.607769
9043.945312	-44.195786
9065.478516	-43.394051
9087.011719	-44.605625
9108.544922	-44.706581
9130.078125	-44.285137
9151.611328	-44.117294
9173.144531	-43.957138
9194.677734	-44.399990
9216.210938	-44.584156
9237.744141	-45.039398
9259.277344	-44.838688
9280.810547	-44.176815
9302.343750	-44.698269
9323.876953	-44.741810
9345.410156	-44.148716
9366.943359	-44.262043
9388.476562	-44.175980
9410.009766	-44.222065
9431.542969	-44.894955
9453.076172	-45.271030
9474.609375	-45.245464
9496.142578	-45.005531
9517.675781	-44.545979
9539.208984	-44.881969
9560.742188	-44.888184
9582.275391	-45.180347
9603.808594	-44.482597
9625.341797	-45.461758
9646.875000	-45.845371
9668.408203	-45.239109
9689.941406	-44.861900
9711.474609	-45.062428
9733.007812	-45.442543
9754.541016	-45.395744
9776.074219	-44.922436
9797.607422	-45.217155
9819.140625	-44.772835
9840.673828	-45.521828
9862.207031	-45.114212
9883.740234	-44.630169
9905.273438	-45.165375
9926.806641	-46.063263
9948.339844	-45.796021
9969.873047	-45.286964
9991.406250	-45.143425
10012.939453	-45.663292
10034.472656	-45.790253
10056.005859	-45.666180
10077.539062	-45.916279
10099.072266	-46.056854
10120.605469	-45.716354
10142.138672	-45.837673
10163.671875	-45.919380
10185.205078	-46.047504
10206.738281	-46.733101
10228.271484	-45.194962
10249.804688	-44.524719
10271.337891	-45.029953
10292.871094	-45.739792
10314.404297	-46.494987
10335.937500	-45.805408
10357.470703	-46.709995
10379.003906	-45.700012
10400.537109	-45.755730
10422.070312	-46.140713
10443.603516	-45.596889
10465.136719	-46.064198
10486.669922	-46.476231
10508.203125	-46.789120
10529.736328	-46.477272
10551.269531	-46.469189
10572.802734	-46.497261
10594.335938	-46.097908
10615.869141	-46.740143
10637.402344	-46.498749
10658.935547	-45.932758
10680.468750	-45.533611
10702.001953	-46.113136
10723.535156	-46.503990
10745.068359	-46.637264
10766.601562	-46.347527
10788.134766	-47.121578
10809.667969	-47.184654
10831.201172	-47.596699
10852.734375	-47.480366
10874.267578	-47.137642
10895.800781	-47.636486
10917.333984	-48.027332
10938.867188	-46.739960
10960.400391	-46.499855
10981.933594	-46.802544
11003.466797	-46.952782
11025.000000	-46.893703
11046.533203	-47.278183
11068.066406	-47.019329
11089.599609	-46.352028
11111.132812	-46.961254
11132.666016	-48.164967
11154.199219	-48.049713
11175.732422	-47.356895
11197.265625	-47.817097
11218.798828	-47.461155
11240.332031	-47.557388
11261.865234	-48.214325
11283.398438	-47.820564
11304.931641	-47.064705
11326.464844	-46.936275
11347.998047	-46.924866
11369.531250	-47.484470
11391.064453	-47.998524
11412.597656	-47.426575
11434.130859	-47.678978
11455.664062	-47.098679
11477.197266	-47.365578
11498.730469	-48.475780
11520.263672	-48.465057
11541.796875	-46.982044
11563.330078	-46.892124
11584.863281	-47.403610
11606.396484	-48.089462
11627.929688	-47.960117
11649.462891	-48.617802
11670.996094	-48.245789
11692.529297	-48.539215
11714.062500	-48.229439
11735.595703	-48.257462
11757.128906	-48.520576
11778.662109	-48.163677
11800.195312	-48.100239
11821.728516	-48.278797
11843.261719	-48.869083
11864.794922	-49.493645
11886.328125	-49.391747
11907.861328	-48.876427
11929.394531	-48.961227
11950.927734	-48.517109
11972.460938	-48.119469
11993.994141	-48.192287
12015.527344	-48.760708
12037.060547	-48.228184
12058.593750	-48.383308
12080.126953	-48.609577
12101.660156	-48.590973
12123.193359	-49.171036
12144.726562	-49.088863
12166.259766	-48.855820
12187.792969	-49.255253
12209.326172	-49.474632
12230.859375	-48.743172
12252.392578	-48.719517
12273.925781	-49.377979
12295.458984	-49.036194
12316.992188	-48.411171
12338.525391	-48.860126
12360.058594	-48.246750
12381.591797	-48.685787
12403.125000	-49.333672
12424.658203	-48.616127
12446.191406	-48.456993
12467.724609	-48.794884
12489.257812	-48.969639
12510.791016	-48.874256
12532.324219	-48.812126
12553.857422	-49.870430
12575.390625	-48.927162
12596.923828	-48.955772
12618.457031	-49.387062
12639.990234	-49.559792
12661.523438	-48.814217
12683.056641	-49.311226
12704.589844	-49.933506
12726.123047	-48.706066
12747.656250	-48.816658
12769.189453	-49.825668
12790.722656	-48.993362
12812.255859	-49.386898
12833.789062	-49.052315
12855.322266	-49.515179
12876.855469	-49.416908
12898.388672	-49.478611
12919.921875	-49.169777
12941.455078	-49.393894
12962.988281	-48.594967
12984.521484	-49.144123
13006.054688	-49.947613
13027.587891	-48.777634
13049.121094	-48.432724
13070.654297	-48.443726
13092.187500	-49.980804
13113.720703	-50.750751
13135.253906	-50.383595
13156.787109	-49.194309
13178.320312	-49.981358
13199.853516	-50.131046
13221.386719	-50.280087
13242.919922	-50.145714
13264.453125	-50.187790
13285.986328	-49.671597
13307.519531	-49.284615
13329.052734	-48.640034
13350.585938	-49.394447
13372.119141	-50.169518
13393.652344	-49.525078
13415.185547	-50.900764
13436.718750	-51.108727
13458.251953	-50.963627
13479.785156	-50.844753
13501.318359	-49.991402
13522.851562	-49.394012
13544.384766	-50.197811
13565.917969	-49.923401
13587.451172	-48.556705
13608.984375	-49.324375
13630.517578	-50.214993
13652.050781	-49.513901
13673.583984	-50.968292
13695.117188	-51.254093
13716.650391	-51.163383
13738.183594	-50.608913
13759.716797	-49.996117
13781.250000	-49.715374
13802.783203	-49.997688
13824.316406	-50.134792
13845.849609	-49.726620
13867.382812	-50.228886
13888.916016	-49.781517
13910.449219	-50.182556
13931.982422	-50.790401
13953.515625	-50.635082
13975.048828	-50.602398
13996.582031	-50.793594
14018.115234	-51.189224
14039.648438	-51.618999
14061.181641	-51.207638
14082.714844	-50.706085
14104.248047	-51.080814
14125.781250	-50.951065
14147.314453	-51.412334
14168.847656	-51.050003
14190.380859	-51.429977
14211.914062	-51.206635
14233.447266	-50.886070
14254.980469	-49.932987
14276.513672	-49.389561
14298.046875	-49.952602
14319.580078	-52.045170
14341.113281	-50.581882
14362.646484	-50.323608
14384.179688	-51.371002
14405.712891	-51.984673
14427.246094	-51.226967
14448.779297	-51.114872
14470.312500	-50.989304
14491.845703	-51.123814
14513.378906	-51.355736
14534.912109	-50.809101
14556.445312	-51.287010
14577.978516	-51.827450
14599.511719	-50.858223
14621.044922	-50.264294
14642.578125	-51.032986
14664.111328	-50.981838
14685.644531	-50.176685
14707.177734	-50.802994
14728.710938	-51.297245
14750.244141	-50.693165
14771.777344	-50.453625
14793.310547	-50.391827
14814.843750	-50.070419
14836.376953	-50.521152
14857.910156	-50.399200
14879.443359	-49.953568
14900.976562	-50.000767
14922.509766	-50.248898
14944.042969	-51.349068
14965.576172	-50.802933
14987.109375	-51.023323
15008.642578	-51.932545
15030.175781	-51.611111
15051.708984	-52.216351
15073.242188	-51.911518
15094.775391	-51.906586
15116.308594	-51.144279
15137.841797	-50.802658
15159.375000	-50.700485
15180.908203	-50.586250
15202.441406	-50.896790
15223.974609	-51.692425
15245.507812	-51.389473
15267.041016	-51.505718
15288.574219	-51.480873
15310.107422	-51.458721
15331.640625	-50.968567
15353.173828	-51.197506
15374.707031	-51.714981
15396.240234	-52.058624
15417.773438	-51.868408
15439.306641	-51.661583
15460.839844	-51.969788
15482.373047	-51.586464
15503.906250	-51.194168
15525.439453	-51.875767
15546.972656	-51.193008
15568.505859	-51.848473
15590.039062	-52.112797
15611.572266	-52.158428
15633.105469	-51.604057
15654.638672	-51.672222
15676.171875	-51.954948
15697.705078	-52.116764
15719.238281	-52.032974
15740.771484	-51.973904
15762.304688	-51.265324
15783.837891	-51.691429
15805.371094	-52.304802
15826.904297	-52.467056
15848.437500	-51.204655
15869.970703	-50.938637
15891.503906	-51.878361
15913.037109	-51.693165
15934.570312	-51.686680
15956.103516	-52.609943
15977.636719	-52.121361
15999.169922	-51.508209
16020.703125	-52.439850
16042.236328	-52.446079
16063.769531	-52.615253
16085.302734	-52.186058
16106.835938	-51.807831
16128.369141	-51.922642
16149.902344	-51.297115
16171.435547	-50.930649
16192.968750	-51.253155
16214.501953	-51.634922
16236.035156	-52.126251
16257.568359	-52.319828
16279.101562	-52.692677
16300.634766	-52.028236
16322.167969	-52.310387
16343.701172	-52.507427
16365.234375	-52.136478
16386.767578	-51.906380
16408.300781	-52.140110
16429.833984	-52.491825
16451.367188	-52.544456
16472.900391	-52.372116
16494.433594	-52.132999
16515.966797	-51.837700
16537.500000	-51.689865
16559.033203	-52.378288
16580.566406	-52.274155
16602.099609	-52.260277
16623.632812	-52.400902
16645.166016	-51.933556
16666.699219	-51.655056
16688.232422	-51.665314
16709.765625	-52.692459
16731.298828	-52.759090
16752.832031	-52.762360
16774.365234	-52.178219
16795.898438	-52.190742
16817.431641	-53.403343
16838.964844	-53.108467
16860.498047	-52.970409
16882.031250	-52.684940
16903.564453	-52.094337
16925.097656	-51.506245
16946.630859	-52.604870
16968.164062	-53.729271
16989.697266	-52.825310
17011.230469	-52.768578
17032.763672	-52.209675
17054.296875	-52.115646
17075.830078	-53.261364
17097.363281	-53.059784
17118.896484	-52.958172
17140.429688	-54.177155
17161.962891	-54.416100
17183.496094	-52.600807
17205.029297	-53.198788
17226.562500	-53.465298
17248.095703	-52.695896
17269.628906	-52.822269
17291.162109	-52.982735
17312.695312	-52.715862
17334.228516	-53.058075
17355.761719	-54.018700
17377.294922	-53.292892
17398.828125	-52.859711
17420.361328	-53.079998
17441.894531	-52.411690
17463.427734	-52.719715
17484.960938	-53.039722
17506.494141	-53.372349
17528.027344	-52.769794
17549.560547	-52.705647
17571.093750	-53.272869
17592.626953	-53.378357
17614.160156	-53.392559
17635.693359	-52.646832
17657.226562	-53.586029
17678.759766	-53.763481
17700.292969	-54.016956
17721.826172	-54.399059
17743.359375	-54.368206
17764.892578	-54.263767
17786.425781	-52.980629
17807.958984	-53.080376
17829.492188	-53.333832
17851.025391	-53.210503
17872.558594	-54.421875
17894.091797	-53.278835
17915.625000	-53.823486
17937.158203	-52.976578
17958.691406	-53.253078
17980.224609	-54.238815
18001.757812	-53.582073
18023.291016	-53.212952
18044.824219	-53.472477
18066.357422	-53.413479
18087.890625	-53.578888
18109.423828	-53.186260
18130.957031	-52.885738
18152.490234	-53.325909
18174.023438	-53.605419
18195.556641	-53.658779
18217.089844	-52.845612
18238.623047	-53.047676
18260.156250	-54.696198
18281.689453	-53.581745
18303.222656	-53.001915
18324.755859	-53.970470
18346.289062	-53.635338
18367.822266	-54.103680
18389.355469	-54.222488
18410.888672	-55.135162
18432.421875	-54.043674
18453.955078	-54.263874
18475.488281	-54.615082
18497.021484	-53.403706
18518.554688	-53.217567
18540.087891	-54.407303
18561.621094	-54.266777
18583.154297	-53.486481
18604.687500	-53.930782
18626.220703	-54.127110
18647.753906	-53.840824
18669.287109	-53.847435
18690.820312	-53.575294
18712.353516	-55.444992
18733.886719	-55.282829
18755.419922	-54.297611
18776.953125	-54.349937
18798.486328	-53.748093
18820.019531	-53.239647
18841.552734	-54.173950
18863.085938	-54.855946
18884.619141	-53.844173
18906.152344	-53.663254
18927.685547	-54.274960
18949.218750	-54.068329
18970.751953	-54.192585
18992.285156	-54.608852
19013.818359	-55.299938
19035.351562	-55.090237
19056.884766	-55.282391
19078.417969	-54.902382
19099.951172	-55.417545
19121.484375	-55.252876
19143.017578	-54.543697
19164.550781	-54.883274
19186.083984	-54.942219
19207.617188	-55.378906
19229.150391	-55.331745
19250.683594	-55.395332
19272.216797	-54.838322
19293.750000	-54.822060
19315.283203	-56.098019
19336.816406	-56.193901
19358.349609	-55.778091
19379.882812	-55.732357
19401.416016	-56.113758
19422.949219	-56.976768
19444.482422	-56.825836
19466.015625	-56.452686
19487.548828	-57.717121
19509.082031	-57.003040
19530.615234	-56.451668
19552.148438	-56.902981
19573.681641	-57.807606
19595.214844	-58.593349
19616.748047	-59.259747
19638.281250	-58.602104
19659.814453	-58.462395
19681.347656	-58.519539
19702.880859	-58.553352
19724.414062	-59.074024
19745.947266	-59.080521
19767.480469	-59.047482
19789.013672	-59.399384
19810.546875	-60.543808
19832.080078	-60.603436
19853.613281	-61.095940
19875.146484	-60.360619
19896.679688	-60.653408
19918.212891	-61.423767
19939.746094	-61.945774
19961.279297	-61.932854
19982.812500	-62.804283
20004.345703	-62.517746
20025.878906	-63.516560
20047.412109	-63.217201
20068.945312	-63.846592
20090.478516	-64.234047
20112.011719	-63.870255
20133.544922	-63.864304
20155.078125	-64.421982
20176.611328	-65.761055
20198.144531	-66.563499
20219.677734	-66.235672
20241.210938	-66.637505
20262.744141	-67.819443
20284.277344	-68.249901
20305.810547	-69.878059
20327.343750	-68.694717
20348.876953	-68.938408
20370.410156	-69.604065
20391.943359	-69.196892
20413.476562	-70.717880
20435.009766	-71.771965
20456.542969	-71.696381
20478.076172	-71.190605
20499.609375	-71.826706
20521.142578	-72.891365
20542.675781	-73.409737
20564.208984	-74.498192
20585.742188	-74.521248
20607.275391	-75.486763
20628.808594	-76.371956
20650.341797	-77.293182
20671.875000	-78.041504
20693.408203	-78.461784
20714.941406	-79.310631
20736.474609	-79.881287
20758.007812	-80.064674
20779.541016	-80.737617
20801.074219	-81.759361
20822.607422	-82.554619
20844.140625	-83.716972
20865.673828	-85.005882
20887.207031	-85.911751
20908.740234	-86.346222
20930.273438	-86.986916
20951.806641	-87.116219
20973.339844	-87.983223
20994.873047	-88.469421
21016.406250	-89.219101
21037.939453	-89.732941
21059.472656	-91.756256
21081.005859	-92.352104
21102.539062	-93.005508
21124.072266	-94.506020
21145.605469	-95.959137
21167.138672	-97.103798
21188.671875	-98.377502
21210.205078	-98.564705
21231.738281	-99.478645
21253.271484	-100.765625
21274.804688	-101.695679
21296.337891	-102.815941
21317.871094	-104.259537
21339.404297	-106.411263
21360.937500	-107.304245
21382.470703	-108.550941
21404.003906	-110.176811
21425.537109	-111.668007
21447.070312	-112.817238
21468.603516	-113.622978
21490.136719	-114.477516
21511.669922	-116.477982
21533.203125	-119.071701
21554.736328	-120.357857
21576.269531	-121.704865
21597.802734	-123.888794
21619.335938	-126.203728
21640.869141	-126.902176
21662.402344	-129.619492
21683.935547	-131.928268
21705.468750	-133.863205
21727.001953	-136.061859
21748.535156	-139.182983
21770.068359	-141.734726
21791.601562	-143.545670
21813.134766	-145.943848
21834.667969	-148.839478
21856.201172	-152.176620
21877.734375	-155.285934
21899.267578	-157.513702
21920.800781	-159.585724
21942.333984	-160.357208
21963.867188	-161.489777
21985.400391	-162.485321
22006.933594	-161.109116
22028.466797	-161.755142
