Frequency (Hz)	Level (dB)
21.533203	-24.168711
43.066406	-23.531925
64.599609	-24.039900
86.132812	-23.879354
107.666016	-23.616846
129.199219	-24.631937
150.732422	-23.814863
172.265625	-23.614496
193.798828	-22.961044
215.332031	-21.926107
236.865234	-21.549339
258.398438	-20.767288
279.931641	-20.411404
301.464844	-20.817333
322.998047	-20.234190
344.531250	-20.224844
366.064453	-19.394707
387.597656	-19.542023
409.130859	-18.886160
430.664062	-18.142515
452.197266	-18.219658
473.730469	-17.983212
495.263672	-17.790291
516.796875	-17.584337
538.330078	-17.700308
559.863281	-17.763723
581.396484	-17.020414
602.929688	-15.799608
624.462891	-15.968843
645.996094	-15.654587
667.529297	-15.982185
689.062500	-16.534786
710.595703	-15.784298
732.128906	-16.117727
753.662109	-15.641598
775.195312	-15.461020
796.728516	-15.836861
818.261719	-15.897236
839.794922	-16.116770
861.328125	-15.735111
882.861328	-15.822958
904.394531	-15.799281
925.927734	-15.763755
947.460938	-15.353321
968.994141	-15.489639
990.527344	-15.615377
1012.060547	-15.467561
1033.593750	-15.914022
1055.126953	-15.763258
1076.660156	-15.851741
1098.193359	-15.291134
1119.726562	-15.810989
1141.259766	-15.961489
1162.792969	-16.159746
1184.326172	-16.504179
1205.859375	-15.876887
1227.392578	-15.644702
1248.925781	-16.202711
1270.458984	-15.948603
1291.992188	-16.463261
1313.525391	-16.054621
1335.058594	-16.740067
1356.591797	-16.464756
1378.125000	-15.358939
1399.658203	-16.005804
1421.191406	-17.105520
1442.724609	-17.296986
1464.257812	-17.382166
1485.791016	-16.651562
1507.324219	-16.278591
1528.857422	-17.249645
1550.390625	-17.113367
1571.923828	-17.186375
1593.457031	-17.187309
1614.990234	-17.572990
1636.523438	-18.135269
1658.056641	-18.112181
1679.589844	-17.658035
1701.123047	-17.374500
1722.656250	-17.697477
1744.189453	-17.754396
1765.722656	-17.258230
1787.255859	-17.450964
1808.789062	-18.448326
1830.322266	-18.376225
1851.855469	-18.337429
1873.388672	-19.300409
1894.921875	-19.266987
1916.455078	-18.482313
1937.988281	-18.979088
1959.521484	-19.403040
1981.054688	-19.209570
2002.587891	-19.417137
2024.121094	-19.729321
2045.654297	-19.814661
2067.187500	-19.514793
2088.720703	-18.980108
2110.253906	-19.050079
2131.787109	-19.704891
2153.320312	-20.075314
2174.853516	-19.876699
2196.386719	-19.844570
2217.919922	-19.856573
2239.453125	-19.755293
2260.986328	-20.234770
2282.519531	-20.493629
2304.052734	-19.408018
2325.585938	-19.430170
2347.119141	-20.405993
2368.652344	-19.902344
2390.185547	-19.994299
2411.718750	-21.016201
2433.251953	-21.052103
2454.785156	-20.821020
2476.318359	-20.955881
2497.851562	-20.771673
2519.384766	-20.743879
2540.917969	-21.400484
2562.451172	-21.324482
2583.984375	-21.446562
2605.517578	-20.912582
2627.050781	-21.130856
2648.583984	-21.604450
2670.117188	-21.533625
2691.650391	-21.636379
2713.183594	-21.720966
2734.716797	-21.321331
2756.250000	-21.715654
2777.783203	-21.845592
2799.316406	-21.565863
2820.849609	-21.956551
2842.382812	-22.525574
2863.916016	-21.774586
2885.449219	-21.825161
2906.982422	-21.599285
2928.515625	-21.798061
2950.048828	-22.370621
2971.582031	-23.056684
2993.115234	-23.420851
3014.648438	-23.159756
3036.181641	-23.234020
3057.714844	-23.369659
3079.248047	-22.576509
3100.781250	-22.954397
3122.314453	-22.848661
3143.847656	-22.582661
3165.380859	-22.903704
3186.914062	-23.334087
3208.447266	-23.044672
3229.980469	-23.189711
3251.513672	-23.605017
3273.046875	-23.776798
3294.580078	-23.488588
3316.113281	-24.240469
3337.646484	-23.569311
3359.179688	-23.830881
3380.712891	-23.731684
3402.246094	-23.784391
3423.779297	-24.506636
3445.312500	-24.043419
3466.845703	-24.358614
3488.378906	-24.468718
3509.912109	-24.595810
3531.445312	-24.434244
3552.978516	-24.525702
3574.511719	-24.627596
3596.044922	-24.328650
3617.578125	-24.335047
3639.111328	-24.858475
3660.644531	-24.464949
3682.177734	-23.958954
3703.710938	-24.585213
3725.244141	-25.005444
3746.777344	-25.884136
3768.310547	-26.147804
3789.843750	-26.348465
3811.376953	-26.081640
3832.910156	-25.476751
3854.443359	-24.772055
3875.976562	-25.146420
3897.509766	-25.855652
3919.042969	-25.363686
3940.576172	-26.068235
3962.109375	-26.309725
3983.642578	-25.510494
4005.175781	-25.527517
4026.708984	-25.039036
4048.242188	-25.180996
4069.775391	-25.427254
4091.308594	-25.914703
4112.841797	-25.979002
4134.375000	-25.129534
4155.908203	-25.605158
4177.441406	-25.803490
4198.974609	-26.236048
4220.507812	-26.098269
4242.041016	-25.396194
4263.574219	-25.260006
4285.107422	-25.632004
4306.640625	-25.673775
4328.173828	-26.314596
4349.707031	-26.030210
4371.240234	-26.109739
4392.773438	-25.257658
4414.306641	-25.632271
4435.839844	-26.224844
4457.373047	-27.003683
4478.906250	-26.896526
4500.439453	-26.384829
4521.972656	-26.555046
4543.505859	-26.949846
4565.039062	-27.224222
4586.572266	-26.690075
4608.105469	-26.600395
4629.638672	-26.940302
4651.171875	-26.698589
4672.705078	-27.170189
4694.238281	-26.856915
4715.771484	-26.504286
4737.304688	-26.643055
4758.837891	-27.362274
4780.371094	-27.326889
4801.904297	-26.485233
4823.437500	-27.151167
4844.970703	-27.446228
4866.503906	-27.076801
4888.037109	-27.362244
4909.570312	-27.244526
4931.103516	-27.796368
4952.636719	-27.937908
4974.169922	-28.004854
4995.703125	-27.976830
5017.236328	-27.871597
5038.769531	-27.808554
5060.302734	-28.424362
5081.835938	-28.406048
5103.369141	-28.101061
5124.902344	-28.088978
5146.435547	-27.711704
5167.968750	-28.145960
5189.501953	-27.811180
5211.035156	-28.038607
5232.568359	-28.410149
5254.101562	-28.854692
5275.634766	-28.420345
5297.167969	-28.272425
5318.701172	-28.068125
5340.234375	-27.541258
5361.767578	-27.226839
5383.300781	-28.067358
5404.833984	-28.461149
5426.367188	-28.064524
5447.900391	-28.048763
5469.433594	-28.352318
5490.966797	-28.339834
5512.500000	-28.417692
5534.033203	-28.976328
5555.566406	-29.197144
5577.099609	-28.715326
5598.632812	-28.949263
5620.166016	-28.379669
5641.699219	-28.213419
5663.232422	-28.528442
5684.765625	-28.427361
5706.298828	-28.312292
5727.832031	-28.422060
5749.365234	-29.358372
5770.898438	-29.206732
5792.431641	-28.920080
5813.964844	-28.928165
5835.498047	-29.783979
5857.031250	-29.870480
5878.564453	-29.328234
5900.097656	-29.360077
5921.630859	-29.597242
5943.164062	-29.617949
5964.697266	-30.158920
5986.230469	-29.438606
6007.763672	-29.908865
6029.296875	-29.124763
6050.830078	-29.177370
6072.363281	-30.252066
6093.896484	-30.212425
6115.429688	-29.945406
6136.962891	-29.458761
6158.496094	-30.041470
6180.029297	-29.955139
6201.562500	-29.498669
6223.095703	-30.835867
6244.628906	-30.710129
6266.162109	-30.816681
6287.695312	-29.933826
6309.228516	-29.376110
6330.761719	-29.846903
6352.294922	-29.408274
6373.828125	-29.710482
6395.361328	-30.040545
6416.894531	-30.296852
6438.427734	-30.810183
6459.960938	-30.882317
6481.494141	-30.652763
6503.027344	-30.374908
6524.560547	-30.324783
6546.093750	-30.805716
6567.626953	-30.309921
6589.160156	-30.250626
6610.693359	-30.231102
6632.226562	-30.138842
6653.759766	-30.645226
6675.292969	-30.255465
6696.826172	-30.423424
6718.359375	-31.166548
6739.892578	-30.454815
6761.425781	-31.020365
6782.958984	-30.526136
6804.492188	-30.581093
6826.025391	-31.401657
6847.558594	-31.727211
6869.091797	-31.222605
6890.625000	-30.921894
6912.158203	-30.533422
6933.691406	-30.678459
6955.224609	-30.772934
6976.757812	-30.737541
6998.291016	-30.367479
7019.824219	-31.085304
7041.357422	-31.632072
7062.890625	-31.067762
7084.423828	-31.091890
7105.957031	-31.087326
7127.490234	-31.878513
7149.023438	-31.872461
7170.556641	-31.911421
7192.089844	-32.842083
7213.623047	-31.988338
7235.156250	-31.523872
7256.689453	-31.732746
7278.222656	-31.342321
7299.755859	-31.420326
7321.289062	-32.152477
7342.822266	-32.858120
7364.355469	-31.991255
7385.888672	-31.821766
7407.421875	-31.875483
7428.955078	-31.866817
7450.488281	-32.317543
7472.021484	-32.312061
7493.554688	-32.290241
7515.087891	-32.321995
7536.621094	-32.020397
7558.154297	-31.593561
7579.687500	-32.152348
7601.220703	-32.598072
7622.753906	-32.860920
7644.287109	-32.785164
7665.820312	-32.591839
7687.353516	-33.117970
7708.886719	-32.526405
7730.419922	-32.596725
7751.953125	-32.461582
7773.486328	-32.633759
7795.019531	-32.741703
7816.552734	-33.322960
7838.085938	-32.513824
7859.619141	-32.006409
7881.152344	-32.375866
7902.685547	-32.033394
7924.218750	-32.121780
7945.751953	-32.168354
7967.285156	-32.270390
7988.818359	-32.780117
8010.351562	-33.292397
8031.884766	-32.891880
8053.417969	-32.916012
8074.951172	-33.414062
8096.484375	-32.829582
8118.017578	-33.006145
8139.550781	-32.650967
8161.083984	-32.900242
8182.617188	-32.709187
8204.150391	-32.778408
8225.683594	-33.231159
8247.216797	-32.908791
8268.750000	-33.130272
8290.283203	-34.162338
8311.816406	-32.959503
8333.349609	-33.587383
8354.882812	-32.814362
8376.416016	-32.887615
8397.949219	-33.519226
8419.482422	-33.508904
8441.015625	-32.815491
8462.548828	-32.929508
8484.082031	-33.717312
8505.615234	-33.880505
8527.148438	-34.079735
8548.681641	-33.385315
8570.214844	-32.854713
8591.748047	-32.992611
8613.281250	-32.968716
8634.814453	-33.588104
8656.347656	-33.910519
8677.880859	-33.656002
8699.414062	-33.649788
8720.947266	-34.055031
8742.480469	-34.210968
8764.013672	-33.274593
8785.546875	-33.478394
8807.080078	-33.970375
8828.613281	-33.971367
8850.146484	-34.250378
8871.679688	-33.907520
8893.212891	-33.770359
8914.746094	-33.662205
8936.279297	-33.508801
8957.812500	-34.143566
8979.345703	-34.735004
9000.878906	-34.624599
9022.412109	-34.064693
9043.945312	-34.122688
9065.478516	-33.568344
9087.011719	-34.333832
9108.544922	-34.498791
9130.078125	-34.433098
9151.611328	-34.013756
9173.144531	-33.729443
9194.677734	-34.400440
9216.210938	-34.274815
9237.744141	-34.540565
9259.277344	-34.450222
9280.810547	-34.993401
9302.343750	-34.915237
9323.876953	-35.212406
9345.410156	-35.023361
9366.943359	-34.304157
9388.476562	-34.142059
9410.009766	-34.761791
9431.542969	-35.073166
9453.076172	-34.866844
9474.609375	-34.470356
9496.142578	-34.246307
9517.675781	-34.811756
9539.208984	-35.058468
9560.742188	-35.157848
9582.275391	-35.471111
9603.808594	-35.238373
9625.341797	-35.619522
9646.875000	-34.978664
9668.408203	-34.609348
9689.941406	-34.995407
9711.474609	-35.416443
9733.007812	-34.915520
9754.541016	-34.883671
9776.074219	-34.989418
9797.607422	-34.806194
9819.140625	-35.547695
9840.673828	-35.860802
9862.207031	-35.618134
9883.740234	-35.876484
9905.273438	-35.389915
9926.806641	-35.368809
9948.339844	-35.557693
9969.873047	-34.825195
9991.406250	-34.987194
10012.939453	-35.443623
10034.472656	-35.667049
10056.005859	-35.681438
10077.539062	-35.104263
10099.072266	-35.607964
10120.605469	-35.290718
10142.138672	-35.929375
10163.671875	-35.945213
10185.205078	-35.570038
10206.738281	-35.903000
10228.271484	-35.612732
10249.804688	-35.530136
10271.337891	-35.950264
10292.871094	-36.124977
10314.404297	-36.029129
10335.937500	-36.143772
10357.470703	-36.785912
10379.003906	-36.753479
10400.537109	-36.506195
10422.070312	-36.810738
10443.603516	-36.456707
10465.136719	-36.011688
10486.669922	-36.336246
10508.203125	-36.276455
10529.736328	-35.357056
10551.269531	-35.398560
10572.802734	-35.958233
10594.335938	-36.562431
10615.869141	-36.789097
10637.402344	-37.247051
10658.935547	-37.138977
10680.468750	-36.430676
10702.001953	-36.522182
10723.535156	-36.830124
10745.068359	-36.986324
10766.601562	-36.694061
10788.134766	-36.994125
10809.667969	-37.068974
10831.201172	-36.733685
10852.734375	-37.129356
10874.267578	-36.820385
10895.800781	-36.382053
10917.333984	-36.490910
10938.867188	-36.692173
10960.400391	-37.034546
10981.933594	-37.515137
11003.466797	-36.863731
11025.000000	-36.487690
11046.533203	-36.375816
11068.066406	-36.570225
11089.599609	-37.009911
11111.132812	-37.837021
11132.666016	-37.145374
11154.199219	-37.456635
11175.732422	-37.241684
11197.265625	-37.775894
11218.798828	-37.461151
11240.332031	-37.483715
11261.865234	-37.358734
11283.398438	-36.932907
11304.931641	-37.365746
11326.464844	-37.738102
11347.998047	-36.977612
11369.531250	-37.050751
11391.064453	-37.116032
11412.597656	-36.995876
11434.130859	-37.105064
11455.664062	-37.469524
11477.197266	-37.241577
11498.730469	-37.440243
11520.263672	-37.648666
11541.796875	-37.404953
11563.330078	-37.391075
11584.863281	-37.919464
11606.396484	-38.042007
11627.929688	-38.145359
11649.462891	-37.954620
11670.996094	-37.923428
11692.529297	-37.572948
11714.062500	-37.813412
11735.595703	-37.788685
11757.128906	-38.123817
11778.662109	-38.399124
11800.195312	-37.968189
11821.728516	-38.320251
11843.261719	-37.854050
11864.794922	-37.711170
11886.328125	-37.815086
11907.861328	-37.820351
11929.394531	-38.193245
11950.927734	-38.020367
11972.460938	-38.192295
11993.994141	-38.274914
12015.527344	-38.264248
12037.060547	-38.349827
12058.593750	-38.587997
12080.126953	-38.685112
12101.660156	-39.269764
12123.193359	-38.710365
12144.726562	-37.908718
12166.259766	-37.845631
12187.792969	-38.564816
12209.326172	-38.667641
12230.859375	-38.352474
12252.392578	-38.505077
12273.925781	-38.309055
12295.458984	-38.574230
12316.992188	-39.507858
12338.525391	-39.372608
12360.058594	-39.017361
12381.591797	-38.983765
12403.125000	-38.554161
12424.658203	-38.668640
12446.191406	-39.000896
12467.724609	-38.318909
12489.257812	-38.683651
12510.791016	-39.321293
12532.324219	-39.915310
12553.857422	-39.069904
12575.390625	-38.723148
12596.923828	-39.199299
12618.457031	-38.926144
12639.990234	-39.156406
12661.523438	-38.359177
12683.056641	-38.144688
12704.589844	-38.662102
12726.123047	-39.581875
12747.656250	-39.382019
12769.189453	-38.338062
12790.722656	-38.748058
12812.255859	-39.385448
12833.789062	-39.362076
12855.322266	-39.986172
12876.855469	-39.636524
12898.388672	-39.639511
12919.921875	-39.970398
12941.455078	-40.174400
12962.988281	-39.210911
12984.521484	-38.758114
13006.054688	-39.290173
13027.587891	-40.226768
13049.121094	-39.728306
13070.654297	-39.359634
13092.187500	-39.894585
13113.720703	-39.438690
13135.253906	-39.390240
13156.787109	-40.106770
13178.320312	-40.506607
13199.853516	-40.437656
13221.386719	-40.019608
13242.919922	-40.211246
13264.453125	-40.207714
13285.986328	-39.307034
13307.519531	-39.448624
13329.052734	-39.702564
13350.585938	-40.309620
13372.119141	-40.461018
13393.652344	-40.051395
13415.185547	-39.987366
13436.718750	-39.712620
13458.251953	-39.704891
13479.785156	-40.290169
13501.318359	-40.801983
13522.851562	-40.638233
13544.384766	-40.207836
13565.917969	-40.361031
13587.451172	-39.810890
13608.984375	-40.097542
13630.517578	-40.399906
13652.050781	-40.688107
13673.583984	-40.460106
13695.117188	-39.770733
13716.650391	-40.448952
13738.183594	-40.674919
13759.716797	-40.572384
13781.250000	-40.026310
13802.783203	-39.989166
13824.316406	-40.126385
13845.849609	-40.758842
13867.382812	-41.217182
13888.916016	-41.095455
13910.449219	-40.809715
13931.982422	-41.276855
13953.515625	-41.081348
13975.048828	-41.440800
13996.582031	-40.996895
14018.115234	-40.498646
14039.648438	-40.451271
14061.181641	-40.343704
14082.714844	-40.625816
14104.248047	-40.240829
14125.781250	-40.314373
14147.314453	-40.424915
14168.847656	-41.296497
14190.380859	-41.565861
14211.914062	-40.875847
14233.447266	-40.956280
14254.980469	-40.757912
14276.513672	-41.340054
14298.046875	-41.096413
14319.580078	-41.016655
14341.113281	-40.875607
14362.646484	-40.751358
14384.179688	-40.795815
14405.712891	-41.262150
14427.246094	-41.148666
14448.779297	-41.289974
14470.312500	-41.470634
14491.845703	-42.125549
14513.378906	-41.968006
14534.912109	-40.994522
14556.445312	-41.154449
14577.978516	-42.162460
14599.511719	-41.421993
14621.044922	-40.882759
14642.578125	-40.951775
14664.111328	-41.958035
14685.644531	-41.778442
14707.177734	-41.091438
14728.710938	-41.132504
14750.244141	-41.839954
14771.777344	-41.493919
14793.310547	-41.786270
14814.843750	-42.190445
14836.376953	-41.752365
14857.910156	-41.338299
14879.443359	-41.582886
14900.976562	-42.028877
14922.509766	-41.511860
14944.042969	-41.558731
14965.576172	-41.601608
14987.109375	-42.313175
15008.642578	-42.209942
15030.175781	-41.598557
15051.708984	-41.861698
15073.242188	-42.145477
15094.775391	-41.803631
15116.308594	-41.240360
15137.841797	-41.650879
15159.375000	-41.684753
15180.908203	-41.690361
15202.441406	-41.415058
15223.974609	-42.057053
15245.507812	-42.501961
15267.041016	-42.116539
15288.574219	-41.974514
15310.107422	-42.705536
15331.640625	-42.935680
15353.173828	-43.168690
15374.707031	-42.379669
15396.240234	-42.214489
15417.773438	-42.434326
15439.306641	-42.080345
15460.839844	-42.096695
15482.373047	-42.728943
15503.906250	-42.553623
15525.439453	-42.738991
15546.972656	-42.796539
15568.505859	-42.751587
15590.039062	-42.704845
15611.572266	-43.261410
15633.105469	-42.574390
15654.638672	-42.619408
15676.171875	-43.520763
15697.705078	-43.049068
15719.238281	-42.482910
15740.771484	-42.074718
15762.304688	-42.791607
15783.837891	-42.575420
15805.371094	-42.723907
15826.904297	-43.155064
15848.437500	-43.557144
15869.970703	-43.180992
15891.503906	-43.174084
15913.037109	-43.136295
15934.570312	-42.557613
15956.103516	-42.996868
15977.636719	-42.370426
15999.169922	-42.334972
16020.703125	-43.896812
16042.236328	-43.550240
16063.769531	-42.965080
16085.302734	-43.119526
16106.835938	-43.736851
16128.369141	-43.778458
16149.902344	-43.456764
16171.435547	-44.096931
16192.968750	-43.379818
16214.501953	-43.200714
16236.035156	-42.705059
16257.568359	-42.633804
16279.101562	-42.671688
16300.634766	-43.211254
16322.167969	-43.512764
16343.701172	-43.212013
16365.234375	-43.074535
16386.767578	-43.441753
16408.300781	-43.621391
16429.833984	-43.639194
16451.367188	-43.797783
16472.900391	-43.959938
16494.433594	-44.442558
16515.966797	-43.901421
16537.500000	-43.717609
16559.033203	-43.767941
16580.566406	-43.778831
16602.099609	-43.666779
16623.632812	-43.556400
16645.166016	-43.759884
16666.699219	-44.051445
16688.232422	-43.739418
16709.765625	-43.521004
16731.298828	-44.467529
16752.832031	-44.407425
16774.365234	-44.157547
16795.898438	-43.816689
16817.431641	-43.738533
16838.964844	-42.852409
16860.498047	-43.528728
16882.031250	-44.104763
16903.564453	-44.480942
16925.097656	-44.471169
16946.630859	-44.764732
16968.164062	-43.752522
16989.697266	-43.684269
17011.230469	-44.350433
17032.763672	-44.346321
17054.296875	-44.435375
17075.830078	-44.918545
17097.363281	-44.849606
17118.896484	-44.257877
17140.429688	-44.771076
17161.962891	-44.716068
17183.496094	-44.857983
17205.029297	-44.692062
17226.562500	-44.488155
17248.095703	-44.929363
17269.628906	-44.027191
17291.162109	-45.475861
17312.695312	-45.334164
17334.228516	-44.778027
17355.761719	-44.604809
17377.294922	-44.622509
17398.828125	-44.976097
17420.361328	-45.020073
17441.894531	-44.651249
17463.427734	-44.447304
17484.960938	-44.984367
17506.494141	-44.953922
17528.027344	-44.729862
17549.560547	-44.784607
17571.093750	-45.079239
17592.626953	-45.322742
17614.160156	-44.581924
17635.693359	-44.414993
17657.226562	-44.897984
17678.759766	-44.766823
17700.292969	-44.745701
17721.826172	-44.876179
17743.359375	-45.737797
17764.892578	-45.864799
17786.425781	-45.076675
17807.958984	-45.393219
17829.492188	-45.920757
17851.025391	-45.766220
17872.558594	-45.991508
17894.091797	-46.150394
17915.625000	-45.994465
17937.158203	-45.053936
17958.691406	-45.062447
17980.224609	-46.208279
18001.757812	-45.785099
18023.291016	-46.244576
18044.824219	-46.770473
18066.357422	-45.894249
18087.890625	-46.568844
18109.423828	-46.349503
18130.957031	-46.052895
18152.490234	-46.112457
18174.023438	-45.741501
18195.556641	-45.690552
18217.089844	-45.656189
18238.623047	-45.345810
18260.156250	-46.146538
18281.689453	-46.141453
18303.222656	-46.169991
18324.755859	-46.174892
18346.289062	-46.033745
18367.822266	-45.907902
18389.355469	-46.001602
18410.888672	-45.532246
18432.421875	-45.287636
18453.955078	-45.762177
18475.488281	-45.942528
18497.021484	-45.808758
18518.554688	-46.572628
18540.087891	-46.716690
18561.621094	-46.295551
18583.154297	-46.485092
18604.687500	-46.546036
18626.220703	-46.416943
18647.753906	-46.749805
18669.287109	-46.921463
18690.820312	-46.426262
18712.353516	-45.910496
18733.886719	-46.270340
18755.419922	-46.863243
18776.953125	-47.006901
18798.486328	-46.757526
18820.019531	-47.027924
18841.552734	-47.426601
18863.085938	-47.055264
18884.619141	-46.949253
18906.152344	-46.903259
18927.685547	-47.054897
18949.218750	-47.125610
18970.751953	-47.114464
18992.285156	-47.171101
19013.818359	-47.741043
19035.351562	-48.308937
19056.884766	-47.738041
19078.417969	-48.088737
19099.951172	-48.108444
19121.484375	-47.571659
19143.017578	-47.596096
19164.550781	-47.805626
19186.083984	-47.917393
19207.617188	-48.262600
19229.150391	-49.041927
19250.683594	-48.605766
19272.216797	-48.135334
19293.750000	-48.018814
19315.283203	-49.056656
19336.816406	-49.567242
19358.349609	-49.038345
19379.882812	-48.971672
19401.416016	-49.115612
19422.949219	-49.226307
19444.482422	-49.221516
19466.015625	-49.675217
19487.548828	-50.288002
19509.082031	-50.360687
19530.615234	-50.451900
19552.148438	-50.321758
19573.681641	-50.439312
19595.214844	-50.811630
19616.748047	-50.473980
19638.281250	-50.932354
19659.814453	-51.851788
19681.347656	-52.249077
19702.880859	-51.465511
19724.414062	-51.899830
19745.947266	-52.382023
19767.480469	-52.843739
19789.013672	-52.810966
19810.546875	-52.661427
19832.080078	-53.459808
19853.613281	-53.314766
19875.146484	-53.684418
19896.679688	-54.386364
19918.212891	-54.644733
19939.746094	-54.915813
19961.279297	-54.992893
19982.812500	-55.154636
20004.345703	-56.406223
20025.878906	-56.289490
20047.412109	-56.586384
20068.945312	-57.156212
20090.478516	-57.765850
20112.011719	-57.862473
20133.544922	-57.777893
20155.078125	-58.398609
20176.611328	-59.159893
20198.144531	-59.777950
20219.677734	-59.460522
20241.210938	-60.037449
20262.744141	-60.773895
20284.277344	-61.292633
20305.810547	-61.264725
20327.343750	-61.825836
20348.876953	-62.357609
20370.410156	-62.818188
20391.943359	-63.881062
20413.476562	-64.884766
20435.009766	-65.073975
20456.542969	-65.395844
20478.076172	-65.178993
20499.609375	-65.839981
20521.142578	-66.279739
20542.675781	-67.538483
20564.208984	-68.150604
20585.742188	-68.479736
20607.275391	-69.145103
20628.808594	-70.066124
20650.341797	-69.844055
20671.875000	-70.993965
20693.408203	-71.764328
20714.941406	-72.099388
20736.474609	-72.698547
20758.007812	-73.237556
20779.541016	-74.131462
20801.074219	-75.114464
20822.607422	-75.536331
20844.140625	-76.368393
20865.673828	-77.191177
20887.207031	-78.161346
20908.740234	-79.919968
20930.273438	-80.216957
20951.806641	-80.494194
20973.339844	-81.747559
20994.873047	-82.989853
21016.406250	-83.459526
21037.939453	-84.430321
21059.472656	-85.893234
21081.005859	-86.712280
21102.539062	-87.231499
21124.072266	-88.359001
21145.605469	-88.780273
21167.138672	-90.145782
21188.671875	-91.479378
21210.205078	-92.260201
21231.738281	-93.136482
21253.271484	-94.683723
21274.804688	-95.930283
21296.337891	-97.055634
21317.871094	-98.157082
21339.404297	-99.295799
21360.937500	-100.837646
21382.470703	-102.426933
21404.003906	-103.466682
21425.537109	-105.353973
21447.070312	-106.701141
21468.603516	-107.938377
21490.136719	-110.210663
21511.669922	-111.665527
21533.203125	-112.963959
21554.736328	-114.051865
21576.269531	-115.463051
21597.802734	-117.504890
21619.335938	-119.963547
21640.869141	-121.726746
21662.402344	-124.081467
21683.935547	-125.585396
21705.468750	-127.451447
21727.001953	-130.294678
21748.535156	-132.352783
21770.068359	-134.805130
21791.601562	-137.233414
21813.134766	-140.266846
21834.667969	-143.263184
21856.201172	-146.436081
21877.734375	-150.011169
21899.267578	-152.426636
21920.800781	-156.609634
21942.333984	-158.681976
21963.867188	-161.016220
21985.400391	-161.236252
22006.933594	-160.247864
22028.466797	-160.551514
