Frequency (Hz)	Level (dB)
21.533203	-20.817516
43.066406	-22.324522
64.599609	-24.612923
86.132812	-26.397871
107.666016	-27.017698
129.199219	-28.061745
150.732422	-28.591831
172.265625	-28.494637
193.798828	-29.265997
215.332031	-29.057219
236.865234	-28.900763
258.398438	-30.074848
279.931641	-30.379879
301.464844	-30.626101
322.998047	-31.170374
344.531250	-31.967596
366.064453	-31.506994
387.597656	-32.386852
409.130859	-33.012173
430.664062	-32.614803
452.197266	-32.819824
473.730469	-33.378975
495.263672	-33.441849
516.796875	-33.385914
538.330078	-34.034611
559.863281	-34.765373
581.396484	-34.566090
602.929688	-34.262890
624.462891	-34.441597
645.996094	-34.386612
667.529297	-34.737228
689.062500	-35.662235
710.595703	-35.347282
732.128906	-34.669132
753.662109	-35.035122
775.195312	-35.002296
796.728516	-35.880539
818.261719	-35.594448
839.794922	-35.074371
861.328125	-35.105026
882.861328	-36.283531
904.394531	-36.831631
925.927734	-37.070736
947.460938	-37.381729
968.994141	-36.743813
990.527344	-36.914677
1012.060547	-36.292839
1033.593750	-36.720989
1055.126953	-37.403477
1076.660156	-36.386513
1098.193359	-36.180206
1119.726562	-36.877876
1141.259766	-37.921665
1162.792969	-38.151157
1184.326172	-37.135033
1205.859375	-36.928490
1227.392578	-36.941013
1248.925781	-36.692665
1270.458984	-36.729214
1291.992188	-37.124947
1313.525391	-37.589718
1335.058594	-38.593567
1356.591797	-38.393246
1378.125000	-37.777046
1399.658203	-38.396301
1421.191406	-39.025440
1442.724609	-38.252586
1464.257812	-37.948288
1485.791016	-38.098888
1507.324219	-38.952881
1528.857422	-38.372910
1550.390625	-38.051746
1571.923828	-38.689899
1593.457031	-38.647423
1614.990234	-38.615341
1636.523438	-38.785095
1658.056641	-38.164692
1679.589844	-38.008652
1701.123047	-38.172153
1722.656250	-38.271717
1744.189453	-39.057690
1765.722656	-39.803722
1787.255859	-39.612041
1808.789062	-38.555546
1830.322266	-38.587414
1851.855469	-39.009926
1873.388672	-39.014221
1894.921875	-39.001251
1916.455078	-39.352257
1937.988281	-38.965252
1959.521484	-39.861443
1981.054688	-39.084431
2002.587891	-39.293655
2024.121094	-40.519630
2045.654297	-40.076828
2067.187500	-39.864803
2088.720703	-40.553123
2110.253906	-39.697327
2131.787109	-39.679363
2153.320312	-39.253685
2174.853516	-39.367355
2196.386719	-39.259792
2217.919922	-39.135380
2239.453125	-39.258293
2260.986328	-40.117447
2282.519531	-39.679691
2304.052734	-39.276230
2325.585938	-39.764908
2347.119141	-39.595032
2368.652344	-39.908741
2390.185547	-40.149307
2411.718750	-39.749584
2433.251953	-39.829063
2454.785156	-39.508598
2476.318359	-40.032196
2497.851562	-40.405254
2519.384766	-40.383984
2540.917969	-41.210033
2562.451172	-40.964504
2583.984375	-40.612331
2605.517578	-40.071255
2627.050781	-40.032421
2648.583984	-40.321976
2670.117188	-41.293335
2691.650391	-40.931576
2713.183594	-40.478077
2734.716797	-41.023872
2756.250000	-41.027096
2777.783203	-40.437012
2799.316406	-40.841492
2820.849609	-40.758244
2842.382812	-40.750317
2863.916016	-40.601997
2885.449219	-41.154758
2906.982422	-41.520512
2928.515625	-41.326565
2950.048828	-41.933804
2971.582031	-41.370510
2993.115234	-41.322533
3014.648438	-41.369652
3036.181641	-42.476067
3057.714844	-41.322029
3079.248047	-41.200459
3100.781250	-41.699642
3122.314453	-41.666374
3143.847656	-41.860348
3165.380859	-41.700912
3186.914062	-41.075546
3208.447266	-40.087681
3229.980469	-41.148972
3251.513672	-41.445744
3273.046875	-42.173119
3294.580078	-42.236485
3316.113281	-41.404968
3337.646484	-41.244972
3359.179688	-41.615688
3380.712891	-41.163578
3402.246094	-41.638260
3423.779297	-41.971355
3445.312500	-41.422367
3466.845703	-41.822865
3488.378906	-42.623711
3509.912109	-42.144009
3531.445312	-41.608833
3552.978516	-41.616016
3574.511719	-42.298050
3596.044922	-42.770794
3617.578125	-42.705456
3639.111328	-41.739201
3660.644531	-41.177418
3682.177734	-42.479248
3703.710938	-42.479420
3725.244141	-42.040642
3746.777344	-42.239868
3768.310547	-41.829605
3789.843750	-42.594990
3811.376953	-43.395718
3832.910156	-42.101177
3854.443359	-41.724163
3875.976562	-41.765633
3897.509766	-42.657333
3919.042969	-41.860710
3940.576172	-41.431725
3962.109375	-41.745201
3983.642578	-42.590687
4005.175781	-42.386024
4026.708984	-41.992764
4048.242188	-41.968098
4069.775391	-41.932678
4091.308594	-42.525429
4112.841797	-42.725754
4134.375000	-42.700058
4155.908203	-42.859570
4177.441406	-42.203941
4198.974609	-42.096798
4220.507812	-42.536156
4242.041016	-42.055779
4263.574219	-42.489788
4285.107422	-42.788307
4306.640625	-42.272724
4328.173828	-42.129993
4349.707031	-42.540764
4371.240234	-43.148792
4392.773438	-43.332157
4414.306641	-43.007069
4435.839844	-43.504070
4457.373047	-42.564457
4478.906250	-43.075237
4500.439453	-43.489799
4521.972656	-42.699551
4543.505859	-41.923599
4565.039062	-42.951832
4586.572266	-42.761089
4608.105469	-42.260189
4629.638672	-42.892269
4651.171875	-42.770325
4672.705078	-43.357323
4694.238281	-43.289181
4715.771484	-43.053097
4737.304688	-43.004009
4758.837891	-43.528343
4780.371094	-43.061852
4801.904297	-42.910423
4823.437500	-44.131302
4844.970703	-44.259819
4866.503906	-43.340481
4888.037109	-43.507053
4909.570312	-44.633614
4931.103516	-43.466595
4952.636719	-42.657040
4974.169922	-43.549778
4995.703125	-44.173698
5017.236328	-44.161079
5038.769531	-43.187832
5060.302734	-43.528297
5081.835938	-43.871078
5103.369141	-43.673229
5124.902344	-43.470257
5146.435547	-43.167324
5167.968750	-42.945583
5189.501953	-44.422302
5211.035156	-43.864616
5232.568359	-43.155457
5254.101562	-43.042770
5275.634766	-44.116276
5297.167969	-43.769428
5318.701172	-44.088783
5340.234375	-43.528698
5361.767578	-43.000713
5383.300781	-44.040005
5404.833984	-44.654018
5426.367188	-44.044834
5447.900391	-43.786938
5469.433594	-43.725018
5490.966797	-43.624161
5512.500000	-43.666710
5534.033203	-43.688843
5555.566406	-43.225800
5577.099609	-43.472477
5598.632812	-43.859112
5620.166016	-43.575592
5641.699219	-43.348942
5663.232422	-44.135483
5684.765625	-44.033566
5706.298828	-43.642387
5727.832031	-44.611237
5749.365234	-44.966572
5770.898438	-43.979439
5792.431641	-44.153004
5813.964844	-45.406288
5835.498047	-45.528454
5857.031250	-44.586372
5878.564453	-44.691353
5900.097656	-44.315258
5921.630859	-43.814331
5943.164062	-43.517078
5964.697266	-43.593330
5986.230469	-44.038929
6007.763672	-44.540821
6029.296875	-43.948616
6050.830078	-44.016163
6072.363281	-44.773441
6093.896484	-44.194843
6115.429688	-43.773598
6136.962891	-43.413712
6158.496094	-43.185493
6180.029297	-43.963871
6201.562500	-44.272400
6223.095703	-44.511658
6244.628906	-44.906002
6266.162109	-45.348557
6287.695312	-44.823856
6309.228516	-43.970032
6330.761719	-44.260792
6352.294922	-44.792183
6373.828125	-44.173153
6395.361328	-44.893917
6416.894531	-44.250809
6438.427734	-43.768902
6459.960938	-44.094566
6481.494141	-44.155842
6503.027344	-44.590225
6524.560547	-44.350159
6546.093750	-44.647938
6567.626953	-44.584362
6589.160156	-44.549690
6610.693359	-44.944946
6632.226562	-45.010807
6653.759766	-44.207630
6675.292969	-44.110847
6696.826172	-45.269341
6718.359375	-44.360809
6739.892578	-43.863941
6761.425781	-44.836159
6782.958984	-44.854759
6804.492188	-44.717255
6826.025391	-43.462048
6847.558594	-43.803719
6869.091797	-44.391003
6890.625000	-44.718979
6912.158203	-44.525200
6933.691406	-44.609818
6955.224609	-44.892048
6976.757812	-45.182236
6998.291016	-44.695744
7019.824219	-45.156891
7041.357422	-45.239288
7062.890625	-45.729187
7084.423828	-44.947651
7105.957031	-45.461224
7127.490234	-45.680637
7149.023438	-45.099518
7170.556641	-45.479706
7192.089844	-44.945160
7213.623047	-44.872780
7235.156250	-44.438965
7256.689453	-44.271183
7278.222656	-44.825680
7299.755859	-45.568275
7321.289062	-45.448132
7342.822266	-44.473743
7364.355469	-44.637951
7385.888672	-45.041805
7407.421875	-45.353020
7428.955078	-45.674034
7450.488281	-46.147823
7472.021484	-45.543072
7493.554688	-45.615055
7515.087891	-45.337952
7536.621094	-45.322906
7558.154297	-45.061359
7579.687500	-44.877003
7601.220703	-44.150482
7622.753906	-45.625820
7644.287109	-46.056904
7665.820312	-45.873268
7687.353516	-45.195015
7708.886719	-45.282959
7730.419922	-45.616146
7751.953125	-45.672543
7773.486328	-45.697353
7795.019531	-45.853447
7816.552734	-45.506573
7838.085938	-45.543781
7859.619141	-45.624470
7881.152344	-44.739063
7902.685547	-44.388432
7924.218750	-44.779198
7945.751953	-44.666233
7967.285156	-45.738018
7988.818359	-45.238518
8010.351562	-44.653149
8031.884766	-44.957680
8053.417969	-45.154415
8074.951172	-45.359165
8096.484375	-45.471081
8118.017578	-44.952301
8139.550781	-44.449688
8161.083984	-44.752041
8182.617188	-44.566891
8204.150391	-45.152451
8225.683594	-45.013302
8247.216797	-45.404594
8268.750000	-45.987675
8290.283203	-46.226551
8311.816406	-46.016560
8333.349609	-46.098312
8354.882812	-46.402958
8376.416016	-46.306965
8397.949219	-45.534286
8419.482422	-45.382988
8441.015625	-45.633385
8462.548828	-45.880459
8484.082031	-45.685204
8505.615234	-45.842094
8527.148438	-45.589333
8548.681641	-45.909374
8570.214844	-46.158607
8591.748047	-45.798512
8613.281250	-45.327770
8634.814453	-45.014168
8656.347656	-45.462555
8677.880859	-45.316849
8699.414062	-45.357616
8720.947266	-46.034092
8742.480469	-45.895634
8764.013672	-45.719749
8785.546875	-45.675114
8807.080078	-45.844692
8828.613281	-45.606991
8850.146484	-45.165413
8871.679688	-45.471672
8893.212891	-45.954601
8914.746094	-45.772957
8936.279297	-45.662163
8957.812500	-46.187210
8979.345703	-46.083195
9000.878906	-45.398209
9022.412109	-45.624348
9043.945312	-46.206131
9065.478516	-46.432907
9087.011719	-46.166466
9108.544922	-45.281967
9130.078125	-45.458729
9151.611328	-46.409809
9173.144531	-45.905235
9194.677734	-45.737434
9216.210938	-45.515377
9237.744141	-45.071587
9259.277344	-45.677979
9280.810547	-46.494911
9302.343750	-46.576820
9323.876953	-46.722572
9345.410156	-46.202522
9366.943359	-46.218662
9388.476562	-46.742317
9410.009766	-46.991314
9431.542969	-46.925438
9453.076172	-46.780937
9474.609375	-46.917576
9496.142578	-46.338253
9517.675781	-45.830517
9539.208984	-46.110561
9560.742188	-46.602871
9582.275391	-46.344784
9603.808594	-45.697887
9625.341797	-45.868958
9646.875000	-46.093681
9668.408203	-46.907009
9689.941406	-47.083321
9711.474609	-46.731113
9733.007812	-46.284771
9754.541016	-46.412571
9776.074219	-46.818565
9797.607422	-47.156178
9819.140625	-47.401398
9840.673828	-46.805042
9862.207031	-46.259224
9883.740234	-48.010208
9905.273438	-47.375549
9926.806641	-46.803082
9948.339844	-46.713348
9969.873047	-46.043533
9991.406250	-46.625988
10012.939453	-47.753403
10034.472656	-47.596432
10056.005859	-46.016415
10077.539062	-45.556835
10099.072266	-46.296082
10120.605469	-47.065128
10142.138672	-46.109726
10163.671875	-45.917622
10185.205078	-46.514359
10206.738281	-46.835339
10228.271484	-47.228527
10249.804688	-47.016064
10271.337891	-46.873051
10292.871094	-45.776989
10314.404297	-46.314945
10335.937500	-46.515457
10357.470703	-46.235847
10379.003906	-46.723969
10400.537109	-46.293003
10422.070312	-46.436848
10443.603516	-46.210636
10465.136719	-46.391045
10486.669922	-46.740856
10508.203125	-46.172112
10529.736328	-45.284603
10551.269531	-46.248192
10572.802734	-46.538033
10594.335938	-46.511440
10615.869141	-46.147675
10637.402344	-46.235111
10658.935547	-47.038868
10680.468750	-46.706184
10702.001953	-46.851067
10723.535156	-46.445202
10745.068359	-45.598167
10766.601562	-46.105473
10788.134766	-46.681614
10809.667969	-46.230267
10831.201172	-45.859936
10852.734375	-46.201702
10874.267578	-46.723080
10895.800781	-46.658649
10917.333984	-47.186722
10938.867188	-46.840694
10960.400391	-46.846375
10981.933594	-46.193512
11003.466797	-45.785034
11025.000000	-46.419739
11046.533203	-46.776817
11068.066406	-46.340096
11089.599609	-45.577023
11111.132812	-46.234524
11132.666016	-46.505207
11154.199219	-46.609390
11175.732422	-46.273636
11197.265625	-46.502872
11218.798828	-47.200649
11240.332031	-47.629978
11261.865234	-47.824940
11283.398438	-46.779808
11304.931641	-46.547527
11326.464844	-46.538525
11347.998047	-45.763851
11369.531250	-45.982407
11391.064453	-46.872688
11412.597656	-46.789257
11434.130859	-46.665524
11455.664062	-46.569923
11477.197266	-47.111217
11498.730469	-47.208473
11520.263672	-46.894814
11541.796875	-46.934483
11563.330078	-47.724895
11584.863281	-48.139973
11606.396484	-47.667423
11627.929688	-47.871731
11649.462891	-46.734745
11670.996094	-46.619061
11692.529297	-46.847504
11714.062500	-46.381756
11735.595703	-47.231617
11757.128906	-47.276878
11778.662109	-47.696037
11800.195312	-46.894283
11821.728516	-46.852104
11843.261719	-47.392765
11864.794922	-46.673248
11886.328125	-46.483013
11907.861328	-46.555145
11929.394531	-47.523670
11950.927734	-47.303211
11972.460938	-47.336155
11993.994141	-47.261639
12015.527344	-47.616249
12037.060547	-46.698288
12058.593750	-46.437347
12080.126953	-46.021297
12101.660156	-46.266708
12123.193359	-47.008617
12144.726562	-46.650887
12166.259766	-47.299320
12187.792969	-47.255173
12209.326172	-46.905369
12230.859375	-46.870583
12252.392578	-47.183002
12273.925781	-47.653805
12295.458984	-46.866104
12316.992188	-47.570362
12338.525391	-47.548477
12360.058594	-47.489182
12381.591797	-47.739529
12403.125000	-47.154034
12424.658203	-47.087437
12446.191406	-47.701057
12467.724609	-47.206726
12489.257812	-47.179951
12510.791016	-47.176636
12532.324219	-47.130100
12553.857422	-46.247845
12575.390625	-46.677139
12596.923828	-47.488312
12618.457031	-47.182243
12639.990234	-46.997292
12661.523438	-48.014523
12683.056641	-47.996368
12704.589844	-47.553226
12726.123047	-47.677937
12747.656250	-47.023216
12769.189453	-47.174870
12790.722656	-47.276142
12812.255859	-48.082851
12833.789062	-48.693825
12855.322266	-47.845844
12876.855469	-46.954575
12898.388672	-46.300018
12919.921875	-47.228497
12941.455078	-47.453999
12962.988281	-47.526348
12984.521484	-47.310894
13006.054688	-46.888023
13027.587891	-47.031994
13049.121094	-48.080208
13070.654297	-48.236942
13092.187500	-47.509289
13113.720703	-46.641380
13135.253906	-46.942852
13156.787109	-48.337769
13178.320312	-48.827610
13199.853516	-47.927433
13221.386719	-47.880260
13242.919922	-47.668854
13264.453125	-47.089638
13285.986328	-46.874989
13307.519531	-47.478474
13329.052734	-47.659233
13350.585938	-47.253487
13372.119141	-47.408943
13393.652344	-47.838993
13415.185547	-48.123371
13436.718750	-46.977230
13458.251953	-47.364449
13479.785156	-47.541050
13501.318359	-47.713753
13522.851562	-47.470470
13544.384766	-47.737686
13565.917969	-47.651470
13587.451172	-48.466579
13608.984375	-48.653854
13630.517578	-47.730740
13652.050781	-46.361130
13673.583984	-47.017948
13695.117188	-48.871887
13716.650391	-48.175629
13738.183594	-47.728977
13759.716797	-47.951809
13781.250000	-47.409912
13802.783203	-47.175625
13824.316406	-47.909740
13845.849609	-47.552841
13867.382812	-47.439663
13888.916016	-48.194714
13910.449219	-48.220612
13931.982422	-48.208920
13953.515625	-47.282791
13975.048828	-47.603493
13996.582031	-48.650059
14018.115234	-48.735889
14039.648438	-48.140797
14061.181641	-48.842098
14082.714844	-48.701809
14104.248047	-48.454372
14125.781250	-47.115776
14147.314453	-47.416409
14168.847656	-48.182346
14190.380859	-48.628208
14211.914062	-48.768326
14233.447266	-48.713097
14254.980469	-48.270298
14276.513672	-48.758560
14298.046875	-48.555103
14319.580078	-47.626598
14341.113281	-47.473507
14362.646484	-47.699093
14384.179688	-47.939594
14405.712891	-47.968353
14427.246094	-48.020447
14448.779297	-47.605156
14470.312500	-47.604736
14491.845703	-47.942116
14513.378906	-48.137211
14534.912109	-47.323944
14556.445312	-47.641308
14577.978516	-48.969921
14599.511719	-47.940044
14621.044922	-47.639938
14642.578125	-47.361004
14664.111328	-47.266697
14685.644531	-48.477131
14707.177734	-48.442444
14728.710938	-48.585888
14750.244141	-48.666660
14771.777344	-48.327682
14793.310547	-47.969929
14814.843750	-48.187569
14836.376953	-47.823177
14857.910156	-47.515789
14879.443359	-47.386017
14900.976562	-47.442608
14922.509766	-48.121021
14944.042969	-48.547462
14965.576172	-48.026085
14987.109375	-47.166203
15008.642578	-47.298462
15030.175781	-47.420765
15051.708984	-47.979725
15073.242188	-48.198288
15094.775391	-48.861103
15116.308594	-48.420067
15137.841797	-47.868008
15159.375000	-48.316086
15180.908203	-48.786369
15202.441406	-48.630535
15223.974609	-48.971394
15245.507812	-48.902370
15267.041016	-48.579449
15288.574219	-48.323818
15310.107422	-47.632099
15331.640625	-47.969704
15353.173828	-48.601852
15374.707031	-48.237846
15396.240234	-48.210468
15417.773438	-48.334515
15439.306641	-48.443115
15460.839844	-48.604431
15482.373047	-48.671040
15503.906250	-48.467823
15525.439453	-48.663265
15546.972656	-48.868320
15568.505859	-48.468956
15590.039062	-48.475700
15611.572266	-48.551434
15633.105469	-48.708607
15654.638672	-48.626587
15676.171875	-48.536625
15697.705078	-48.503624
15719.238281	-48.305477
15740.771484	-48.330608
15762.304688	-48.556866
15783.837891	-48.300591
15805.371094	-48.978886
15826.904297	-48.988739
15848.437500	-48.977394
15869.970703	-47.946030
15891.503906	-47.725277
15913.037109	-47.823048
15934.570312	-47.559746
15956.103516	-48.198822
15977.636719	-47.935379
15999.169922	-48.183132
16020.703125	-48.760914
16042.236328	-48.263969
16063.769531	-49.074020
16085.302734	-48.921658
16106.835938	-48.246704
16128.369141	-47.614998
16149.902344	-48.524399
16171.435547	-48.584431
16192.968750	-48.898125
16214.501953	-49.307755
16236.035156	-49.341137
16257.568359	-48.929501
16279.101562	-49.753220
16300.634766	-48.885284
16322.167969	-48.348728
16343.701172	-48.662746
16365.234375	-49.147789
16386.767578	-48.772774
16408.300781	-48.749035
16429.833984	-48.791023
16451.367188	-49.195251
16472.900391	-48.837551
16494.433594	-49.195854
16515.966797	-48.854527
16537.500000	-49.294357
16559.033203	-51.157730
16580.566406	-50.224571
16602.099609	-49.226791
16623.632812	-49.058144
16645.166016	-48.936192
16666.699219	-49.316193
16688.232422	-48.800079
16709.765625	-48.972771
16731.298828	-49.132381
16752.832031	-49.479015
16774.365234	-49.716846
16795.898438	-48.786388
16817.431641	-48.703396
16838.964844	-49.332737
16860.498047	-48.914478
16882.031250	-49.272839
16903.564453	-49.184559
16925.097656	-49.871048
16946.630859	-50.428986
16968.164062	-50.078396
16989.697266	-49.425705
17011.230469	-49.548145
17032.763672	-49.684559
17054.296875	-49.793350
17075.830078	-50.422119
17097.363281	-51.052185
17118.896484	-49.787781
17140.429688	-49.801708
17161.962891	-50.084312
17183.496094	-50.235909
17205.029297	-50.575169
17226.562500	-50.768002
17248.095703	-50.739552
17269.628906	-50.159214
17291.162109	-50.462769
17312.695312	-51.353218
17334.228516	-51.516281
17355.761719	-51.437523
17377.294922	-51.593426
17398.828125	-51.362091
17420.361328	-51.251228
17441.894531	-50.473328
17463.427734	-50.688168
17484.960938	-51.047714
17506.494141	-51.108109
17528.027344	-50.657001
17549.560547	-51.954941
17571.093750	-51.659710
17592.626953	-51.567696
17614.160156	-51.664429
17635.693359	-52.562248
17657.226562	-52.386642
17678.759766	-51.878319
17700.292969	-52.283913
17721.826172	-53.274311
17743.359375	-52.712887
17764.892578	-52.819405
17786.425781	-52.994343
17807.958984	-53.411919
17829.492188	-53.393314
17851.025391	-53.587318
17872.558594	-53.033150
17894.091797	-52.701675
17915.625000	-53.717545
17937.158203	-53.524307
17958.691406	-53.758472
17980.224609	-54.512421
18001.757812	-54.593552
18023.291016	-54.547653
18044.824219	-54.503109
18066.357422	-55.080631
18087.890625	-54.493729
18109.423828	-54.218559
18130.957031	-54.769127
18152.490234	-55.206932
18174.023438	-55.308804
18195.556641	-55.795731
18217.089844	-56.261513
18238.623047	-55.732937
18260.156250	-56.022659
18281.689453	-55.356712
18303.222656	-56.071625
18324.755859	-55.716766
18346.289062	-55.549732
18367.822266	-56.101780
18389.355469	-57.598148
18410.888672	-58.577049
18432.421875	-57.106003
18453.955078	-57.584312
18475.488281	-57.722023
18497.021484	-57.460892
18518.554688	-57.402225
18540.087891	-56.792377
18561.621094	-57.853165
18583.154297	-58.065525
18604.687500	-59.009617
18626.220703	-59.619045
18647.753906	-58.856693
18669.287109	-59.165920
18690.820312	-59.926895
18712.353516	-59.917549
18733.886719	-60.365181
18755.419922	-60.251484
18776.953125	-60.627335
18798.486328	-61.756721
18820.019531	-61.987804
18841.552734	-60.877892
18863.085938	-61.010059
18884.619141	-62.428288
18906.152344	-62.225079
18927.685547	-61.990414
18949.218750	-62.712353
18970.751953	-63.462044
18992.285156	-62.629406
19013.818359	-63.003693
19035.351562	-63.780964
19056.884766	-63.775894
19078.417969	-63.691803
19099.951172	-64.646698
19121.484375	-64.656006
19143.017578	-65.688095
19164.550781	-66.434624
19186.083984	-66.184868
19207.617188	-67.314377
19229.150391	-67.065102
19250.683594	-66.952744
19272.216797	-67.496986
19293.750000	-67.801811
19315.283203	-69.297272
19336.816406	-69.504936
19358.349609	-70.238152
19379.882812	-69.811996
19401.416016	-69.955818
19422.949219	-70.486229
19444.482422	-71.217010
19466.015625	-71.491669
19487.548828	-72.071648
19509.082031	-72.652771
19530.615234	-72.780075
19552.148438	-73.424210
19573.681641	-74.491547
19595.214844	-74.646194
19616.748047	-74.714142
19638.281250	-75.985466
19659.814453	-76.111397
19681.347656	-75.709969
19702.880859	-76.852089
19724.414062	-78.377014
19745.947266	-78.532799
19767.480469	-79.907539
19789.013672	-80.752609
19810.546875	-80.946266
19832.080078	-81.352348
19853.613281	-82.291481
19875.146484	-82.667175
19896.679688	-83.394997
19918.212891	-84.500549
19939.746094	-85.393463
19961.279297	-86.649414
19982.812500	-86.521385
20004.345703	-86.312653
20025.878906	-87.074387
20047.412109	-88.314217
20068.945312	-89.098900
20090.478516	-90.135300
20112.011719	-91.654709
20133.544922	-91.999588
20155.078125	-93.015015
20176.611328	-94.314423
20198.144531	-95.726845
20219.677734	-96.155380
20241.210938	-96.050468
20262.744141	-97.460472
20284.277344	-98.745529
20305.810547	-99.309959
20327.343750	-100.556458
20348.876953	-102.148529
20370.410156	-103.250397
20391.943359	-104.132774
20413.476562	-104.296471
20435.009766	-104.714958
20456.542969	-105.903702
20478.076172	-107.643646
20499.609375	-109.447281
20521.142578	-110.547394
20542.675781	-110.807251
20564.208984	-112.260849
20585.742188	-113.426392
20607.275391	-115.562775
20628.808594	-117.651306
20650.341797	-118.088768
20671.875000	-118.624924
20693.408203	-119.455147
20714.941406	-121.206459
20736.474609	-123.054169
20758.007812	-124.529007
20779.541016	-125.618393
20801.074219	-126.908020
20822.607422	-128.582840
20844.140625	-129.606995
20865.673828	-130.301727
20887.207031	-132.298248
20908.740234	-133.836853
20930.273438	-135.872391
20951.806641	-136.837830
20973.339844	-137.343246
20994.873047	-138.983963
21016.406250	-140.815460
21037.939453	-142.625549
21059.472656	-144.081818
21081.005859	-144.957840
21102.539062	-146.530167
21124.072266	-147.939056
21145.605469	-149.438461
21167.138672	-151.152191
21188.671875	-152.400757
21210.205078	-153.102127
21231.738281	-154.223602
21253.271484	-155.401382
21274.804688	-157.263000
21296.337891	-158.373489
21317.871094	-159.688889
21339.404297	-160.953491
21360.937500	-163.271469
21382.470703	-164.665192
21404.003906	-165.754257
21425.537109	-166.394516
21447.070312	-167.193314
21468.603516	-167.682175
21490.136719	-169.900955
21511.669922	-170.660065
21533.203125	-171.850067
21554.736328	-171.057709
21576.269531	-172.393906
21597.802734	-171.976395
21619.335938	-172.998077
21640.869141	-174.126053
21662.402344	-173.048523
21683.935547	-173.116623
21705.468750	-172.221909
21727.001953	-173.011383
21748.535156	-171.530991
21770.068359	-171.987656
21791.601562	-172.248795
21813.134766	-172.721222
21834.667969	-171.334076
21856.201172	-172.025116
21877.734375	-170.917374
21899.267578	-170.445435
21920.800781	-170.786285
21942.333984	-172.137466
21963.867188	-170.190826
21985.400391	-167.995987
22006.933594	-166.668503
22028.466797	-166.176804
