Frequency (Hz)	Level (dB)
21.533203	-36.941799
43.066406	-33.568375
64.599609	-31.806276
86.132812	-32.143204
107.666016	-31.580055
129.199219	-31.656012
150.732422	-31.910831
172.265625	-32.327038
193.798828	-31.511559
215.332031	-31.673191
236.865234	-32.582485
258.398438	-32.178432
279.931641	-31.938192
301.464844	-32.434502
322.998047	-32.367004
344.531250	-32.559605
366.064453	-31.609035
387.597656	-32.757195
409.130859	-33.402447
430.664062	-32.428833
452.197266	-32.442089
473.730469	-32.570881
495.263672	-32.420128
516.796875	-32.913334
538.330078	-33.057449
559.863281	-32.399559
581.396484	-32.277824
602.929688	-31.202166
624.462891	-31.422922
645.996094	-31.862089
667.529297	-32.192009
689.062500	-32.576180
710.595703	-31.920658
732.128906	-31.797995
753.662109	-31.890335
775.195312	-32.250381
796.728516	-32.379536
818.261719	-32.662975
839.794922	-32.721531
861.328125	-32.750233
882.861328	-33.140419
904.394531	-33.188461
925.927734	-33.760883
947.460938	-33.190964
968.994141	-33.602432
990.527344	-34.050426
1012.060547	-33.708191
1033.593750	-33.872822
1055.126953	-34.154644
1076.660156	-33.719547
1098.193359	-34.109592
1119.726562	-34.697453
1141.259766	-35.272430
1162.792969	-35.251774
1184.326172	-35.796391
1205.859375	-35.546093
1227.392578	-35.277634
1248.925781	-35.538952
1270.458984	-35.736313
1291.992188	-36.296387
1313.525391	-35.865364
1335.058594	-36.664810
1356.591797	-36.170399
1378.125000	-34.806286
1399.658203	-34.952412
1421.191406	-36.040634
1442.724609	-36.956390
1464.257812	-37.442535
1485.791016	-37.013775
1507.324219	-36.603180
1528.857422	-37.049553
1550.390625	-37.138901
1571.923828	-37.162418
1593.457031	-36.338200
1614.990234	-36.583263
1636.523438	-37.559193
1658.056641	-37.900517
1679.589844	-37.223049
1701.123047	-37.101379
1722.656250	-37.469078
1744.189453	-37.664600
1765.722656	-37.284843
1787.255859	-37.702126
1808.789062	-38.201107
1830.322266	-37.882378
1851.855469	-38.152870
1873.388672	-38.824680
1894.921875	-39.486019
1916.455078	-39.090866
1937.988281	-39.400738
1959.521484	-39.868954
1981.054688	-39.246723
2002.587891	-39.650906
2024.121094	-39.879570
2045.654297	-39.620895
2067.187500	-38.889229
2088.720703	-39.811199
2110.253906	-40.328506
2131.787109	-40.049335
2153.320312	-39.936543
2174.853516	-39.638172
2196.386719	-40.058735
2217.919922	-40.394913
2239.453125	-40.093651
2260.986328	-40.547302
2282.519531	-40.498051
2304.052734	-39.940712
2325.585938	-40.784931
2347.119141	-41.067303
2368.652344	-40.409954
2390.185547	-41.125347
2411.718750	-41.474861
2433.251953	-41.072319
2454.785156	-41.207447
2476.318359	-41.322609
2497.851562	-41.419662
2519.384766	-41.506886
2540.917969	-42.041519
2562.451172	-42.163052
2583.984375	-41.660229
2605.517578	-41.550537
2627.050781	-42.128613
2648.583984	-42.115021
2670.117188	-41.888630
2691.650391	-41.955257
2713.183594	-42.198582
2734.716797	-42.637367
2756.250000	-42.708702
2777.783203	-42.940819
2799.316406	-42.433998
2820.849609	-42.919960
2842.382812	-43.167183
2863.916016	-43.164223
2885.449219	-43.385532
2906.982422	-43.196301
2928.515625	-43.238510
2950.048828	-43.101963
2971.582031	-43.124397
2993.115234	-43.270195
3014.648438	-43.816681
3036.181641	-44.002037
3057.714844	-43.960739
3079.248047	-44.055882
3100.781250	-43.978458
3122.314453	-44.152042
3143.847656	-44.399624
3165.380859	-44.180935
3186.914062	-44.110573
3208.447266	-44.079338
3229.980469	-44.167717
3251.513672	-44.311958
3273.046875	-44.508041
3294.580078	-44.375740
3316.113281	-44.752880
3337.646484	-44.736950
3359.179688	-44.783974
3380.712891	-45.288017
3402.246094	-45.496265
3423.779297	-46.097408
3445.312500	-45.341892
3466.845703	-45.311131
3488.378906	-45.736340
3509.912109	-46.185295
3531.445312	-46.468143
3552.978516	-45.860374
3574.511719	-45.336445
3596.044922	-46.149307
3617.578125	-46.538925
3639.111328	-46.109634
3660.644531	-45.964966
3682.177734	-45.899773
3703.710938	-47.007504
3725.244141	-46.924877
3746.777344	-47.058987
3768.310547	-47.270294
3789.843750	-47.648094
3811.376953	-47.624699
3832.910156	-47.188049
3854.443359	-46.963177
3875.976562	-46.884769
3897.509766	-47.469509
3919.042969	-47.058613
3940.576172	-47.144691
3962.109375	-48.072277
3983.642578	-47.801758
4005.175781	-47.427151
4026.708984	-47.962444
4048.242188	-47.855755
4069.775391	-47.691532
4091.308594	-47.849117
4112.841797	-48.030346
4134.375000	-48.156242
4155.908203	-48.391460
4177.441406	-48.191742
4198.974609	-48.371510
4220.507812	-49.004890
4242.041016	-48.154598
4263.574219	-47.891525
4285.107422	-48.441483
4306.640625	-48.888145
4328.173828	-49.862854
4349.707031	-49.322414
4371.240234	-48.974068
4392.773438	-49.561268
4414.306641	-50.098434
4435.839844	-49.742668
4457.373047	-50.091080
4478.906250	-49.836750
4500.439453	-50.332020
4521.972656	-49.812355
4543.505859	-49.360325
4565.039062	-50.811234
4586.572266	-50.208233
4608.105469	-50.091877
4629.638672	-50.151413
4651.171875	-50.083801
4672.705078	-50.520962
4694.238281	-50.727142
4715.771484	-50.437901
4737.304688	-50.631126
4758.837891	-51.106110
4780.371094	-50.609184
4801.904297	-50.102264
4823.437500	-51.056396
4844.970703	-51.320225
4866.503906	-51.245281
4888.037109	-51.771091
4909.570312	-51.203781
4931.103516	-51.422783
4952.636719	-50.978642
4974.169922	-51.184803
4995.703125	-51.897106
5017.236328	-52.156292
5038.769531	-52.113167
5060.302734	-52.419743
5081.835938	-52.105778
5103.369141	-52.503654
5124.902344	-53.542961
5146.435547	-53.221828
5167.968750	-53.096916
5189.501953	-52.846500
5211.035156	-52.651516
5232.568359	-52.550629
5254.101562	-52.361561
5275.634766	-52.511173
5297.167969	-52.343678
5318.701172	-53.450352
5340.234375	-52.958229
5361.767578	-52.163933
5383.300781	-52.860680
5404.833984	-53.826412
5426.367188	-53.417770
5447.900391	-53.162327
5469.433594	-53.313210
5490.966797	-53.597115
5512.500000	-54.050266
5534.033203	-54.814449
5555.566406	-54.616238
5577.099609	-54.139782
5598.632812	-54.325226
5620.166016	-53.676712
5641.699219	-53.267906
5663.232422	-54.263313
5684.765625	-54.566456
5706.298828	-54.211456
5727.832031	-53.851196
5749.365234	-54.817284
5770.898438	-55.264824
5792.431641	-54.483082
5813.964844	-54.999348
5835.498047	-55.694595
5857.031250	-55.470982
5878.564453	-55.241600
5900.097656	-55.409130
5921.630859	-55.460564
5943.164062	-55.667847
5964.697266	-54.923435
5986.230469	-55.401264
6007.763672	-55.906914
6029.296875	-55.625210
6050.830078	-55.466827
6072.363281	-56.017376
6093.896484	-56.527996
6115.429688	-56.262741
6136.962891	-56.325867
6158.496094	-55.856915
6180.029297	-56.370327
6201.562500	-56.470608
6223.095703	-55.970783
6244.628906	-56.683769
6266.162109	-56.821159
6287.695312	-56.638866
6309.228516	-56.588432
6330.761719	-56.543888
6352.294922	-57.065548
6373.828125	-56.958790
6395.361328	-56.967297
6416.894531	-56.901199
6438.427734	-57.169582
6459.960938	-57.344078
6481.494141	-57.938030
6503.027344	-57.686306
6524.560547	-56.415855
6546.093750	-57.289112
6567.626953	-57.507565
6589.160156	-57.660389
6610.693359	-58.201927
6632.226562	-58.086376
6653.759766	-58.104877
6675.292969	-58.287544
6696.826172	-58.625320
6718.359375	-58.434208
6739.892578	-58.818111
6761.425781	-58.810108
6782.958984	-59.027229
6804.492188	-59.253372
6826.025391	-58.735748
6847.558594	-58.365768
6869.091797	-59.715355
6890.625000	-59.095062
6912.158203	-58.943054
6933.691406	-59.720119
6955.224609	-58.967304
6976.757812	-58.656612
6998.291016	-59.065300
7019.824219	-59.357407
7041.357422	-59.658333
7062.890625	-59.799686
7084.423828	-60.104721
7105.957031	-59.712082
7127.490234	-60.605289
7149.023438	-60.428783
7170.556641	-60.282059
7192.089844	-59.761387
7213.623047	-60.037830
7235.156250	-60.275787
7256.689453	-60.356899
7278.222656	-60.755844
7299.755859	-60.386429
7321.289062	-60.169971
7342.822266	-61.112331
7364.355469	-61.261635
7385.888672	-61.046719
7407.421875	-60.704632
7428.955078	-60.565334
7450.488281	-60.574375
7472.021484	-60.798698
7493.554688	-61.418198
7515.087891	-61.576916
7536.621094	-61.281460
7558.154297	-61.197502
7579.687500	-61.110199
7601.220703	-60.769341
7622.753906	-61.761250
7644.287109	-62.133949
7665.820312	-61.568985
7687.353516	-61.569363
7708.886719	-62.468430
7730.419922	-62.907486
7751.953125	-62.577015
7773.486328	-62.322479
7795.019531	-62.658112
7816.552734	-62.570553
7838.085938	-62.845501
7859.619141	-63.179745
7881.152344	-61.929092
7902.685547	-61.847385
7924.218750	-62.783188
7945.751953	-64.215347
7967.285156	-63.611015
7988.818359	-63.452320
8010.351562	-63.552513
8031.884766	-63.528954
8053.417969	-63.892559
8074.951172	-63.234673
8096.484375	-63.829498
8118.017578	-63.514927
8139.550781	-63.285603
8161.083984	-62.948792
8182.617188	-62.753498
8204.150391	-62.839214
8225.683594	-62.977787
8247.216797	-64.046631
8268.750000	-63.683720
8290.283203	-63.885197
8311.816406	-64.697304
8333.349609	-64.307678
8354.882812	-64.109406
8376.416016	-64.008415
8397.949219	-64.117104
8419.482422	-64.545792
8441.015625	-64.875542
8462.548828	-65.404160
8484.082031	-65.019493
8505.615234	-64.737564
8527.148438	-65.351379
8548.681641	-64.869385
8570.214844	-65.195976
8591.748047	-65.296440
8613.281250	-65.478256
8634.814453	-66.008118
8656.347656	-65.509949
8677.880859	-64.934700
8699.414062	-65.745712
8720.947266	-65.786652
8742.480469	-66.142052
8764.013672	-66.303459
8785.546875	-65.826256
8807.080078	-65.963264
8828.613281	-66.861313
8850.146484	-65.646584
8871.679688	-65.390610
8893.212891	-66.230476
8914.746094	-65.916687
8936.279297	-66.388847
8957.812500	-66.836845
8979.345703	-67.011414
9000.878906	-66.512405
9022.412109	-66.806839
9043.945312	-66.540527
9065.478516	-65.827751
9087.011719	-66.497086
9108.544922	-67.192574
9130.078125	-67.405396
9151.611328	-67.036888
9173.144531	-67.054092
9194.677734	-67.180611
9216.210938	-66.736534
9237.744141	-67.372742
9259.277344	-67.084732
9280.810547	-66.883545
9302.343750	-67.030106
9323.876953	-68.002983
9345.410156	-67.978676
9366.943359	-67.655594
9388.476562	-67.473877
9410.009766	-67.414314
9431.542969	-67.584427
9453.076172	-67.965897
9474.609375	-67.654434
9496.142578	-67.991051
9517.675781	-68.955116
9539.208984	-68.214348
9560.742188	-68.200935
9582.275391	-68.075356
9603.808594	-67.722305
9625.341797	-67.692253
9646.875000	-68.137482
9668.408203	-68.839035
9689.941406	-68.505936
9711.474609	-67.720818
9733.007812	-68.592415
9754.541016	-68.791748
9776.074219	-67.670837
9797.607422	-67.959564
9819.140625	-69.601189
9840.673828	-69.831062
9862.207031	-69.861397
9883.740234	-70.007385
9905.273438	-70.150749
9926.806641	-70.000603
9948.339844	-70.135262
9969.873047	-70.281807
9991.406250	-70.126137
10012.939453	-70.034676
10034.472656	-70.512253
10056.005859	-70.015388
10077.539062	-70.192322
10099.072266	-70.428131
10120.605469	-70.103714
10142.138672	-69.745018
10163.671875	-70.444496
10185.205078	-70.711227
10206.738281	-70.178238
10228.271484	-69.968727
10249.804688	-70.042114
10271.337891	-70.637299
10292.871094	-69.811058
10314.404297	-69.960472
10335.937500	-70.795975
10357.470703	-70.930275
10379.003906	-71.007141
10400.537109	-70.642044
10422.070312	-70.781693
10443.603516	-70.877876
10465.136719	-71.282295
10486.669922	-71.168549
10508.203125	-70.369827
10529.736328	-69.847343
10551.269531	-71.008118
10572.802734	-71.138184
10594.335938	-71.196297
10615.869141	-71.155861
10637.402344	-71.386650
10658.935547	-71.517357
10680.468750	-72.034431
10702.001953	-72.238914
10723.535156	-71.646202
10745.068359	-71.570450
10766.601562	-71.146172
10788.134766	-71.560104
10809.667969	-72.673073
10831.201172	-72.583221
10852.734375	-72.218018
10874.267578	-72.608658
10895.800781	-72.518631
10917.333984	-72.073303
10938.867188	-72.595230
10960.400391	-72.552345
10981.933594	-72.230591
11003.466797	-72.796494
11025.000000	-72.939705
11046.533203	-72.615234
11068.066406	-72.689171
11089.599609	-73.165070
11111.132812	-73.622124
11132.666016	-73.198540
11154.199219	-73.644501
11175.732422	-73.911980
11197.265625	-73.936523
11218.798828	-74.086853
11240.332031	-73.333054
11261.865234	-73.647438
11283.398438	-73.765968
11304.931641	-72.944344
11326.464844	-73.475052
11347.998047	-74.252106
11369.531250	-73.784409
11391.064453	-73.912880
11412.597656	-74.160187
11434.130859	-74.070679
11455.664062	-74.297554
11477.197266	-74.438675
11498.730469	-74.245003
11520.263672	-74.196434
11541.796875	-74.852005
11563.330078	-74.926224
11584.863281	-75.006958
11606.396484	-75.570297
11627.929688	-75.034386
11649.462891	-74.824959
11670.996094	-75.077461
11692.529297	-75.018402
11714.062500	-75.458633
11735.595703	-74.664459
11757.128906	-74.430183
11778.662109	-74.757088
11800.195312	-75.829887
11821.728516	-75.529030
11843.261719	-74.807190
11864.794922	-75.284500
11886.328125	-75.529053
11907.861328	-75.657204
11929.394531	-75.635223
11950.927734	-75.977821
11972.460938	-76.120140
11993.994141	-75.937614
12015.527344	-75.128571
12037.060547	-75.306435
12058.593750	-75.606255
12080.126953	-75.890594
12101.660156	-75.656555
12123.193359	-75.909622
12144.726562	-75.408340
12166.259766	-76.163292
12187.792969	-76.743675
12209.326172	-77.100914
12230.859375	-76.449272
12252.392578	-76.342148
12273.925781	-76.750824
12295.458984	-77.126091
12316.992188	-76.813393
12338.525391	-76.919884
12360.058594	-76.962563
12381.591797	-77.070702
12403.125000	-76.406181
12424.658203	-76.206444
12446.191406	-77.260818
12467.724609	-77.269951
12489.257812	-77.544098
12510.791016	-77.781242
12532.324219	-77.332199
12553.857422	-76.902206
12575.390625	-77.658600
12596.923828	-77.472038
12618.457031	-77.295639
12639.990234	-77.406715
12661.523438	-77.565536
12683.056641	-77.517601
12704.589844	-76.920998
12726.123047	-77.142426
12747.656250	-77.469574
12769.189453	-78.097450
12790.722656	-78.625198
12812.255859	-78.117798
12833.789062	-78.552155
12855.322266	-78.588768
12876.855469	-78.409386
12898.388672	-78.088287
12919.921875	-78.379875
12941.455078	-78.416023
12962.988281	-78.845192
12984.521484	-79.165085
13006.054688	-79.387306
13027.587891	-79.089455
13049.121094	-78.973915
13070.654297	-78.500755
13092.187500	-78.866905
13113.720703	-78.958984
13135.253906	-78.993011
13156.787109	-78.797783
13178.320312	-78.865479
13199.853516	-79.405998
13221.386719	-78.904892
13242.919922	-79.434280
13264.453125	-79.366768
13285.986328	-79.457687
13307.519531	-79.384331
13329.052734	-79.034515
13350.585938	-79.467316
13372.119141	-78.673790
13393.652344	-79.309242
13415.185547	-79.901901
13436.718750	-79.511383
13458.251953	-80.054482
13479.785156	-80.577049
13501.318359	-80.737854
13522.851562	-80.452721
13544.384766	-79.884987
13565.917969	-80.361717
13587.451172	-79.841911
13608.984375	-80.008629
13630.517578	-79.935501
13652.050781	-79.957741
13673.583984	-80.147049
13695.117188	-80.713501
13716.650391	-81.222931
13738.183594	-81.324165
13759.716797	-81.340561
13781.250000	-81.118759
13802.783203	-80.812981
13824.316406	-80.448853
13845.849609	-80.826767
13867.382812	-80.875717
13888.916016	-80.850136
13910.449219	-81.279388
13931.982422	-80.851463
13953.515625	-80.884155
13975.048828	-81.593323
13996.582031	-82.204025
14018.115234	-81.564270
14039.648438	-81.112694
14061.181641	-81.690750
14082.714844	-81.807182
14104.248047	-81.892937
14125.781250	-81.490074
14147.314453	-81.702728
14168.847656	-82.728493
14190.380859	-82.239555
14211.914062	-81.592789
14233.447266	-81.600700
14254.980469	-81.684372
14276.513672	-82.424171
14298.046875	-82.288361
14319.580078	-81.919800
14341.113281	-81.677528
14362.646484	-82.072487
14384.179688	-82.221924
14405.712891	-81.771088
14427.246094	-82.924454
14448.779297	-83.512619
14470.312500	-82.933792
14491.845703	-82.410233
14513.378906	-82.870483
14534.912109	-82.377594
14556.445312	-82.476036
14577.978516	-83.537178
14599.511719	-84.483780
14621.044922	-84.099228
14642.578125	-83.545181
14664.111328	-83.675713
14685.644531	-83.966827
14707.177734	-83.495445
14728.710938	-83.512398
14750.244141	-84.100220
14771.777344	-83.702705
14793.310547	-83.329880
14814.843750	-83.682541
14836.376953	-83.697044
14857.910156	-83.473656
14879.443359	-83.131096
14900.976562	-83.273354
14922.509766	-83.808899
14944.042969	-84.289680
14965.576172	-84.513779
14987.109375	-83.927063
15008.642578	-83.477516
15030.175781	-83.978760
15051.708984	-84.388031
15073.242188	-84.313354
15094.775391	-84.358864
15116.308594	-83.997864
15137.841797	-84.406036
15159.375000	-84.183548
15180.908203	-84.061996
15202.441406	-84.523895
15223.974609	-83.903549
15245.507812	-84.555710
15267.041016	-85.369362
15288.574219	-85.137474
15310.107422	-85.476341
15331.640625	-84.846497
15353.173828	-84.745293
15374.707031	-84.429733
15396.240234	-84.616982
15417.773438	-85.124268
15439.306641	-85.222664
15460.839844	-85.340767
15482.373047	-85.834030
15503.906250	-85.411125
15525.439453	-86.060158
15546.972656	-85.333122
15568.505859	-85.674774
15590.039062	-86.353027
15611.572266	-86.024139
15633.105469	-85.997711
15654.638672	-85.624992
15676.171875	-85.675781
15697.705078	-85.907448
15719.238281	-86.426880
15740.771484	-86.111481
15762.304688	-86.130623
15783.837891	-86.569710
15805.371094	-86.812241
15826.904297	-85.922562
15848.437500	-85.725609
15869.970703	-86.116570
15891.503906	-86.751724
15913.037109	-86.721931
15934.570312	-86.893158
15956.103516	-86.465965
15977.636719	-86.640358
15999.169922	-86.103745
16020.703125	-86.177956
16042.236328	-87.144424
16063.769531	-86.831795
16085.302734	-86.988655
16106.835938	-86.369781
16128.369141	-86.013527
16149.902344	-86.616875
16171.435547	-86.796951
16192.968750	-86.562279
16214.501953	-86.314880
16236.035156	-87.128250
16257.568359	-87.198807
16279.101562	-87.267105
16300.634766	-87.663628
16322.167969	-87.342911
16343.701172	-87.420288
16365.234375	-87.901337
16386.767578	-88.236382
16408.300781	-88.391983
16429.833984	-87.829224
16451.367188	-87.508163
16472.900391	-87.240822
16494.433594	-87.818710
16515.966797	-88.275833
16537.500000	-88.657738
16559.033203	-88.921074
16580.566406	-88.474861
16602.099609	-88.008949
16623.632812	-88.613373
16645.166016	-88.064545
16666.699219	-88.473434
16688.232422	-88.335526
16709.765625	-88.298744
16731.298828	-88.333931
16752.832031	-88.513008
16774.365234	-89.060524
16795.898438	-88.633636
16817.431641	-88.439209
16838.964844	-88.819099
16860.498047	-89.304939
16882.031250	-88.771095
16903.564453	-88.594009
16925.097656	-89.377548
16946.630859	-89.788185
16968.164062	-89.257324
16989.697266	-89.623695
17011.230469	-89.704391
17032.763672	-89.125237
17054.296875	-90.317299
17075.830078	-90.827850
17097.363281	-89.887718
17118.896484	-90.059883
17140.429688	-90.007866
17161.962891	-90.629539
17183.496094	-90.737816
17205.029297	-90.061752
17226.562500	-89.829414
17248.095703	-90.512047
17269.628906	-90.046593
17291.162109	-90.108131
17312.695312	-89.720520
17334.228516	-90.863457
17355.761719	-90.522537
17377.294922	-90.304649
17398.828125	-90.399460
17420.361328	-90.285103
17441.894531	-90.281334
17463.427734	-90.543518
17484.960938	-90.696503
17506.494141	-90.907356
17528.027344	-90.818146
17549.560547	-90.911682
17571.093750	-91.769684
17592.626953	-91.289162
17614.160156	-91.140877
17635.693359	-91.408287
17657.226562	-91.079735
17678.759766	-91.812683
17700.292969	-91.901672
17721.826172	-92.458488
17743.359375	-91.923660
17764.892578	-91.188141
17786.425781	-91.326942
17807.958984	-91.678108
17829.492188	-91.778351
17851.025391	-92.127457
17872.558594	-91.813118
17894.091797	-92.004242
17915.625000	-92.404488
17937.158203	-92.759911
17958.691406	-92.629509
17980.224609	-92.323532
18001.757812	-92.473457
18023.291016	-92.848976
18044.824219	-93.306099
18066.357422	-92.755562
18087.890625	-92.535667
18109.423828	-92.271263
18130.957031	-92.674820
18152.490234	-92.361786
18174.023438	-92.439026
18195.556641	-92.326218
18217.089844	-92.642426
18238.623047	-92.820282
18260.156250	-93.324409
18281.689453	-92.846428
18303.222656	-93.144707
18324.755859	-93.862625
18346.289062	-93.195518
18367.822266	-93.658150
18389.355469	-93.834412
18410.888672	-94.211723
18432.421875	-93.848488
18453.955078	-93.331841
18475.488281	-93.914635
18497.021484	-93.586655
18518.554688	-93.276886
18540.087891	-93.939812
18561.621094	-94.173576
18583.154297	-94.875565
18604.687500	-94.552086
18626.220703	-94.081184
18647.753906	-94.485916
18669.287109	-93.947121
18690.820312	-94.028419
18712.353516	-94.334717
18733.886719	-94.497154
18755.419922	-94.042969
18776.953125	-94.069550
18798.486328	-93.550919
18820.019531	-93.633888
18841.552734	-94.218178
18863.085938	-94.404289
18884.619141	-95.209343
18906.152344	-95.170616
18927.685547	-94.826294
18949.218750	-95.910873
18970.751953	-95.593307
18992.285156	-95.327179
19013.818359	-95.559685
19035.351562	-95.575874
19056.884766	-96.030479
19078.417969	-95.929054
19099.951172	-95.638298
19121.484375	-96.415657
19143.017578	-96.731819
19164.550781	-97.182068
19186.083984	-96.725548
19207.617188	-96.831451
19229.150391	-96.512802
19250.683594	-95.869713
19272.216797	-96.373627
19293.750000	-97.630478
19315.283203	-97.970009
19336.816406	-97.431625
19358.349609	-97.822464
19379.882812	-98.159195
19401.416016	-98.161407
19422.949219	-98.819817
19444.482422	-99.391312
19466.015625	-98.372490
19487.548828	-98.278229
19509.082031	-99.143463
19530.615234	-99.488930
19552.148438	-99.455650
19573.681641	-99.072739
19595.214844	-99.527283
19616.748047	-99.175499
19638.281250	-99.143967
19659.814453	-100.447037
19681.347656	-101.084038
19702.880859	-100.688553
19724.414062	-100.375832
19745.947266	-100.823265
19767.480469	-101.553368
19789.013672	-102.181564
19810.546875	-103.083984
19832.080078	-102.982063
19853.613281	-102.311707
19875.146484	-102.684074
19896.679688	-103.088974
19918.212891	-103.501007
19939.746094	-103.829208
19961.279297	-104.669189
19982.812500	-104.303833
20004.345703	-104.666138
20025.878906	-105.285042
20047.412109	-105.992569
20068.945312	-105.774307
20090.478516	-106.040512
20112.011719	-107.126915
20133.544922	-107.247017
20155.078125	-107.163498
20176.611328	-107.737663
20198.144531	-108.386063
20219.677734	-109.258087
20241.210938	-109.521027
20262.744141	-109.834335
20284.277344	-110.168465
20305.810547	-111.059319
20327.343750	-111.854912
20348.876953	-111.878395
20370.410156	-112.173248
20391.943359	-112.695084
20413.476562	-113.487297
20435.009766	-114.103477
20456.542969	-114.478989
20478.076172	-115.020164
20499.609375	-115.399284
20521.142578	-116.205811
20542.675781	-116.788353
20564.208984	-117.590599
20585.742188	-118.824471
20607.275391	-118.762154
20628.808594	-119.915123
20650.341797	-120.552528
20671.875000	-120.709785
20693.408203	-121.308586
20714.941406	-122.125008
20736.474609	-122.848045
20758.007812	-123.189476
20779.541016	-123.826912
20801.074219	-125.444389
20822.607422	-126.987091
20844.140625	-126.680588
20865.673828	-127.955833
20887.207031	-128.673477
20908.740234	-128.027115
20930.273438	-129.660828
20951.806641	-130.483963
20973.339844	-131.297806
20994.873047	-132.444061
21016.406250	-133.672882
21037.939453	-134.592041
21059.472656	-135.155075
21081.005859	-135.831390
21102.539062	-136.905060
21124.072266	-137.940857
21145.605469	-138.616776
21167.138672	-140.067169
21188.671875	-141.137833
21210.205078	-142.094528
21231.738281	-144.598236
21253.271484	-145.896744
21274.804688	-147.090988
21296.337891	-147.150833
21317.871094	-147.934586
21339.404297	-150.453110
21360.937500	-151.433426
21382.470703	-151.746078
21404.003906	-153.950012
21425.537109	-156.348907
21447.070312	-157.004669
21468.603516	-158.025726
21490.136719	-159.657516
21511.669922	-161.352051
21533.203125	-162.765030
21554.736328	-164.005325
21576.269531	-165.512024
21597.802734	-167.134155
21619.335938	-169.024124
21640.869141	-171.224243
21662.402344	-172.005997
21683.935547	-172.295258
21705.468750	-173.572479
21727.001953	-174.726624
21748.535156	-175.038559
21770.068359	-175.373306
21791.601562	-175.189453
21813.134766	-174.936356
21834.667969	-175.515671
21856.201172	-176.322403
21877.734375	-175.863037
21899.267578	-175.267410
21920.800781	-175.862793
21942.333984	-175.621155
21963.867188	-176.044357
21985.400391	-176.273941
22006.933594	-175.993591
22028.466797	-178.339233
