Frequency (Hz)	Level (dB)
43.066406	-29.915306
86.132812	-27.839720
129.199219	-28.435177
172.265625	-28.176601
215.332031	-27.782677
258.398438	-28.183243
301.464844	-26.990189
344.531250	-27.240780
387.597656	-26.828602
430.664062	-25.773794
473.730469	-26.395878
516.796875	-25.707825
559.863281	-24.138634
602.929688	-23.588203
645.996094	-24.106260
689.062500	-24.783903
732.128906	-23.506073
775.195312	-22.087305
818.261719	-21.793505
861.328125	-22.399435
904.394531	-23.307962
947.460938	-22.142174
990.527344	-23.344465
1033.593750	-23.415586
1076.660156	-23.153915
1119.726562	-24.418089
1162.792969	-23.880081
1205.859375	-24.569658
1248.925781	-24.788740
1291.992188	-27.793888
1335.058594	-28.630751
1378.125000	-27.376690
1421.191406	-26.923830
1464.257812	-26.179987
1507.324219	-26.051182
1550.390625	-27.644979
1593.457031	-27.756323
1636.523438	-28.992414
1679.589844	-28.979544
1722.656250	-29.015821
1765.722656	-29.961826
1808.789062	-29.756611
1851.855469	-31.668669
1894.921875	-31.454603
1937.988281	-30.704411
1981.054688	-31.961039
2024.121094	-31.945415
2067.187500	-33.568470
2110.253906	-33.807281
2153.320312	-34.035145
2196.386719	-34.278843
2239.453125	-33.254517
2282.519531	-34.423565
2325.585938	-34.178986
2368.652344	-34.232277
2411.718750	-35.579872
2454.785156	-35.556442
2497.851562	-35.513443
2540.917969	-34.522514
2583.984375	-35.522968
2627.050781	-36.322151
2670.117188	-35.892750
2713.183594	-37.216000
2756.250000	-37.036102
2799.316406	-37.094227
2842.382812	-37.702251
2885.449219	-38.539341
2928.515625	-38.521107
2971.582031	-37.655315
3014.648438	-39.287144
3057.714844	-39.308353
3100.781250	-38.664112
3143.847656	-39.451153
3186.914062	-38.984818
3229.980469	-39.923904
3273.046875	-39.843151
3316.113281	-40.116489
3359.179688	-40.903915
3402.246094	-39.673260
3445.312500	-40.446480
3488.378906	-40.427177
3531.445312	-40.737221
3574.511719	-41.539742
3617.578125	-40.937771
3660.644531	-41.802074
3703.710938	-41.548183
3746.777344	-41.548805
3789.843750	-42.500034
3832.910156	-42.409473
3875.976562	-43.332302
3919.042969	-43.321136
3962.109375	-42.854313
4005.175781	-43.114712
4048.242188	-43.237305
4091.308594	-44.132774
4134.375000	-43.834644
4177.441406	-43.982384
4220.507812	-44.080036
4263.574219	-43.396675
4306.640625	-44.784275
4349.707031	-44.314373
4392.773438	-45.057671
4435.839844	-45.493313
4478.906250	-45.610065
4521.972656	-46.296410
4565.039062	-45.898434
4608.105469	-45.773041
4651.171875	-46.167915
4694.238281	-45.734249
4737.304688	-46.702271
4780.371094	-46.584084
4823.437500	-46.470291
4866.503906	-46.669128
4909.570312	-47.056911
4952.636719	-47.907135
4995.703125	-47.562519
5038.769531	-48.227310
5081.835938	-48.384895
5124.902344	-48.907158
5167.968750	-49.200687
5211.035156	-48.709606
5254.101562	-49.044716
5297.167969	-48.908268
5340.234375	-49.266182
5383.300781	-49.701294
5426.367188	-49.685715
5469.433594	-49.985153
5512.500000	-49.697437
5555.566406	-49.952225
5598.632812	-50.352772
5641.699219	-50.162487
5684.765625	-50.943958
5727.832031	-51.389313
5770.898438	-51.453728
5813.964844	-51.559536
5857.031250	-51.501369
5900.097656	-52.241623
5943.164062	-52.037289
5986.230469	-52.258919
6029.296875	-52.239681
6072.363281	-51.701954
6115.429688	-52.631378
6158.496094	-52.635986
6201.562500	-53.152161
6244.628906	-53.666611
6287.695312	-53.343906
6330.761719	-53.621414
6373.828125	-53.498898
6416.894531	-53.771492
6459.960938	-54.022072
6503.027344	-53.802517
6546.093750	-54.361172
6589.160156	-54.356327
6632.226562	-55.127842
6675.292969	-54.836479
6718.359375	-54.621475
6761.425781	-55.149128
6804.492188	-55.445316
6847.558594	-55.411118
6890.625000	-55.900383
6933.691406	-55.652534
6976.757812	-55.982750
7019.824219	-56.188747
7062.890625	-56.174637
7105.957031	-56.339607
7149.023438	-56.776787
7192.089844	-57.215004
7235.156250	-56.718731
7278.222656	-56.987774
7321.289062	-57.802643
7364.355469	-57.960243
7407.421875	-58.177959
7450.488281	-57.924603
7493.554688	-58.169285
7536.621094	-58.381538
7579.687500	-58.726204
7622.753906	-58.608086
7665.820312	-58.593639
7708.886719	-58.860947
7751.953125	-58.444012
7795.019531	-59.474556
7838.085938	-59.656418
7881.152344	-59.526569
7924.218750	-59.993401
7967.285156	-60.414562
8010.351562	-60.364727
8053.417969	-60.400784
8096.484375	-59.813774
8139.550781	-60.399723
8182.617188	-60.582355
8225.683594	-60.569073
8268.750000	-61.439125
8311.816406	-61.250351
8354.882812	-61.316738
8397.949219	-61.670387
8441.015625	-62.000607
8484.082031	-62.094883
8527.148438	-62.297771
8570.214844	-62.354397
8613.281250	-62.199112
8656.347656	-62.073448
8699.414062	-62.114700
8742.480469	-62.812561
8785.546875	-62.570087
8828.613281	-62.614273
8871.679688	-63.315407
8914.746094	-63.338482
8957.812500	-62.873585
9000.878906	-63.577290
9043.945312	-63.377365
9087.011719	-64.077003
9130.078125	-63.743275
9173.144531	-63.446899
9216.210938	-64.022758
9259.277344	-63.963562
9302.343750	-64.224380
9345.410156	-64.714035
9388.476562	-64.747864
9431.542969	-64.674675
9474.609375	-64.669060
9517.675781	-65.138168
9560.742188	-65.539085
9603.808594	-65.429543
9646.875000	-65.736885
9689.941406	-65.952682
9733.007812	-65.503029
9776.074219	-65.519608
9819.140625	-65.590141
9862.207031	-65.746658
9905.273438	-66.294022
9948.339844	-66.478180
9991.406250	-66.427513
10034.472656	-66.881989
10077.539062	-66.644287
10120.605469	-66.381477
10163.671875	-66.698959
10206.738281	-67.131844
10249.804688	-67.312729
10292.871094	-67.410156
10335.937500	-66.995071
10379.003906	-67.419357
10422.070312	-67.083427
10465.136719	-67.472847
10508.203125	-67.774513
10551.269531	-67.920647
10594.335938	-67.910309
10637.402344	-67.855797
10680.468750	-68.486290
10723.535156	-68.065804
10766.601562	-68.667915
10809.667969	-68.553070
10852.734375	-68.363113
10895.800781	-68.744904
10938.867188	-68.706131
10981.933594	-68.628670
11025.000000	-68.734055
11068.066406	-68.240723
11111.132812	-69.007568
11154.199219	-69.251060
11197.265625	-69.137497
11240.332031	-69.361885
11283.398438	-69.295349
11326.464844	-69.061600
11369.531250	-68.909950
11412.597656	-69.241051
11455.664062	-69.570511
11498.730469	-69.940636
11541.796875	-70.007584
11584.863281	-69.669724
11627.929688	-69.771637
11670.996094	-70.293312
11714.062500	-70.189636
11757.128906	-70.174690
11800.195312	-69.993538
11843.261719	-70.744431
11886.328125	-70.662682
11929.394531	-70.743225
11972.460938	-70.763954
12015.527344	-70.540031
12058.593750	-70.671585
12101.660156	-70.737106
12144.726562	-71.100838
12187.792969	-71.221748
12230.859375	-71.231255
12273.925781	-70.830078
12316.992188	-71.126198
12360.058594	-71.172363
12403.125000	-71.522423
12446.191406	-71.468819
12489.257812	-71.393936
12532.324219	-71.754692
12575.390625	-71.420624
12618.457031	-71.792587
12661.523438	-71.661575
12704.589844	-71.750740
12747.656250	-72.250504
12790.722656	-72.194008
12833.789062	-72.065430
12876.855469	-72.293831
12919.921875	-72.062820
12962.988281	-71.722115
13006.054688	-71.729095
13049.121094	-72.014511
13092.187500	-72.275986
13135.253906	-72.557259
13178.320312	-72.575653
13221.386719	-72.023621
13264.453125	-72.223450
13307.519531	-72.736397
13350.585938	-72.576691
13393.652344	-72.349312
13436.718750	-72.268173
13479.785156	-72.774750
13522.851562	-73.211090
13565.917969	-72.782516
13608.984375	-72.706688
13652.050781	-72.925209
13695.117188	-73.154572
13738.183594	-72.949112
13781.250000	-72.913040
13824.316406	-72.735329
13867.382812	-73.158272
13910.449219	-73.188599
13953.515625	-73.318535
13996.582031	-73.350128
14039.648438	-73.225082
14082.714844	-73.216934
14125.781250	-73.087715
14168.847656	-73.072693
14211.914062	-73.433289
14254.980469	-73.840302
14298.046875	-73.763992
14341.113281	-73.970261
14384.179688	-73.850388
14427.246094	-73.557426
14470.312500	-73.388725
14513.378906	-73.912643
14556.445312	-74.319199
14599.511719	-74.361473
14642.578125	-74.137390
14685.644531	-74.041985
14728.710938	-74.316895
14771.777344	-74.583031
14814.843750	-74.944038
14857.910156	-74.235275
14900.976562	-74.427147
14944.042969	-74.326469
14987.109375	-74.344017
15030.175781	-74.686356
15073.242188	-74.691658
15116.308594	-74.881523
15159.375000	-74.673592
15202.441406	-74.617622
15245.507812	-74.781075
15288.574219	-74.661270
15331.640625	-74.694832
15374.707031	-74.712837
15417.773438	-74.672066
15460.839844	-75.116508
15503.906250	-75.289192
15546.972656	-74.927673
15590.039062	-75.004250
15633.105469	-75.104950
15676.171875	-75.299278
15719.238281	-75.304306
15762.304688	-75.400238
15805.371094	-75.364944
15848.437500	-75.467430
15891.503906	-75.080215
15934.570312	-75.377052
15977.636719	-75.428993
16020.703125	-75.296341
16063.769531	-75.150810
16106.835938	-76.033577
16149.902344	-75.853645
16192.968750	-75.248070
16236.035156	-75.445534
16279.101562	-75.555313
16322.167969	-75.525909
16365.234375	-75.356720
16408.300781	-75.740936
16451.367188	-75.603439
16494.433594	-75.559006
16537.500000	-75.941307
16580.566406	-76.164467
16623.632812	-75.542053
16666.699219	-75.562080
16709.765625	-75.912590
16752.832031	-76.108643
16795.898438	-75.944809
16838.964844	-75.933807
16882.031250	-76.146248
16925.097656	-76.251991
16968.164062	-76.090897
17011.230469	-76.389923
17054.296875	-76.617424
17097.363281	-76.274078
17140.429688	-76.350197
17183.496094	-76.274323
17226.562500	-75.852943
17269.628906	-76.185593
17312.695312	-76.490028
17355.761719	-76.520660
17398.828125	-76.773209
17441.894531	-76.068726
17484.960938	-76.173882
17528.027344	-76.913872
17571.093750	-76.486221
17614.160156	-76.583191
17657.226562	-76.186897
17700.292969	-76.451981
17743.359375	-76.659737
17786.425781	-76.783409
17829.492188	-77.280952
17872.558594	-76.793922
17915.625000	-76.854301
17958.691406	-76.922791
18001.757812	-77.080811
18044.824219	-77.060646
18087.890625	-77.000809
18130.957031	-77.231316
18174.023438	-76.782913
18217.089844	-76.982483
18260.156250	-77.062454
18303.222656	-77.310547
18346.289062	-77.523239
18389.355469	-77.572266
18432.421875	-77.116539
18475.488281	-77.080345
18518.554688	-77.733955
18561.621094	-77.651833
18604.687500	-77.260689
18647.753906	-77.548630
18690.820312	-77.421921
18733.886719	-77.233505
18776.953125	-77.360222
18820.019531	-77.663071
18863.085938	-77.433273
18906.152344	-77.449829
18949.218750	-77.625435
18992.285156	-77.207664
19035.351562	-77.273758
19078.417969	-77.549965
19121.484375	-77.448288
19164.550781	-77.425346
19207.617188	-77.680679
19250.683594	-77.743721
19293.750000	-78.523415
19336.816406	-78.436974
19379.882812	-78.286308
19422.949219	-77.956886
19466.015625	-77.820290
19509.082031	-77.488182
19552.148438	-77.568253
19595.214844	-77.774727
19638.281250	-77.642235
19681.347656	-78.208122
19724.414062	-78.451889
19767.480469	-78.034164
19810.546875	-77.764137
19853.613281	-78.124504
19896.679688	-78.623985
19939.746094	-78.679222
19982.812500	-78.239807
20025.878906	-78.598610
20068.945312	-78.503799
20112.011719	-78.078217
20155.078125	-78.094612
20198.144531	-78.729301
20241.210938	-78.010666
20284.277344	-78.118958
20327.343750	-78.764526
20370.410156	-78.646484
20413.476562	-78.630356
20456.542969	-79.037926
20499.609375	-79.192322
20542.675781	-79.324814
20585.742188	-79.192322
20628.808594	-78.881668
20671.875000	-78.675011
20714.941406	-78.583656
20758.007812	-79.133362
20801.074219	-79.068459
20844.140625	-78.671326
20887.207031	-78.865784
20930.273438	-78.865173
20973.339844	-79.700241
21016.406250	-79.692444
21059.472656	-79.906059
21102.539062	-79.775330
21145.605469	-79.896271
21188.671875	-79.965141
21231.738281	-79.879776
21274.804688	-79.773102
21317.871094	-79.408562
21360.937500	-79.772362
21404.003906	-79.610855
21447.070312	-79.755867
21490.136719	-80.216393
21533.203125	-79.865685
21576.269531	-79.410896
21619.335938	-79.731766
21662.402344	-79.889320
21705.468750	-80.173271
21748.535156	-80.373634
21791.601562	-80.635284
21834.667969	-80.895531
21877.734375	-81.388000
21920.800781	-81.009041
21963.867188	-81.225716
22006.933594	-81.496605
