Frequency (Hz)	Level (dB)
21.533203	-36.080513
43.066406	-32.423882
64.599609	-30.408659
86.132812	-30.170374
107.666016	-29.413099
129.199219	-29.711939
150.732422	-29.482847
172.265625	-29.526014
193.798828	-29.177435
215.332031	-29.096445
236.865234	-30.286041
258.398438	-29.810177
279.931641	-29.346809
301.464844	-29.469912
322.998047	-29.295242
344.531250	-29.660555
366.064453	-29.117273
387.597656	-30.158400
409.130859	-30.724047
430.664062	-30.410536
452.197266	-30.818802
473.730469	-30.537188
495.263672	-30.142738
516.796875	-30.702232
538.330078	-31.152569
559.863281	-30.571409
581.396484	-30.144756
602.929688	-29.297270
624.462891	-29.686089
645.996094	-30.107639
667.529297	-30.745192
689.062500	-30.995579
710.595703	-30.108547
732.128906	-30.370199
753.662109	-30.579107
775.195312	-31.043566
796.728516	-31.015762
818.261719	-31.211773
839.794922	-31.378340
861.328125	-31.689077
882.861328	-31.759251
904.394531	-31.715904
925.927734	-32.167263
947.460938	-31.465561
968.994141	-31.753756
990.527344	-32.007435
1012.060547	-31.549204
1033.593750	-31.984434
1055.126953	-32.041271
1076.660156	-31.963720
1098.193359	-32.005737
1119.726562	-32.437675
1141.259766	-32.686447
1162.792969	-32.705650
1184.326172	-33.031670
1205.859375	-32.734364
1227.392578	-32.566017
1248.925781	-33.279205
1270.458984	-33.286846
1291.992188	-33.464695
1313.525391	-33.096584
1335.058594	-33.976120
1356.591797	-33.251694
1378.125000	-31.944160
1399.658203	-32.204479
1421.191406	-33.408115
1442.724609	-34.723694
1464.257812	-34.411781
1485.791016	-33.665882
1507.324219	-33.960594
1528.857422	-34.437019
1550.390625	-34.244167
1571.923828	-34.711121
1593.457031	-33.974548
1614.990234	-33.778915
1636.523438	-34.207100
1658.056641	-34.766438
1679.589844	-34.460938
1701.123047	-34.221733
1722.656250	-34.378563
1744.189453	-34.562218
1765.722656	-33.889084
1787.255859	-34.350567
1808.789062	-35.357777
1830.322266	-34.963509
1851.855469	-34.802250
1873.388672	-35.844631
1894.921875	-36.319370
1916.455078	-35.723728
1937.988281	-36.057037
1959.521484	-36.920261
1981.054688	-36.242172
2002.587891	-36.421925
2024.121094	-36.528221
2045.654297	-35.988213
2067.187500	-35.605717
2088.720703	-36.084393
2110.253906	-36.370892
2131.787109	-36.671879
2153.320312	-36.635612
2174.853516	-36.316769
2196.386719	-36.653214
2217.919922	-36.674248
2239.453125	-36.294079
2260.986328	-36.741451
2282.519531	-36.880589
2304.052734	-36.160114
2325.585938	-36.876831
2347.119141	-37.380959
2368.652344	-36.702217
2390.185547	-37.314476
2411.718750	-37.940170
2433.251953	-37.569832
2454.785156	-37.507812
2476.318359	-37.712112
2497.851562	-37.720585
2519.384766	-37.779404
2540.917969	-38.464325
2562.451172	-38.372414
2583.984375	-37.876728
2605.517578	-38.086525
2627.050781	-38.499657
2648.583984	-38.403255
2670.117188	-38.011383
2691.650391	-38.035240
2713.183594	-38.148899
2734.716797	-38.556774
2756.250000	-38.934639
2777.783203	-39.096821
2799.316406	-38.422619
2820.849609	-38.912292
2842.382812	-39.163067
2863.916016	-38.915649
2885.449219	-39.273998
2906.982422	-39.068741
2928.515625	-39.409096
2950.048828	-39.373810
2971.582031	-39.247341
2993.115234	-39.172348
3014.648438	-39.676636
3036.181641	-39.734650
3057.714844	-40.262619
3079.248047	-39.643997
3100.781250	-39.373783
3122.314453	-39.502922
3143.847656	-39.863171
3165.380859	-39.935421
3186.914062	-40.249023
3208.447266	-40.157413
3229.980469	-40.044247
3251.513672	-40.061092
3273.046875	-40.058689
3294.580078	-40.166912
3316.113281	-41.097698
3337.646484	-41.208061
3359.179688	-41.091469
3380.712891	-40.962673
3402.246094	-41.411579
3423.779297	-41.853371
3445.312500	-41.279133
3466.845703	-41.298641
3488.378906	-41.590244
3509.912109	-42.331127
3531.445312	-42.314789
3552.978516	-41.880405
3574.511719	-41.459393
3596.044922	-41.940937
3617.578125	-42.206322
3639.111328	-42.282295
3660.644531	-42.081806
3682.177734	-41.751526
3703.710938	-42.690887
3725.244141	-42.695080
3746.777344	-42.894440
3768.310547	-43.016026
3789.843750	-43.431412
3811.376953	-43.296570
3832.910156	-42.914150
3854.443359	-42.545261
3875.976562	-42.452042
3897.509766	-43.347137
3919.042969	-43.184422
3940.576172	-43.108223
3962.109375	-44.099964
3983.642578	-43.491234
4005.175781	-43.252514
4026.708984	-43.448475
4048.242188	-43.444855
4069.775391	-43.269608
4091.308594	-43.678665
4112.841797	-43.257839
4134.375000	-43.669567
4155.908203	-44.162601
4177.441406	-43.590115
4198.974609	-44.015083
4220.507812	-44.589722
4242.041016	-43.636864
4263.574219	-43.488831
4285.107422	-44.198952
4306.640625	-44.295494
4328.173828	-45.223690
4349.707031	-45.136078
4371.240234	-44.508308
4392.773438	-44.951172
4414.306641	-45.244579
4435.839844	-45.168324
4457.373047	-45.476921
4478.906250	-45.330486
4500.439453	-45.731464
4521.972656	-45.672600
4543.505859	-45.782219
4565.039062	-46.579163
4586.572266	-46.021278
4608.105469	-45.797531
4629.638672	-45.690880
4651.171875	-46.006779
4672.705078	-46.524410
4694.238281	-46.267002
4715.771484	-46.010960
4737.304688	-45.940075
4758.837891	-46.659489
4780.371094	-46.072277
4801.904297	-45.391788
4823.437500	-46.336594
4844.970703	-46.707844
4866.503906	-46.509995
4888.037109	-47.128742
4909.570312	-46.435593
4931.103516	-46.802486
4952.636719	-46.430534
4974.169922	-46.440571
4995.703125	-47.419521
5017.236328	-47.632351
5038.769531	-47.650528
5060.302734	-47.454735
5081.835938	-47.346867
5103.369141	-48.102146
5124.902344	-48.822369
5146.435547	-48.684689
5167.968750	-47.980198
5189.501953	-47.703785
5211.035156	-48.071873
5232.568359	-47.970009
5254.101562	-48.025059
5275.634766	-47.837093
5297.167969	-47.665894
5318.701172	-48.361713
5340.234375	-48.079063
5361.767578	-47.658894
5383.300781	-48.311085
5404.833984	-49.307678
5426.367188	-48.960503
5447.900391	-48.770504
5469.433594	-48.669647
5490.966797	-48.977612
5512.500000	-49.811626
5534.033203	-50.673409
5555.566406	-50.449818
5577.099609	-49.756424
5598.632812	-49.887493
5620.166016	-49.484615
5641.699219	-49.489861
5663.232422	-50.246502
5684.765625	-50.101933
5706.298828	-49.513329
5727.832031	-49.035469
5749.365234	-50.256153
5770.898438	-50.581467
5792.431641	-49.719494
5813.964844	-50.209625
5835.498047	-50.655483
5857.031250	-50.228138
5878.564453	-50.372051
5900.097656	-50.915890
5921.630859	-50.688297
5943.164062	-50.739353
5964.697266	-49.977730
5986.230469	-50.625614
6007.763672	-51.367294
6029.296875	-50.990242
6050.830078	-51.005878
6072.363281	-51.735016
6093.896484	-51.874466
6115.429688	-51.619263
6136.962891	-51.668095
6158.496094	-51.366760
6180.029297	-51.942757
6201.562500	-52.063892
6223.095703	-51.576794
6244.628906	-52.033955
6266.162109	-52.004593
6287.695312	-51.767254
6309.228516	-51.629692
6330.761719	-51.882633
6352.294922	-52.015308
6373.828125	-52.069370
6395.361328	-52.587753
6416.894531	-52.694702
6438.427734	-52.591576
6459.960938	-52.717400
6481.494141	-53.279346
6503.027344	-53.048424
6524.560547	-51.677914
6546.093750	-52.715652
6567.626953	-52.986221
6589.160156	-53.097698
6610.693359	-53.527679
6632.226562	-53.441040
6653.759766	-53.389339
6675.292969	-53.210693
6696.826172	-53.599377
6718.359375	-53.629723
6739.892578	-53.907806
6761.425781	-54.002602
6782.958984	-54.429768
6804.492188	-54.997112
6826.025391	-54.482006
6847.558594	-54.111317
6869.091797	-54.749851
6890.625000	-54.342113
6912.158203	-54.434040
6933.691406	-54.772491
6955.224609	-53.902412
6976.757812	-53.915031
6998.291016	-54.173923
7019.824219	-54.340012
7041.357422	-54.666119
7062.890625	-54.571827
7084.423828	-54.997360
7105.957031	-54.641636
7127.490234	-55.738396
7149.023438	-55.749062
7170.556641	-55.308262
7192.089844	-55.279865
7213.623047	-55.371311
7235.156250	-55.616299
7256.689453	-56.028397
7278.222656	-55.555775
7299.755859	-55.075302
7321.289062	-55.372444
7342.822266	-57.043560
7364.355469	-56.587524
7385.888672	-56.350506
7407.421875	-55.933880
7428.955078	-55.713615
7450.488281	-55.524857
7472.021484	-55.957485
7493.554688	-56.818893
7515.087891	-56.700054
7536.621094	-56.583359
7558.154297	-56.509525
7579.687500	-56.368526
7601.220703	-56.447521
7622.753906	-57.070148
7644.287109	-57.081230
7665.820312	-56.686005
7687.353516	-57.233994
7708.886719	-58.358822
7730.419922	-58.404148
7751.953125	-57.659069
7773.486328	-57.470306
7795.019531	-57.825817
7816.552734	-57.953815
7838.085938	-58.297131
7859.619141	-58.489201
7881.152344	-56.941654
7902.685547	-56.829494
7924.218750	-57.727509
7945.751953	-59.087383
7967.285156	-58.551731
7988.818359	-58.437756
8010.351562	-58.737156
8031.884766	-58.927982
8053.417969	-59.191933
8074.951172	-58.323490
8096.484375	-59.283104
8118.017578	-59.183323
8139.550781	-58.542904
8161.083984	-58.342850
8182.617188	-58.185753
8204.150391	-58.000496
8225.683594	-58.023453
8247.216797	-59.004616
8268.750000	-58.851562
8290.283203	-59.147556
8311.816406	-59.613445
8333.349609	-59.382729
8354.882812	-59.297646
8376.416016	-59.578114
8397.949219	-59.539295
8419.482422	-59.886238
8441.015625	-59.934071
8462.548828	-60.316452
8484.082031	-60.030964
8505.615234	-59.920383
8527.148438	-60.592442
8548.681641	-59.707573
8570.214844	-60.120487
8591.748047	-60.406113
8613.281250	-60.759235
8634.814453	-61.358932
8656.347656	-60.568314
8677.880859	-59.994549
8699.414062	-60.486404
8720.947266	-61.170216
8742.480469	-61.450001
8764.013672	-61.334656
8785.546875	-60.871174
8807.080078	-60.925274
8828.613281	-61.638382
8850.146484	-60.883049
8871.679688	-60.565685
8893.212891	-60.942661
8914.746094	-61.068417
8936.279297	-61.428810
8957.812500	-61.623077
8979.345703	-62.237072
9000.878906	-62.007530
9022.412109	-62.185471
9043.945312	-61.633053
9065.478516	-61.344135
9087.011719	-62.290848
9108.544922	-62.601677
9130.078125	-62.528664
9151.611328	-61.808445
9173.144531	-61.473545
9194.677734	-62.189571
9216.210938	-61.831417
9237.744141	-62.448330
9259.277344	-62.565872
9280.810547	-62.283699
9302.343750	-62.386005
9323.876953	-63.270927
9345.410156	-63.287495
9366.943359	-62.887829
9388.476562	-62.509418
9410.009766	-62.476280
9431.542969	-62.689121
9453.076172	-63.104862
9474.609375	-62.646255
9496.142578	-62.541111
9517.675781	-63.497787
9539.208984	-63.325550
9560.742188	-63.452415
9582.275391	-63.409969
9603.808594	-62.924648
9625.341797	-63.567692
9646.875000	-63.613205
9668.408203	-63.918755
9689.941406	-63.847061
9711.474609	-63.246063
9733.007812	-64.002090
9754.541016	-64.323242
9776.074219	-63.083153
9797.607422	-63.148468
9819.140625	-64.766594
9840.673828	-64.828323
9862.207031	-64.656120
9883.740234	-64.903084
9905.273438	-65.282722
9926.806641	-65.132523
9948.339844	-65.121040
9969.873047	-65.209396
9991.406250	-64.794548
10012.939453	-64.925003
10034.472656	-65.398987
10056.005859	-65.410843
10077.539062	-64.942719
10099.072266	-65.108208
10120.605469	-65.111465
10142.138672	-64.782845
10163.671875	-65.274338
10185.205078	-65.835335
10206.738281	-65.191734
10228.271484	-65.440002
10249.804688	-65.611504
10271.337891	-65.748100
10292.871094	-64.613869
10314.404297	-64.941811
10335.937500	-65.865639
10357.470703	-66.357086
10379.003906	-66.506172
10400.537109	-66.092865
10422.070312	-65.854111
10443.603516	-66.014328
10465.136719	-66.422371
10486.669922	-66.385498
10508.203125	-66.093178
10529.736328	-65.701302
10551.269531	-66.649574
10572.802734	-66.333115
10594.335938	-66.277954
10615.869141	-66.209969
10637.402344	-66.686867
10658.935547	-66.797539
10680.468750	-67.288254
10702.001953	-67.427063
10723.535156	-67.069077
10745.068359	-66.956139
10766.601562	-66.298950
10788.134766	-66.893234
10809.667969	-67.989952
10831.201172	-68.293602
10852.734375	-67.995590
10874.267578	-67.939735
10895.800781	-67.923416
10917.333984	-67.294449
10938.867188	-67.833328
10960.400391	-68.257187
10981.933594	-67.595963
11003.466797	-68.049484
11025.000000	-68.028656
11046.533203	-67.682343
11068.066406	-68.431198
11089.599609	-69.406570
11111.132812	-69.163155
11132.666016	-68.269234
11154.199219	-68.860092
11175.732422	-69.399384
11197.265625	-69.104485
11218.798828	-69.054176
11240.332031	-68.487465
11261.865234	-68.898308
11283.398438	-68.753143
11304.931641	-68.231209
11326.464844	-68.628708
11347.998047	-69.881592
11369.531250	-69.366730
11391.064453	-69.332504
11412.597656	-69.572029
11434.130859	-69.872437
11455.664062	-70.106430
11477.197266	-69.851830
11498.730469	-69.677681
11520.263672	-69.109589
11541.796875	-69.604019
11563.330078	-69.786278
11584.863281	-69.823463
11606.396484	-69.994904
11627.929688	-69.707481
11649.462891	-70.147324
11670.996094	-70.652962
11692.529297	-70.695824
11714.062500	-71.351974
11735.595703	-69.923279
11757.128906	-69.720924
11778.662109	-69.546371
11800.195312	-70.592957
11821.728516	-70.714859
11843.261719	-70.401382
11864.794922	-70.737923
11886.328125	-70.966385
11907.861328	-70.689255
11929.394531	-70.613045
11950.927734	-70.835907
11972.460938	-71.275948
11993.994141	-71.131569
12015.527344	-70.312553
12037.060547	-70.378540
12058.593750	-70.696411
12080.126953	-70.813057
12101.660156	-70.481270
12123.193359	-70.992386
12144.726562	-70.603226
12166.259766	-71.244797
12187.792969	-71.625740
12209.326172	-72.191635
12230.859375	-71.765266
12252.392578	-71.340157
12273.925781	-71.646027
12295.458984	-71.866623
12316.992188	-71.851372
12338.525391	-72.215309
12360.058594	-72.693405
12381.591797	-72.768440
12403.125000	-71.992966
12424.658203	-71.348923
12446.191406	-71.910347
12467.724609	-71.853325
12489.257812	-73.128365
12510.791016	-73.133224
12532.324219	-72.559067
12553.857422	-72.159882
12575.390625	-72.607582
12596.923828	-72.379333
12618.457031	-72.376961
12639.990234	-72.806343
12661.523438	-72.742622
12683.056641	-72.687325
12704.589844	-72.089714
12726.123047	-72.320747
12747.656250	-72.575035
12769.189453	-73.478233
12790.722656	-74.014877
12812.255859	-73.188713
12833.789062	-73.640770
12855.322266	-73.616959
12876.855469	-73.580742
12898.388672	-73.315681
12919.921875	-73.486374
12941.455078	-73.522636
12962.988281	-73.627472
12984.521484	-73.991898
13006.054688	-74.825516
13027.587891	-74.418716
13049.121094	-74.228607
13070.654297	-73.586334
13092.187500	-73.681587
13113.720703	-74.362839
13135.253906	-74.486023
13156.787109	-73.668457
13178.320312	-74.023087
13199.853516	-74.449020
13221.386719	-74.123474
13242.919922	-74.240623
13264.453125	-74.252640
13285.986328	-74.483566
13307.519531	-74.394669
13329.052734	-74.467140
13350.585938	-75.076622
13372.119141	-74.053612
13393.652344	-74.253731
13415.185547	-74.969841
13436.718750	-75.051231
13458.251953	-75.391731
13479.785156	-75.694824
13501.318359	-75.790215
13522.851562	-75.823242
13544.384766	-75.504623
13565.917969	-75.574898
13587.451172	-74.938538
13608.984375	-75.486496
13630.517578	-75.330902
13652.050781	-75.385666
13673.583984	-75.534897
13695.117188	-76.152710
13716.650391	-76.754784
13738.183594	-76.840912
13759.716797	-75.904823
13781.250000	-76.285706
13802.783203	-76.548180
13824.316406	-75.845978
13845.849609	-75.834045
13867.382812	-75.955536
13888.916016	-76.075958
13910.449219	-76.530273
13931.982422	-76.976395
13953.515625	-76.584457
13975.048828	-77.004066
13996.582031	-77.152000
14018.115234	-76.529259
14039.648438	-76.917175
14061.181641	-77.538841
14082.714844	-77.435066
14104.248047	-77.442039
14125.781250	-77.136002
14147.314453	-77.451973
14168.847656	-77.787033
14190.380859	-77.439423
14211.914062	-76.976646
14233.447266	-77.342384
14254.980469	-77.353325
14276.513672	-77.261261
14298.046875	-77.281586
14319.580078	-77.212852
14341.113281	-77.119591
14362.646484	-77.582115
14384.179688	-77.577286
14405.712891	-77.208687
14427.246094	-78.018974
14448.779297	-78.158890
14470.312500	-78.172684
14491.845703	-78.143295
14513.378906	-78.328110
14534.912109	-77.798637
14556.445312	-77.959030
14577.978516	-78.717567
14599.511719	-80.417198
14621.044922	-80.226112
14642.578125	-79.333672
14664.111328	-79.154884
14685.644531	-79.116142
14707.177734	-78.607384
14728.710938	-78.793259
14750.244141	-79.355087
14771.777344	-79.028046
14793.310547	-78.466904
14814.843750	-78.767258
14836.376953	-78.944756
14857.910156	-78.862045
14879.443359	-78.581741
14900.976562	-78.571625
14922.509766	-79.180389
14944.042969	-79.434769
14965.576172	-79.624550
14987.109375	-79.147980
15008.642578	-79.022095
15030.175781	-79.751076
15051.708984	-79.499741
15073.242188	-79.535332
15094.775391	-79.398552
15116.308594	-79.405945
15137.841797	-79.802551
15159.375000	-79.014801
15180.908203	-79.211922
15202.441406	-79.648621
15223.974609	-79.305115
15245.507812	-80.257568
15267.041016	-80.487671
15288.574219	-80.219894
15310.107422	-80.694862
15331.640625	-80.305496
15353.173828	-80.322052
15374.707031	-80.072052
15396.240234	-80.227921
15417.773438	-80.677177
15439.306641	-80.440887
15460.839844	-80.388367
15482.373047	-80.929848
15503.906250	-80.521873
15525.439453	-81.060204
15546.972656	-80.850037
15568.505859	-81.120514
15590.039062	-81.376122
15611.572266	-81.667740
15633.105469	-82.109444
15654.638672	-81.334671
15676.171875	-81.334732
15697.705078	-81.019936
15719.238281	-81.455101
15740.771484	-81.097374
15762.304688	-81.237732
15783.837891	-81.826752
15805.371094	-82.211716
15826.904297	-81.348396
15848.437500	-81.637642
15869.970703	-82.116257
15891.503906	-82.317314
15913.037109	-82.215309
15934.570312	-82.823601
15956.103516	-82.134773
15977.636719	-82.262604
15999.169922	-81.559471
16020.703125	-81.550858
16042.236328	-82.671524
16063.769531	-81.830978
16085.302734	-82.344864
16106.835938	-81.939117
16128.369141	-81.654106
16149.902344	-82.209084
16171.435547	-82.453796
16192.968750	-82.192596
16214.501953	-82.091698
16236.035156	-83.076370
16257.568359	-82.756851
16279.101562	-82.560112
16300.634766	-83.237259
16322.167969	-83.113220
16343.701172	-83.045647
16365.234375	-83.183907
16386.767578	-83.315735
16408.300781	-82.866676
16429.833984	-82.723679
16451.367188	-82.797974
16472.900391	-82.876015
16494.433594	-83.356689
16515.966797	-84.002419
16537.500000	-84.003113
16559.033203	-84.215950
16580.566406	-83.521935
16602.099609	-83.371841
16623.632812	-84.244812
16645.166016	-83.307640
16666.699219	-83.264999
16688.232422	-83.615715
16709.765625	-83.708420
16731.298828	-83.536476
16752.832031	-84.037155
16774.365234	-84.682915
16795.898438	-83.893127
16817.431641	-83.709946
16838.964844	-84.180290
16860.498047	-84.869133
16882.031250	-83.959991
16903.564453	-83.806068
16925.097656	-84.504303
16946.630859	-84.719849
16968.164062	-84.660103
16989.697266	-85.548767
17011.230469	-84.984200
17032.763672	-84.442581
17054.296875	-85.667397
17075.830078	-86.100929
17097.363281	-85.200233
17118.896484	-85.541428
17140.429688	-85.259125
17161.962891	-85.801239
17183.496094	-85.817902
17205.029297	-85.293839
17226.562500	-84.957054
17248.095703	-85.641022
17269.628906	-85.427086
17291.162109	-85.145370
17312.695312	-84.983482
17334.228516	-86.327950
17355.761719	-86.040565
17377.294922	-85.983826
17398.828125	-86.252869
17420.361328	-85.885902
17441.894531	-86.115677
17463.427734	-86.166039
17484.960938	-85.958900
17506.494141	-86.124016
17528.027344	-85.830841
17549.560547	-86.056648
17571.093750	-87.384041
17592.626953	-86.823929
17614.160156	-86.450684
17635.693359	-86.690994
17657.226562	-86.468185
17678.759766	-86.928703
17700.292969	-86.701118
17721.826172	-87.102592
17743.359375	-87.216805
17764.892578	-86.894478
17786.425781	-86.651024
17807.958984	-86.891258
17829.492188	-86.890671
17851.025391	-87.521042
17872.558594	-87.225586
17894.091797	-87.662109
17915.625000	-87.386414
17937.158203	-87.965309
17958.691406	-88.072433
17980.224609	-87.762932
18001.757812	-88.094345
18023.291016	-88.357254
18044.824219	-88.827827
18066.357422	-88.791565
18087.890625	-88.217720
18109.423828	-87.820908
18130.957031	-88.102066
18152.490234	-87.535393
18174.023438	-88.232338
18195.556641	-88.098473
18217.089844	-87.969826
18238.623047	-88.039314
18260.156250	-88.536743
18281.689453	-87.979401
18303.222656	-88.610748
18324.755859	-89.063591
18346.289062	-88.469894
18367.822266	-89.647141
18389.355469	-89.853607
18410.888672	-89.632561
18432.421875	-88.963066
18453.955078	-88.589928
18475.488281	-88.857613
18497.021484	-88.812370
18518.554688	-88.913200
18540.087891	-89.420776
18561.621094	-89.367065
18583.154297	-89.398804
18604.687500	-89.357849
18626.220703	-89.396400
18647.753906	-89.804535
18669.287109	-89.276863
18690.820312	-89.402374
18712.353516	-89.909760
18733.886719	-89.940887
18755.419922	-89.995499
18776.953125	-89.828018
18798.486328	-89.439384
18820.019531	-89.257614
18841.552734	-89.616859
18863.085938	-89.484810
18884.619141	-90.266968
18906.152344	-90.418472
18927.685547	-90.049133
18949.218750	-91.372475
18970.751953	-90.822090
18992.285156	-90.549461
19013.818359	-91.070007
19035.351562	-90.982101
19056.884766	-91.799995
19078.417969	-91.718727
19099.951172	-91.183525
19121.484375	-92.004196
19143.017578	-92.262993
19164.550781	-92.666801
19186.083984	-92.199272
19207.617188	-92.107140
19229.150391	-91.978477
19250.683594	-91.448463
19272.216797	-91.517609
19293.750000	-92.344482
19315.283203	-92.683197
19336.816406	-92.713921
19358.349609	-93.470291
19379.882812	-93.668236
19401.416016	-93.682388
19422.949219	-93.902473
19444.482422	-94.407837
19466.015625	-93.941574
19487.548828	-94.034698
19509.082031	-94.444122
19530.615234	-94.731888
19552.148438	-94.883789
19573.681641	-94.675430
19595.214844	-95.140274
19616.748047	-95.070351
19638.281250	-95.114853
19659.814453	-95.775482
19681.347656	-96.350937
19702.880859	-96.069916
19724.414062	-95.953499
19745.947266	-96.582657
19767.480469	-96.949524
19789.013672	-97.472603
19810.546875	-98.270676
19832.080078	-98.149055
19853.613281	-98.277817
19875.146484	-98.515480
19896.679688	-99.502724
19918.212891	-99.539536
19939.746094	-99.525604
19961.279297	-100.279922
19982.812500	-99.887093
20004.345703	-100.250252
20025.878906	-101.051041
20047.412109	-101.575714
20068.945312	-101.460388
20090.478516	-101.511078
20112.011719	-102.471977
20133.544922	-102.795547
20155.078125	-102.982735
20176.611328	-103.914467
20198.144531	-104.264542
20219.677734	-104.863342
20241.210938	-105.454735
20262.744141	-105.498711
20284.277344	-105.992767
20305.810547	-106.892738
20327.343750	-107.260460
20348.876953	-107.341644
20370.410156	-107.654831
20391.943359	-108.794281
20413.476562	-109.591835
20435.009766	-109.861649
20456.542969	-110.079880
20478.076172	-110.372437
20499.609375	-111.123978
20521.142578	-112.127449
20542.675781	-112.595268
20564.208984	-113.338684
20585.742188	-114.072525
20607.275391	-114.358704
20628.808594	-115.481323
20650.341797	-116.263107
20671.875000	-116.300423
20693.408203	-117.505775
20714.941406	-118.523888
20736.474609	-119.010117
20758.007812	-119.454681
20779.541016	-119.455544
20801.074219	-121.228104
20822.607422	-122.571289
20844.140625	-122.511787
20865.673828	-123.790703
20887.207031	-123.717545
20908.740234	-123.298622
20930.273438	-125.371819
20951.806641	-126.434799
20973.339844	-127.279282
20994.873047	-128.417709
21016.406250	-129.406723
21037.939453	-130.342697
21059.472656	-130.803146
21081.005859	-131.340149
21102.539062	-132.241486
21124.072266	-133.330414
21145.605469	-134.057434
21167.138672	-135.871796
21188.671875	-136.706329
21210.205078	-137.190750
21231.738281	-139.642044
21253.271484	-141.130707
21274.804688	-142.504211
21296.337891	-142.609009
21317.871094	-143.745819
21339.404297	-146.193146
21360.937500	-147.042130
21382.470703	-147.775406
21404.003906	-149.784943
21425.537109	-151.267868
21447.070312	-152.013718
21468.603516	-153.736435
21490.136719	-155.440674
21511.669922	-156.695084
21533.203125	-158.000641
21554.736328	-160.235336
21576.269531	-161.780380
21597.802734	-163.201660
21619.335938	-164.794373
21640.869141	-167.275894
21662.402344	-169.242874
21683.935547	-169.069778
21705.468750	-170.577377
21727.001953	-171.740326
21748.535156	-171.799942
21770.068359	-172.804504
21791.601562	-173.215424
21813.134766	-173.957413
21834.667969	-172.871780
21856.201172	-173.980179
21877.734375	-172.928101
21899.267578	-172.465195
21920.800781	-173.857620
21942.333984	-172.685654
21963.867188	-174.029495
21985.400391	-173.610550
22006.933594	-176.295166
22028.466797	-177.034866
