Frequency (Hz)	Level (dB)
43.066406	-31.059380
86.132812	-28.515907
129.199219	-28.990835
172.265625	-29.372860
215.332031	-28.913847
258.398438	-28.867216
301.464844	-27.480030
344.531250	-27.740219
387.597656	-27.637526
430.664062	-26.194336
473.730469	-27.398743
516.796875	-26.807636
559.863281	-27.896500
602.929688	-28.009987
645.996094	-27.199312
689.062500	-28.093584
732.128906	-27.228745
775.195312	-28.279758
818.261719	-28.126173
861.328125	-27.138012
904.394531	-27.675390
947.460938	-26.254761
990.527344	-24.896891
1033.593750	-24.075827
1076.660156	-23.177780
1119.726562	-24.853592
1162.792969	-24.817268
1205.859375	-24.111185
1248.925781	-23.596390
1291.992188	-23.284029
1335.058594	-22.300524
1378.125000	-19.339043
1421.191406	-16.217554
1464.257812	-15.269452
1507.324219	-18.651487
1550.390625	-19.498766
1593.457031	-17.925480
1636.523438	-19.525976
1679.589844	-19.261330
1722.656250	-18.609947
1765.722656	-20.379629
1808.789062	-22.452885
1851.855469	-24.586926
1894.921875	-24.218317
1937.988281	-21.401150
1981.054688	-22.957661
2024.121094	-25.773455
2067.187500	-27.284142
2110.253906	-27.069958
2153.320312	-27.816963
2196.386719	-28.765131
2239.453125	-28.746674
2282.519531	-29.375574
2325.585938	-28.563480
2368.652344	-30.198215
2411.718750	-31.093023
2454.785156	-29.961025
2497.851562	-31.419317
2540.917969	-31.053385
2583.984375	-32.013988
2627.050781	-33.021580
2670.117188	-33.839687
2713.183594	-34.597858
2756.250000	-33.893559
2799.316406	-35.272736
2842.382812	-35.410370
2885.449219	-34.283443
2928.515625	-35.359928
2971.582031	-34.676731
3014.648438	-36.033958
3057.714844	-36.206326
3100.781250	-35.870773
3143.847656	-36.867111
3186.914062	-36.334213
3229.980469	-36.981812
3273.046875	-36.306976
3316.113281	-36.586281
3359.179688	-37.793106
3402.246094	-37.035294
3445.312500	-37.550407
3488.378906	-37.486687
3531.445312	-38.172184
3574.511719	-38.515049
3617.578125	-37.351715
3660.644531	-38.083843
3703.710938	-37.751877
3746.777344	-38.890705
3789.843750	-38.952385
3832.910156	-37.309437
3875.976562	-38.971474
3919.042969	-39.012245
3962.109375	-38.099106
4005.175781	-38.662868
4048.242188	-38.656433
4091.308594	-40.155346
4134.375000	-39.648972
4177.441406	-39.195953
4220.507812	-39.517170
4263.574219	-38.865669
4306.640625	-39.879520
4349.707031	-39.266911
4392.773438	-40.060966
4435.839844	-40.395367
4478.906250	-39.697735
4521.972656	-40.346115
4565.039062	-39.309891
4608.105469	-41.548031
4651.171875	-41.692936
4694.238281	-39.918682
4737.304688	-40.936649
4780.371094	-40.462479
4823.437500	-39.883968
4866.503906	-39.971832
4909.570312	-41.608112
4952.636719	-42.222832
4995.703125	-41.275703
5038.769531	-42.200790
5081.835938	-42.002125
5124.902344	-43.141102
5167.968750	-43.820683
5211.035156	-42.297150
5254.101562	-43.784977
5297.167969	-43.739246
5340.234375	-43.839413
5383.300781	-44.480316
5426.367188	-43.721729
5469.433594	-44.280849
5512.500000	-44.203426
5555.566406	-44.768810
5598.632812	-45.506805
5641.699219	-45.257446
5684.765625	-45.762516
5727.832031	-45.827564
5770.898438	-45.945679
5813.964844	-46.481522
5857.031250	-46.875191
5900.097656	-47.420898
5943.164062	-46.529705
5986.230469	-47.494865
6029.296875	-48.175423
6072.363281	-47.329918
6115.429688	-48.358112
6158.496094	-47.951015
6201.562500	-48.311344
6244.628906	-48.923313
6287.695312	-48.281158
6330.761719	-48.706844
6373.828125	-48.356510
6416.894531	-48.979164
6459.960938	-49.597672
6503.027344	-49.479450
6546.093750	-50.786346
6589.160156	-50.654755
6632.226562	-50.135590
6675.292969	-50.333023
6718.359375	-50.457253
6761.425781	-51.610100
6804.492188	-51.087154
6847.558594	-51.024075
6890.625000	-51.170872
6933.691406	-51.515472
6976.757812	-52.478909
7019.824219	-51.667732
7062.890625	-52.181141
7105.957031	-52.300198
7149.023438	-52.455685
7192.089844	-52.849102
7235.156250	-52.207199
7278.222656	-52.897423
7321.289062	-53.003441
7364.355469	-52.763710
7407.421875	-53.072487
7450.488281	-52.827023
7493.554688	-53.499401
7536.621094	-53.123352
7579.687500	-53.545856
7622.753906	-53.954086
7665.820312	-53.647518
7708.886719	-54.639236
7751.953125	-54.322563
7795.019531	-55.048954
7838.085938	-55.447098
7881.152344	-54.778000
7924.218750	-55.814854
7967.285156	-55.583317
8010.351562	-55.753914
8053.417969	-56.246750
8096.484375	-55.606392
8139.550781	-56.012253
8182.617188	-55.945999
8225.683594	-56.115223
8268.750000	-56.232738
8311.816406	-56.946987
8354.882812	-57.613609
8397.949219	-57.812370
8441.015625	-58.053719
8484.082031	-58.045441
8527.148438	-57.555508
8570.214844	-58.081589
8613.281250	-57.929279
8656.347656	-58.109154
8699.414062	-57.914520
8742.480469	-58.250771
8785.546875	-58.668941
8828.613281	-58.337276
8871.679688	-58.864647
8914.746094	-59.066677
8957.812500	-58.955223
9000.878906	-60.050102
9043.945312	-60.017673
9087.011719	-59.800404
9130.078125	-59.661812
9173.144531	-59.256950
9216.210938	-60.439316
9259.277344	-60.836941
9302.343750	-61.396442
9345.410156	-61.011703
9388.476562	-60.811138
9431.542969	-61.754360
9474.609375	-61.035706
9517.675781	-61.489418
9560.742188	-61.306217
9603.808594	-61.870041
9646.875000	-61.881340
9689.941406	-61.873241
9733.007812	-62.446655
9776.074219	-62.158581
9819.140625	-62.239555
9862.207031	-62.609062
9905.273438	-62.219433
9948.339844	-62.708229
9991.406250	-63.086754
10034.472656	-63.120602
10077.539062	-63.179970
10120.605469	-62.452137
10163.671875	-63.036392
10206.738281	-63.489246
10249.804688	-63.846470
10292.871094	-64.058418
10335.937500	-64.149475
10379.003906	-64.169960
10422.070312	-63.891727
10465.136719	-64.855446
10508.203125	-64.845802
10551.269531	-64.669151
10594.335938	-65.506584
10637.402344	-65.273308
10680.468750	-65.364563
10723.535156	-65.334236
10766.601562	-65.061569
10809.667969	-65.480103
10852.734375	-65.385536
10895.800781	-65.730972
10938.867188	-66.074280
10981.933594	-65.955132
11025.000000	-66.070824
11068.066406	-66.200668
11111.132812	-66.793022
11154.199219	-66.756737
11197.265625	-66.795746
11240.332031	-66.980644
11283.398438	-66.926537
11326.464844	-67.326363
11369.531250	-67.381844
11412.597656	-67.261169
11455.664062	-67.300285
11498.730469	-66.881462
11541.796875	-67.386436
11584.863281	-67.379448
11627.929688	-67.458267
11670.996094	-67.796883
11714.062500	-67.228806
11757.128906	-68.031670
11800.195312	-68.351257
11843.261719	-68.117477
11886.328125	-67.955711
11929.394531	-68.342979
11972.460938	-68.757881
12015.527344	-68.689941
12058.593750	-69.155800
12101.660156	-69.023476
12144.726562	-69.242165
12187.792969	-69.249596
12230.859375	-69.294960
12273.925781	-69.667641
12316.992188	-69.881783
12360.058594	-69.565338
12403.125000	-69.893318
12446.191406	-69.822922
12489.257812	-70.069969
12532.324219	-70.005951
12575.390625	-69.909149
12618.457031	-69.865234
12661.523438	-69.945869
12704.589844	-70.371727
12747.656250	-70.309151
12790.722656	-70.807587
12833.789062	-70.274162
12876.855469	-70.061859
12919.921875	-70.941071
12962.988281	-71.051292
13006.054688	-70.981766
13049.121094	-71.281593
13092.187500	-71.023094
13135.253906	-71.528648
13178.320312	-71.031311
13221.386719	-70.522438
13264.453125	-71.347511
13307.519531	-71.732056
13350.585938	-71.848305
13393.652344	-71.547417
13436.718750	-72.030426
13479.785156	-72.632843
13522.851562	-72.185699
13565.917969	-71.921608
13608.984375	-71.521217
13652.050781	-71.877541
13695.117188	-71.867287
13738.183594	-71.885780
13781.250000	-72.328865
13824.316406	-72.487724
13867.382812	-72.561600
13910.449219	-72.707901
13953.515625	-72.488884
13996.582031	-72.498924
14039.648438	-72.084595
14082.714844	-72.493774
14125.781250	-73.135963
14168.847656	-72.935555
14211.914062	-73.379784
14254.980469	-73.205132
14298.046875	-73.263298
14341.113281	-73.944275
14384.179688	-73.379295
14427.246094	-73.616913
14470.312500	-73.633224
14513.378906	-72.994255
14556.445312	-73.114014
14599.511719	-73.363045
14642.578125	-74.174026
14685.644531	-74.308243
14728.710938	-73.620575
14771.777344	-73.614700
14814.843750	-73.565254
14857.910156	-73.931610
14900.976562	-74.032326
14944.042969	-74.137062
14987.109375	-74.034615
15030.175781	-73.801224
15073.242188	-74.196877
15116.308594	-74.423294
15159.375000	-74.481262
15202.441406	-74.154442
15245.507812	-74.353767
15288.574219	-74.617729
15331.640625	-74.434769
15374.707031	-74.806335
15417.773438	-74.860550
15460.839844	-75.221176
15503.906250	-74.725380
15546.972656	-74.528587
15590.039062	-75.348274
15633.105469	-75.191833
15676.171875	-74.900238
15719.238281	-75.066650
15762.304688	-75.779259
15805.371094	-75.287628
15848.437500	-75.052574
15891.503906	-75.563599
15934.570312	-75.948189
15977.636719	-75.390900
16020.703125	-75.050278
16063.769531	-75.319496
16106.835938	-75.967575
16149.902344	-75.748154
16192.968750	-75.663277
16236.035156	-76.315796
16279.101562	-76.230675
16322.167969	-76.199112
16365.234375	-75.730705
16408.300781	-75.790886
16451.367188	-76.171463
16494.433594	-75.751480
16537.500000	-75.946068
16580.566406	-76.393684
16623.632812	-76.252022
16666.699219	-76.329292
16709.765625	-76.389687
16752.832031	-76.831245
16795.898438	-76.589920
16838.964844	-76.387283
16882.031250	-76.226112
16925.097656	-76.445114
16968.164062	-76.387199
17011.230469	-76.505486
17054.296875	-76.768761
17097.363281	-76.824738
17140.429688	-76.571228
17183.496094	-76.867722
17226.562500	-77.057800
17269.628906	-76.930145
17312.695312	-76.856796
17355.761719	-76.894302
17398.828125	-76.937515
17441.894531	-76.748703
17484.960938	-76.715858
17528.027344	-76.615837
17571.093750	-77.102119
17614.160156	-77.145119
17657.226562	-77.712265
17700.292969	-77.359055
17743.359375	-77.195061
17786.425781	-77.375175
17829.492188	-77.431839
17872.558594	-77.351524
17915.625000	-77.238342
17958.691406	-77.190735
18001.757812	-77.361420
18044.824219	-77.609344
18087.890625	-77.412735
18130.957031	-77.184814
18174.023438	-77.453026
18217.089844	-77.680946
18260.156250	-77.687447
18303.222656	-77.777496
18346.289062	-77.671089
18389.355469	-77.386948
18432.421875	-77.829399
18475.488281	-78.030655
18518.554688	-78.148972
18561.621094	-77.971504
18604.687500	-77.895500
18647.753906	-78.183395
18690.820312	-77.966820
18733.886719	-78.056030
18776.953125	-78.393341
18820.019531	-78.156349
18863.085938	-78.439301
18906.152344	-78.397484
18949.218750	-78.341476
18992.285156	-78.723923
19035.351562	-78.620041
19078.417969	-78.290398
19121.484375	-78.647232
19164.550781	-78.428902
19207.617188	-78.819603
19250.683594	-78.968887
19293.750000	-78.514572
19336.816406	-78.577736
19379.882812	-78.817398
19422.949219	-78.289139
19466.015625	-78.381195
19509.082031	-78.766502
19552.148438	-78.461243
19595.214844	-78.581467
19638.281250	-79.014244
19681.347656	-78.850456
19724.414062	-78.763603
19767.480469	-78.636192
19810.546875	-79.399918
19853.613281	-79.585258
19896.679688	-78.874985
19939.746094	-79.013367
19982.812500	-79.222435
20025.878906	-79.425835
20068.945312	-79.483383
20112.011719	-79.644386
20155.078125	-79.305443
20198.144531	-79.113693
20241.210938	-79.319336
20284.277344	-79.694557
20327.343750	-79.600044
20370.410156	-79.724937
20413.476562	-79.949638
20456.542969	-79.883179
20499.609375	-79.262474
20542.675781	-79.838654
20585.742188	-79.598366
20628.808594	-79.436798
20671.875000	-79.704582
20714.941406	-79.913483
20758.007812	-79.466751
20801.074219	-79.779053
20844.140625	-79.661606
20887.207031	-79.782402
20930.273438	-80.205475
20973.339844	-80.137070
21016.406250	-80.294487
21059.472656	-80.290207
21102.539062	-80.338936
21145.605469	-80.252129
21188.671875	-80.155045
21231.738281	-80.035309
21274.804688	-80.514511
21317.871094	-80.714745
21360.937500	-80.633316
21404.003906	-80.515900
21447.070312	-80.616821
21490.136719	-80.815422
21533.203125	-80.779869
21576.269531	-81.146858
21619.335938	-81.487396
21662.402344	-81.153038
21705.468750	-81.007858
21748.535156	-81.470764
21791.601562	-81.326347
21834.667969	-81.169655
21877.734375	-81.188248
21920.800781	-81.640030
21963.867188	-82.075523
22006.933594	-82.333412
