Frequency (Hz)	Level (dB)
21.533203	-35.249092
43.066406	-31.514759
64.599609	-30.419682
86.132812	-29.529593
107.666016	-28.279123
129.199219	-27.811884
150.732422	-26.991463
172.265625	-27.231314
193.798828	-26.967209
215.332031	-26.186148
236.865234	-25.855299
258.398438	-26.012333
279.931641	-25.938652
301.464844	-26.134668
322.998047	-27.017733
344.531250	-27.518862
366.064453	-26.671352
387.597656	-27.634584
409.130859	-28.055883
430.664062	-27.416735
452.197266	-28.191984
473.730469	-28.344313
495.263672	-28.014866
516.796875	-27.748161
538.330078	-28.773689
559.863281	-29.721077
581.396484	-29.130144
602.929688	-28.808279
624.462891	-28.585819
645.996094	-28.727592
667.529297	-29.183973
689.062500	-30.120241
710.595703	-30.544954
732.128906	-29.719667
753.662109	-29.016994
775.195312	-30.094770
796.728516	-30.667381
818.261719	-30.179756
839.794922	-29.295580
861.328125	-29.600784
882.861328	-30.269720
904.394531	-29.966389
925.927734	-30.092167
947.460938	-30.713787
968.994141	-29.965034
990.527344	-30.217802
1012.060547	-29.543861
1033.593750	-29.846188
1055.126953	-30.359232
1076.660156	-29.495054
1098.193359	-29.730526
1119.726562	-30.245987
1141.259766	-30.471933
1162.792969	-30.516314
1184.326172	-30.517160
1205.859375	-30.239727
1227.392578	-29.773863
1248.925781	-29.875782
1270.458984	-30.009558
1291.992188	-30.734751
1313.525391	-30.689724
1335.058594	-31.149704
1356.591797	-31.190168
1378.125000	-30.263683
1399.658203	-31.258947
1421.191406	-31.336424
1442.724609	-31.134821
1464.257812	-31.027830
1485.791016	-30.528570
1507.324219	-31.333078
1528.857422	-31.442429
1550.390625	-30.881092
1571.923828	-30.789122
1593.457031	-30.737513
1614.990234	-31.114273
1636.523438	-31.960495
1658.056641	-31.931639
1679.589844	-32.046150
1701.123047	-30.946096
1722.656250	-30.912636
1744.189453	-32.179062
1765.722656	-32.548622
1787.255859	-32.579910
1808.789062	-31.940308
1830.322266	-31.882456
1851.855469	-32.016403
1873.388672	-32.001945
1894.921875	-32.128311
1916.455078	-32.189285
1937.988281	-32.062340
1959.521484	-32.179466
1981.054688	-32.171238
2002.587891	-32.517536
2024.121094	-33.063484
2045.654297	-33.052349
2067.187500	-32.414135
2088.720703	-33.530399
2110.253906	-33.839962
2131.787109	-33.007233
2153.320312	-32.320900
2174.853516	-32.926838
2196.386719	-33.084915
2217.919922	-33.473927
2239.453125	-33.039799
2260.986328	-33.073833
2282.519531	-32.945095
2304.052734	-33.415779
2325.585938	-33.902599
2347.119141	-33.657581
2368.652344	-32.944237
2390.185547	-33.471935
2411.718750	-33.919315
2433.251953	-33.888432
2454.785156	-33.583046
2476.318359	-33.900234
2497.851562	-33.878044
2519.384766	-34.108814
2540.917969	-35.435909
2562.451172	-35.137791
2583.984375	-34.540825
2605.517578	-34.029774
2627.050781	-34.149483
2648.583984	-35.111286
2670.117188	-35.176777
2691.650391	-34.401775
2713.183594	-34.584778
2734.716797	-35.351192
2756.250000	-35.621807
2777.783203	-35.272602
2799.316406	-35.242779
2820.849609	-35.311672
2842.382812	-35.775650
2863.916016	-35.964527
2885.449219	-35.620617
2906.982422	-35.319828
2928.515625	-35.938377
2950.048828	-35.945591
2971.582031	-35.920891
2993.115234	-36.186775
3014.648438	-36.633526
3036.181641	-36.799446
3057.714844	-36.206871
3079.248047	-36.409863
3100.781250	-36.386364
3122.314453	-36.108719
3143.847656	-36.731892
3165.380859	-36.722687
3186.914062	-36.539604
3208.447266	-36.023766
3229.980469	-36.270336
3251.513672	-37.100288
3273.046875	-37.567719
3294.580078	-37.224064
3316.113281	-37.625858
3337.646484	-36.802837
3359.179688	-36.488010
3380.712891	-36.584480
3402.246094	-37.137135
3423.779297	-37.484795
3445.312500	-37.378544
3466.845703	-37.415363
3488.378906	-38.389351
3509.912109	-38.814003
3531.445312	-38.191547
3552.978516	-37.977768
3574.511719	-38.372044
3596.044922	-39.161060
3617.578125	-39.287022
3639.111328	-38.544460
3660.644531	-37.953384
3682.177734	-38.415375
3703.710938	-38.719280
3725.244141	-37.631397
3746.777344	-38.689995
3768.310547	-38.889385
3789.843750	-39.654160
3811.376953	-39.865353
3832.910156	-39.242336
3854.443359	-39.112488
3875.976562	-39.460461
3897.509766	-39.506790
3919.042969	-38.938335
3940.576172	-38.343090
3962.109375	-39.123260
3983.642578	-39.789352
4005.175781	-39.424065
4026.708984	-39.352615
4048.242188	-39.491123
4069.775391	-39.599026
4091.308594	-40.151676
4112.841797	-40.453197
4134.375000	-39.961628
4155.908203	-39.491497
4177.441406	-39.626793
4198.974609	-40.341072
4220.507812	-40.933403
4242.041016	-40.399239
4263.574219	-40.549774
4285.107422	-41.651638
4306.640625	-41.861820
4328.173828	-41.274746
4349.707031	-40.604828
4371.240234	-40.642006
4392.773438	-40.970562
4414.306641	-41.767155
4435.839844	-43.145569
4457.373047	-42.242512
4478.906250	-42.066730
4500.439453	-42.445187
4521.972656	-41.535198
4543.505859	-40.789742
4565.039062	-42.301315
4586.572266	-41.829208
4608.105469	-41.224930
4629.638672	-41.327717
4651.171875	-41.700256
4672.705078	-42.013309
4694.238281	-42.029900
4715.771484	-42.729073
4737.304688	-42.723370
4758.837891	-43.269978
4780.371094	-42.502296
4801.904297	-42.453041
4823.437500	-43.979557
4844.970703	-44.781647
4866.503906	-43.147148
4888.037109	-43.309467
4909.570312	-44.189510
4931.103516	-43.750446
4952.636719	-42.610252
4974.169922	-42.941536
4995.703125	-43.507820
5017.236328	-43.892803
5038.769531	-43.760307
5060.302734	-44.099239
5081.835938	-44.104057
5103.369141	-43.968479
5124.902344	-44.452290
5146.435547	-44.062714
5167.968750	-44.285877
5189.501953	-44.925884
5211.035156	-44.518826
5232.568359	-43.605324
5254.101562	-43.688019
5275.634766	-45.210861
5297.167969	-44.709389
5318.701172	-45.411575
5340.234375	-44.603786
5361.767578	-43.995968
5383.300781	-45.109566
5404.833984	-45.825130
5426.367188	-45.440372
5447.900391	-44.845749
5469.433594	-45.596188
5490.966797	-44.512863
5512.500000	-45.310497
5534.033203	-45.724739
5555.566406	-44.782455
5577.099609	-45.165329
5598.632812	-45.910370
5620.166016	-45.707142
5641.699219	-45.533089
5663.232422	-46.392384
5684.765625	-45.918056
5706.298828	-45.774387
5727.832031	-46.612347
5749.365234	-47.146561
5770.898438	-46.638638
5792.431641	-46.479248
5813.964844	-47.254547
5835.498047	-48.158604
5857.031250	-47.497753
5878.564453	-47.699131
5900.097656	-47.282509
5921.630859	-47.689148
5943.164062	-47.182159
5964.697266	-47.445068
5986.230469	-47.540924
6007.763672	-47.137184
6029.296875	-46.946598
6050.830078	-47.018475
6072.363281	-47.067272
6093.896484	-47.049511
6115.429688	-47.432655
6136.962891	-47.453564
6158.496094	-47.691200
6180.029297	-47.768646
6201.562500	-48.539471
6223.095703	-48.572636
6244.628906	-48.149895
6266.162109	-48.409882
6287.695312	-48.001675
6309.228516	-48.016167
6330.761719	-48.721508
6352.294922	-48.622803
6373.828125	-48.463524
6395.361328	-48.089699
6416.894531	-48.021576
6438.427734	-48.582359
6459.960938	-49.343452
6481.494141	-49.489532
6503.027344	-48.932487
6524.560547	-48.444687
6546.093750	-48.427658
6567.626953	-49.028313
6589.160156	-49.252819
6610.693359	-49.667149
6632.226562	-49.807842
6653.759766	-50.041435
6675.292969	-49.199612
6696.826172	-49.985298
6718.359375	-49.706135
6739.892578	-49.391037
6761.425781	-49.154881
6782.958984	-49.559116
6804.492188	-49.909866
6826.025391	-49.712158
6847.558594	-49.586578
6869.091797	-50.413681
6890.625000	-50.373802
6912.158203	-50.761555
6933.691406	-51.197140
6955.224609	-51.729332
6976.757812	-51.096451
6998.291016	-51.136822
7019.824219	-52.303814
7041.357422	-50.813046
7062.890625	-51.466904
7084.423828	-51.882702
7105.957031	-52.295372
7127.490234	-51.669827
7149.023438	-51.409691
7170.556641	-51.883545
7192.089844	-51.712189
7213.623047	-51.383152
7235.156250	-51.435204
7256.689453	-51.508896
7278.222656	-52.039612
7299.755859	-52.880478
7321.289062	-52.671432
7342.822266	-52.113979
7364.355469	-52.839565
7385.888672	-52.743687
7407.421875	-52.613609
7428.955078	-52.797676
7450.488281	-52.790524
7472.021484	-52.644711
7493.554688	-52.325005
7515.087891	-52.486797
7536.621094	-52.958290
7558.154297	-52.761986
7579.687500	-52.632893
7601.220703	-52.379459
7622.753906	-53.559002
7644.287109	-54.249485
7665.820312	-52.946552
7687.353516	-53.413826
7708.886719	-53.717777
7730.419922	-54.097507
7751.953125	-53.433537
7773.486328	-53.387554
7795.019531	-54.013069
7816.552734	-54.307293
7838.085938	-54.040428
7859.619141	-53.874233
7881.152344	-54.047031
7902.685547	-53.418415
7924.218750	-53.611595
7945.751953	-54.904385
7967.285156	-55.082558
7988.818359	-54.427120
8010.351562	-54.683411
8031.884766	-54.957134
8053.417969	-55.156960
8074.951172	-54.962868
8096.484375	-55.228889
8118.017578	-54.767914
8139.550781	-54.932941
8161.083984	-54.930485
8182.617188	-55.276386
8204.150391	-54.624512
8225.683594	-54.483818
8247.216797	-55.294365
8268.750000	-55.519508
8290.283203	-55.773575
8311.816406	-55.655273
8333.349609	-55.462357
8354.882812	-55.820923
8376.416016	-55.626415
8397.949219	-56.378208
8419.482422	-55.783012
8441.015625	-55.948669
8462.548828	-56.731247
8484.082031	-56.537949
8505.615234	-56.115795
8527.148438	-57.081909
8548.681641	-56.899303
8570.214844	-56.789749
8591.748047	-56.602806
8613.281250	-56.750908
8634.814453	-55.575996
8656.347656	-56.112732
8677.880859	-56.640816
8699.414062	-57.545643
8720.947266	-56.767960
8742.480469	-56.473438
8764.013672	-56.409405
8785.546875	-57.215889
8807.080078	-57.167969
8828.613281	-57.332497
8850.146484	-56.855961
8871.679688	-57.206192
8893.212891	-57.929249
8914.746094	-57.664627
8936.279297	-57.882412
8957.812500	-57.554703
8979.345703	-57.939728
9000.878906	-58.300110
9022.412109	-57.987240
9043.945312	-58.443066
9065.478516	-58.125355
9087.011719	-57.653595
9108.544922	-57.929760
9130.078125	-58.548462
9151.611328	-58.741543
9173.144531	-58.205196
9194.677734	-57.761921
9216.210938	-57.958187
9237.744141	-57.965294
9259.277344	-58.769318
9280.810547	-58.987839
9302.343750	-59.020584
9323.876953	-59.218216
9345.410156	-58.558781
9366.943359	-59.255104
9388.476562	-59.564018
9410.009766	-59.088055
9431.542969	-59.855881
9453.076172	-60.054001
9474.609375	-60.268147
9496.142578	-60.789696
9517.675781	-60.016743
9539.208984	-60.045784
9560.742188	-60.879242
9582.275391	-59.847427
9603.808594	-60.058865
9625.341797	-59.085239
9646.875000	-60.230942
9668.408203	-61.104340
9689.941406	-60.673355
9711.474609	-59.598198
9733.007812	-60.475380
9754.541016	-60.340424
9776.074219	-59.943161
9797.607422	-60.415478
9819.140625	-60.824055
9840.673828	-60.893078
9862.207031	-60.952103
9883.740234	-61.605480
9905.273438	-61.410599
9926.806641	-60.833870
9948.339844	-60.868599
9969.873047	-61.469002
9991.406250	-61.836178
10012.939453	-62.207119
10034.472656	-61.240910
10056.005859	-60.969913
10077.539062	-61.309959
10099.072266	-61.438938
10120.605469	-61.460072
10142.138672	-62.275871
10163.671875	-62.307148
10185.205078	-61.508339
10206.738281	-61.583981
10228.271484	-62.105808
10249.804688	-62.492981
10271.337891	-63.217297
10292.871094	-61.960327
10314.404297	-61.400032
10335.937500	-62.086422
10357.470703	-62.437019
10379.003906	-62.160748
10400.537109	-62.817059
10422.070312	-62.886719
10443.603516	-61.882347
10465.136719	-62.654537
10486.669922	-62.931175
10508.203125	-62.624264
10529.736328	-61.768116
10551.269531	-62.588879
10572.802734	-62.932381
10594.335938	-63.225487
10615.869141	-63.242146
10637.402344	-63.086666
10658.935547	-63.539066
10680.468750	-64.081772
10702.001953	-63.817513
10723.535156	-62.724865
10745.068359	-63.191097
10766.601562	-63.082821
10788.134766	-63.769646
10809.667969	-63.899460
10831.201172	-63.369591
10852.734375	-63.534737
10874.267578	-63.538048
10895.800781	-64.492775
10917.333984	-63.832935
10938.867188	-63.585842
10960.400391	-63.873741
10981.933594	-64.490959
11003.466797	-64.166557
11025.000000	-64.286415
11046.533203	-64.866165
11068.066406	-64.151237
11089.599609	-63.733593
11111.132812	-65.052773
11132.666016	-65.196404
11154.199219	-64.046989
11175.732422	-64.762047
11197.265625	-64.441544
11218.798828	-64.905647
11240.332031	-65.524300
11261.865234	-65.721733
11283.398438	-65.733604
11304.931641	-65.189476
11326.464844	-65.408440
11347.998047	-64.600594
11369.531250	-64.961891
11391.064453	-66.017670
11412.597656	-66.218529
11434.130859	-66.147850
11455.664062	-65.453026
11477.197266	-65.387207
11498.730469	-65.489410
11520.263672	-65.163422
11541.796875	-65.669464
11563.330078	-66.258995
11584.863281	-66.467743
11606.396484	-67.293022
11627.929688	-67.505508
11649.462891	-66.004440
11670.996094	-65.578613
11692.529297	-65.550865
11714.062500	-65.768997
11735.595703	-66.398643
11757.128906	-66.681519
11778.662109	-67.043243
11800.195312	-67.186432
11821.728516	-66.302002
11843.261719	-65.796158
11864.794922	-66.196220
11886.328125	-66.315125
11907.861328	-66.477570
11929.394531	-67.113380
11950.927734	-67.462990
11972.460938	-68.361168
11993.994141	-67.296425
12015.527344	-67.702347
12037.060547	-68.133644
12058.593750	-67.741829
12080.126953	-66.447067
12101.660156	-66.897476
12123.193359	-67.791458
12144.726562	-67.719963
12166.259766	-68.266037
12187.792969	-68.109100
12209.326172	-68.433998
12230.859375	-68.725266
12252.392578	-68.463097
12273.925781	-68.478409
12295.458984	-68.249245
12316.992188	-68.298744
12338.525391	-69.092178
12360.058594	-68.854614
12381.591797	-68.606956
12403.125000	-68.520699
12424.658203	-68.875221
12446.191406	-68.609375
12467.724609	-68.168930
12489.257812	-68.667725
12510.791016	-69.328270
12532.324219	-69.176964
12553.857422	-69.031113
12575.390625	-69.539032
12596.923828	-69.780533
12618.457031	-69.738968
12639.990234	-70.013832
12661.523438	-69.963112
12683.056641	-69.293480
12704.589844	-69.119659
12726.123047	-69.601891
12747.656250	-69.425293
12769.189453	-70.588326
12790.722656	-70.750984
12812.255859	-70.797501
12833.789062	-70.242195
12855.322266	-70.100914
12876.855469	-69.820290
12898.388672	-70.037598
12919.921875	-69.996735
12941.455078	-69.960403
12962.988281	-70.358322
12984.521484	-70.494728
13006.054688	-69.970329
13027.587891	-70.078239
13049.121094	-70.722702
13070.654297	-71.373306
13092.187500	-72.063728
13113.720703	-70.607025
13135.253906	-69.645958
13156.787109	-70.547302
13178.320312	-71.449387
13199.853516	-71.038605
13221.386719	-71.281372
13242.919922	-70.740479
13264.453125	-70.152542
13285.986328	-69.954491
13307.519531	-70.152657
13329.052734	-70.537773
13350.585938	-70.457558
13372.119141	-71.750931
13393.652344	-71.775848
13415.185547	-70.956863
13436.718750	-70.973709
13458.251953	-72.042633
13479.785156	-72.065254
13501.318359	-72.306961
13522.851562	-71.564384
13544.384766	-71.624985
13565.917969	-72.673042
13587.451172	-71.828957
13608.984375	-71.607109
13630.517578	-72.832726
13652.050781	-71.935913
13673.583984	-71.909607
13695.117188	-71.925446
13716.650391	-72.236237
13738.183594	-71.708427
13759.716797	-72.205582
13781.250000	-73.034317
13802.783203	-71.695320
13824.316406	-72.210182
13845.849609	-72.760979
13867.382812	-72.775757
13888.916016	-73.387688
13910.449219	-73.223007
13931.982422	-71.972893
13953.515625	-72.238777
13975.048828	-72.441429
13996.582031	-73.155304
14018.115234	-73.125679
14039.648438	-72.712570
14061.181641	-73.228020
14082.714844	-73.903221
14104.248047	-73.271805
14125.781250	-72.492638
14147.314453	-73.433167
14168.847656	-73.982491
14190.380859	-74.200417
14211.914062	-72.968781
14233.447266	-73.034164
14254.980469	-74.118050
14276.513672	-73.918755
14298.046875	-73.975357
14319.580078	-73.572144
14341.113281	-73.174828
14362.646484	-73.564377
14384.179688	-73.308540
14405.712891	-73.838318
14427.246094	-74.020782
14448.779297	-74.310524
14470.312500	-75.053947
14491.845703	-74.352287
14513.378906	-74.254173
14534.912109	-74.292274
14556.445312	-74.627113
14577.978516	-74.704430
14599.511719	-75.301613
14621.044922	-74.562973
14642.578125	-74.002151
14664.111328	-74.147346
14685.644531	-74.868675
14707.177734	-74.763756
14728.710938	-74.691795
14750.244141	-75.749260
14771.777344	-76.120651
14793.310547	-75.117943
14814.843750	-75.985847
14836.376953	-75.475861
14857.910156	-75.878159
14879.443359	-75.265373
14900.976562	-75.576683
14922.509766	-76.307602
14944.042969	-75.890694
14965.576172	-75.995949
14987.109375	-75.704613
15008.642578	-75.734566
15030.175781	-75.793472
15051.708984	-75.593071
15073.242188	-75.672539
15094.775391	-76.538147
15116.308594	-76.734558
15137.841797	-77.006233
15159.375000	-76.998810
15180.908203	-77.386230
15202.441406	-77.085785
15223.974609	-76.009850
15245.507812	-76.623917
15267.041016	-77.510788
15288.574219	-76.941765
15310.107422	-76.750801
15331.640625	-76.394600
15353.173828	-76.803436
15374.707031	-77.050621
15396.240234	-77.196068
15417.773438	-76.501060
15439.306641	-76.475906
15460.839844	-76.595947
15482.373047	-77.041550
15503.906250	-77.312607
15525.439453	-77.408974
15546.972656	-77.530670
15568.505859	-78.073219
15590.039062	-78.116432
15611.572266	-77.362183
15633.105469	-77.134453
15654.638672	-77.301720
15676.171875	-76.879532
15697.705078	-77.177750
15719.238281	-78.073837
15740.771484	-77.056564
15762.304688	-77.190453
15783.837891	-78.069344
15805.371094	-78.001282
15826.904297	-77.380577
15848.437500	-77.125359
15869.970703	-77.027260
15891.503906	-77.539764
15913.037109	-77.660164
15934.570312	-78.219856
15956.103516	-77.634445
15977.636719	-78.205460
15999.169922	-78.705597
16020.703125	-78.858841
16042.236328	-78.776474
16063.769531	-79.171822
16085.302734	-79.234230
16106.835938	-79.394745
16128.369141	-78.963539
16149.902344	-78.488693
16171.435547	-79.230087
16192.968750	-78.827843
16214.501953	-78.868225
16236.035156	-78.949280
16257.568359	-79.461739
16279.101562	-79.837547
16300.634766	-79.721069
16322.167969	-78.491219
16343.701172	-78.432350
16365.234375	-79.146400
16386.767578	-79.729576
16408.300781	-80.162018
16429.833984	-80.040924
16451.367188	-79.184593
16472.900391	-79.139549
16494.433594	-80.142662
16515.966797	-79.967880
16537.500000	-80.395264
16559.033203	-81.083267
16580.566406	-79.660271
16602.099609	-79.406487
16623.632812	-79.911797
16645.166016	-79.567726
16666.699219	-79.856972
16688.232422	-80.848976
16709.765625	-81.404976
16731.298828	-80.274612
16752.832031	-79.864746
16774.365234	-80.614388
16795.898438	-81.209656
16817.431641	-80.871422
16838.964844	-80.694366
16860.498047	-81.318161
16882.031250	-81.635757
16903.564453	-82.398872
16925.097656	-81.776237
16946.630859	-81.697723
16968.164062	-81.075760
16989.697266	-80.170616
17011.230469	-80.704910
17032.763672	-81.557587
17054.296875	-82.469406
17075.830078	-82.758362
17097.363281	-82.429276
17118.896484	-82.437187
17140.429688	-82.164330
17161.962891	-81.215240
17183.496094	-81.889877
17205.029297	-82.086678
17226.562500	-82.331383
17248.095703	-82.044052
17269.628906	-82.082130
17291.162109	-82.335739
17312.695312	-82.485069
17334.228516	-82.364761
17355.761719	-82.677895
17377.294922	-82.688332
17398.828125	-82.427994
17420.361328	-83.438477
17441.894531	-82.521317
17463.427734	-82.389069
17484.960938	-82.341919
17506.494141	-82.784706
17528.027344	-82.786636
17549.560547	-82.445526
17571.093750	-83.285706
17592.626953	-83.557381
17614.160156	-83.776695
17635.693359	-83.553474
17657.226562	-83.115257
17678.759766	-84.139984
17700.292969	-84.776192
17721.826172	-84.971497
17743.359375	-84.331223
17764.892578	-83.853989
17786.425781	-84.145119
17807.958984	-84.144096
17829.492188	-83.964790
17851.025391	-83.584526
17872.558594	-83.491493
17894.091797	-82.739594
17915.625000	-83.261948
17937.158203	-84.161949
17958.691406	-83.552048
17980.224609	-83.789238
18001.757812	-83.644318
18023.291016	-84.167221
18044.824219	-84.555885
18066.357422	-84.866486
18087.890625	-84.392738
18109.423828	-84.589806
18130.957031	-85.247719
18152.490234	-85.245255
18174.023438	-84.712135
18195.556641	-84.155594
18217.089844	-85.063820
18238.623047	-85.517868
18260.156250	-85.474991
18281.689453	-85.429779
18303.222656	-85.043205
18324.755859	-85.217293
18346.289062	-84.874367
18367.822266	-85.753105
18389.355469	-85.658623
18410.888672	-85.840927
18432.421875	-86.342590
18453.955078	-86.198837
18475.488281	-86.818161
18497.021484	-85.948380
18518.554688	-85.181297
18540.087891	-85.440742
18561.621094	-85.776169
18583.154297	-86.738258
18604.687500	-87.076027
18626.220703	-86.644081
18647.753906	-85.923233
18669.287109	-85.702347
18690.820312	-86.261513
18712.353516	-85.971100
18733.886719	-86.290871
18755.419922	-85.799591
18776.953125	-85.642334
18798.486328	-86.217224
18820.019531	-86.452492
18841.552734	-87.117393
18863.085938	-87.631340
18884.619141	-87.909256
18906.152344	-87.376129
18927.685547	-87.294991
18949.218750	-87.844734
18970.751953	-87.558723
18992.285156	-87.655090
19013.818359	-88.000488
19035.351562	-87.751381
19056.884766	-87.544014
19078.417969	-87.890900
19099.951172	-88.630058
19121.484375	-88.324669
19143.017578	-88.336479
19164.550781	-87.547981
19186.083984	-88.746979
19207.617188	-89.078415
19229.150391	-88.676460
19250.683594	-88.774719
19272.216797	-89.674416
19293.750000	-89.357452
19315.283203	-89.573593
19336.816406	-89.731995
19358.349609	-89.264412
19379.882812	-90.094688
19401.416016	-90.527130
19422.949219	-91.293686
19444.482422	-92.263115
19466.015625	-91.609703
19487.548828	-89.976257
19509.082031	-90.613937
19530.615234	-91.110771
19552.148438	-90.815437
19573.681641	-92.118179
19595.214844	-92.263206
19616.748047	-91.324203
19638.281250	-92.010353
19659.814453	-93.020828
19681.347656	-93.488037
19702.880859	-93.948303
19724.414062	-93.479195
19745.947266	-93.080223
19767.480469	-94.886696
19789.013672	-94.247505
19810.546875	-94.604828
19832.080078	-94.828476
19853.613281	-94.940140
19875.146484	-95.351540
19896.679688	-95.539711
19918.212891	-95.832993
19939.746094	-96.535423
19961.279297	-95.752640
19982.812500	-96.293221
20004.345703	-97.378662
20025.878906	-97.960518
20047.412109	-97.654221
20068.945312	-98.123604
20090.478516	-99.130241
20112.011719	-99.726830
20133.544922	-99.888344
20155.078125	-99.812309
20176.611328	-100.222153
20198.144531	-101.656113
20219.677734	-101.062477
20241.210938	-101.294792
20262.744141	-102.674805
20284.277344	-102.301018
20305.810547	-102.440765
20327.343750	-103.396667
20348.876953	-104.661507
20370.410156	-105.334854
20391.943359	-105.378265
20413.476562	-105.770935
20435.009766	-107.552094
20456.542969	-107.926575
20478.076172	-107.999344
20499.609375	-107.405556
20521.142578	-107.235313
20542.675781	-108.529831
20564.208984	-108.780846
20585.742188	-110.147461
20607.275391	-111.105659
20628.808594	-111.476425
20650.341797	-111.967384
20671.875000	-112.952713
20693.408203	-113.569527
20714.941406	-113.815521
20736.474609	-114.314491
20758.007812	-115.745087
20779.541016	-116.848366
20801.074219	-118.242859
20822.607422	-118.878807
20844.140625	-118.748337
20865.673828	-119.969826
20887.207031	-121.343513
20908.740234	-121.343124
20930.273438	-122.434814
20951.806641	-123.444176
20973.339844	-124.266853
20994.873047	-124.317642
21016.406250	-125.231178
21037.939453	-126.530159
21059.472656	-127.589638
21081.005859	-128.110565
21102.539062	-129.299927
21124.072266	-130.982803
21145.605469	-132.428986
21167.138672	-133.756470
21188.671875	-134.284851
21210.205078	-134.746521
21231.738281	-137.101120
21253.271484	-137.709595
21274.804688	-138.679596
21296.337891	-139.168488
21317.871094	-140.670135
21339.404297	-142.553528
21360.937500	-143.280121
21382.470703	-144.230850
21404.003906	-146.277283
21425.537109	-148.903931
21447.070312	-149.574814
21468.603516	-150.615784
21490.136719	-153.658737
21511.669922	-154.287964
21533.203125	-155.353470
21554.736328	-156.441727
21576.269531	-158.706772
21597.802734	-160.053818
21619.335938	-161.928146
21640.869141	-164.508453
21662.402344	-164.563660
21683.935547	-166.473740
21705.468750	-167.720917
21727.001953	-168.145950
21748.535156	-168.918365
21770.068359	-169.437225
21791.601562	-169.573883
21813.134766	-169.825500
21834.667969	-171.039185
21856.201172	-170.872925
21877.734375	-170.759155
21899.267578	-171.123596
21920.800781	-171.535141
21942.333984	-171.893982
21963.867188	-172.517700
21985.400391	-172.116516
22006.933594	-172.684631
22028.466797	-174.898880
