Frequency (Hz)	Level (dB)
43.066406	-32.994221
86.132812	-35.567284
129.199219	-37.522102
172.265625	-39.168621
215.332031	-40.110615
258.398438	-40.528103
301.464844	-40.827042
344.531250	-41.647377
387.597656	-41.900791
430.664062	-42.244923
473.730469	-41.976570
516.796875	-41.627796
559.863281	-41.539181
602.929688	-41.357960
645.996094	-41.115627
689.062500	-41.039398
732.128906	-41.178032
775.195312	-41.361004
818.261719	-41.459549
861.328125	-41.681805
904.394531	-42.034481
947.460938	-42.103069
990.527344	-41.763851
1033.593750	-41.634037
1076.660156	-41.536907
1119.726562	-41.694260
1162.792969	-41.889946
1205.859375	-41.947041
1248.925781	-42.185165
1291.992188	-42.640476
1335.058594	-43.167072
1378.125000	-43.823921
1421.191406	-44.332878
1464.257812	-44.603352
1507.324219	-45.056480
1550.390625	-45.620766
1593.457031	-45.991562
1636.523438	-46.302349
1679.589844	-46.614559
1722.656250	-46.813545
1765.722656	-47.048771
1808.789062	-47.450115
1851.855469	-47.836746
1894.921875	-48.372231
1937.988281	-48.954121
1981.054688	-49.438480
2024.121094	-49.831112
2067.187500	-50.373013
2110.253906	-50.944084
2153.320312	-51.560474
2196.386719	-51.877926
2239.453125	-52.025391
2282.519531	-52.261864
2325.585938	-52.594074
2368.652344	-53.155922
2411.718750	-53.765343
2454.785156	-53.978966
2497.851562	-54.216713
2540.917969	-54.539738
2583.984375	-55.249657
2627.050781	-55.857975
2670.117188	-56.239185
2713.183594	-56.378841
2756.250000	-56.439823
2799.316406	-56.762730
2842.382812	-57.042984
2885.449219	-57.041031
2928.515625	-57.297485
2971.582031	-57.749538
3014.648438	-57.974941
3057.714844	-58.065742
3100.781250	-58.061981
3143.847656	-58.243736
3186.914062	-58.766937
3229.980469	-59.108204
3273.046875	-59.251671
3316.113281	-59.106186
3359.179688	-59.277966
3402.246094	-59.641979
3445.312500	-59.877899
3488.378906	-60.030869
3531.445312	-60.037155
3574.511719	-59.786160
3617.578125	-60.004604
3660.644531	-60.146202
3703.710938	-60.338303
3746.777344	-60.544491
3789.843750	-60.449497
3832.910156	-60.773739
3875.976562	-61.086163
3919.042969	-61.081230
3962.109375	-61.173443
4005.175781	-61.202415
4048.242188	-61.448109
4091.308594	-61.466835
4134.375000	-61.384701
4177.441406	-61.769737
4220.507812	-62.076324
4263.574219	-61.956318
4306.640625	-62.062820
4349.707031	-62.347122
4392.773438	-62.317059
4435.839844	-62.402653
4478.906250	-62.499550
4521.972656	-62.716202
4565.039062	-62.708969
4608.105469	-62.897980
4651.171875	-63.095921
4694.238281	-62.925793
4737.304688	-63.091251
4780.371094	-63.340748
4823.437500	-63.292583
4866.503906	-63.435204
4909.570312	-63.478394
4952.636719	-63.472458
4995.703125	-63.487526
5038.769531	-63.736897
5081.835938	-63.806812
5124.902344	-63.610603
5167.968750	-63.588722
5211.035156	-64.169937
5254.101562	-64.327637
5297.167969	-64.209175
5340.234375	-64.155991
5383.300781	-64.636314
5426.367188	-65.072929
5469.433594	-64.881813
5512.500000	-64.919838
5555.566406	-64.789551
5598.632812	-64.660393
5641.699219	-64.392288
5684.765625	-64.131851
5727.832031	-64.520836
5770.898438	-65.054314
5813.964844	-64.983925
5857.031250	-64.816826
5900.097656	-64.935165
5943.164062	-64.966660
5986.230469	-65.007622
6029.296875	-65.008659
6072.363281	-65.121452
6115.429688	-65.395409
6158.496094	-65.713028
6201.562500	-65.726501
6244.628906	-65.446434
6287.695312	-65.276978
6330.761719	-65.281013
6373.828125	-65.439720
6416.894531	-65.499146
6459.960938	-65.466164
6503.027344	-65.602295
6546.093750	-66.118141
6589.160156	-66.005806
6632.226562	-66.212799
6675.292969	-66.541656
6718.359375	-66.005898
6761.425781	-66.379906
6804.492188	-66.449394
6847.558594	-66.341278
6890.625000	-66.434372
6933.691406	-66.470940
6976.757812	-66.290962
7019.824219	-66.453072
7062.890625	-66.496483
7105.957031	-66.857483
7149.023438	-67.101555
7192.089844	-67.144386
7235.156250	-66.857147
7278.222656	-66.743912
7321.289062	-66.989594
7364.355469	-66.800964
7407.421875	-67.123497
7450.488281	-66.968483
7493.554688	-67.188606
7536.621094	-67.161926
7579.687500	-67.187347
7622.753906	-67.533974
7665.820312	-67.446892
7708.886719	-67.570480
7751.953125	-67.278442
7795.019531	-67.107796
7838.085938	-67.291206
7881.152344	-67.528557
7924.218750	-67.534836
7967.285156	-67.414871
8010.351562	-67.666534
8053.417969	-68.038544
8096.484375	-67.917816
8139.550781	-67.725304
8182.617188	-67.748291
8225.683594	-67.705643
8268.750000	-68.179077
8311.816406	-67.905350
8354.882812	-67.983971
8397.949219	-67.794975
8441.015625	-68.163765
8484.082031	-68.761147
8527.148438	-68.247108
8570.214844	-68.394920
8613.281250	-68.195190
8656.347656	-67.916016
8699.414062	-68.495026
8742.480469	-68.665031
8785.546875	-67.823181
8828.613281	-67.949265
8871.679688	-68.511909
8914.746094	-68.810837
8957.812500	-68.289932
9000.878906	-68.499687
9043.945312	-68.473404
9087.011719	-68.462166
9130.078125	-68.986359
9173.144531	-69.079315
9216.210938	-68.687744
9259.277344	-68.560272
9302.343750	-68.658173
9345.410156	-69.285934
9388.476562	-69.482330
9431.542969	-68.974464
9474.609375	-68.953308
9517.675781	-68.702667
9560.742188	-68.636276
9603.808594	-69.404411
9646.875000	-70.059143
9689.941406	-69.533981
9733.007812	-69.201843
9776.074219	-69.641624
9819.140625	-69.602242
9862.207031	-69.463295
9905.273438	-69.352638
9948.339844	-69.547951
9991.406250	-69.937561
10034.472656	-69.920830
10077.539062	-69.252052
10120.605469	-69.291702
10163.671875	-70.080894
10206.738281	-69.667030
10249.804688	-69.930748
10292.871094	-69.821411
10335.937500	-69.586967
10379.003906	-69.850891
10422.070312	-70.143013
10465.136719	-70.117912
10508.203125	-70.223602
10551.269531	-70.265778
10594.335938	-70.217010
10637.402344	-70.234550
10680.468750	-70.306839
10723.535156	-70.054756
10766.601562	-70.337341
10809.667969	-70.371552
10852.734375	-70.224998
10895.800781	-70.325722
10938.867188	-70.282974
10981.933594	-70.427368
11025.000000	-70.624413
11068.066406	-70.927727
11111.132812	-70.721909
11154.199219	-70.701942
11197.265625	-70.946068
11240.332031	-71.154984
11283.398438	-71.021034
11326.464844	-70.908875
11369.531250	-70.531754
11412.597656	-70.836929
11455.664062	-70.694603
11498.730469	-70.980659
11541.796875	-70.876495
11584.863281	-70.846069
11627.929688	-70.895767
11670.996094	-71.300011
11714.062500	-71.337433
11757.128906	-71.021622
11800.195312	-71.000443
11843.261719	-71.136887
11886.328125	-71.067543
11929.394531	-71.418015
11972.460938	-71.470978
12015.527344	-71.379250
12058.593750	-71.224571
12101.660156	-71.220543
12144.726562	-71.665352
12187.792969	-72.182411
12230.859375	-71.793396
12273.925781	-71.710991
12316.992188	-71.787140
12360.058594	-71.449852
12403.125000	-71.744469
12446.191406	-71.709930
12489.257812	-71.401352
12532.324219	-71.751953
12575.390625	-71.886749
12618.457031	-71.773552
12661.523438	-72.245758
12704.589844	-71.994225
12747.656250	-71.757431
12790.722656	-72.266724
12833.789062	-72.273781
12876.855469	-72.005524
12919.921875	-72.209396
12962.988281	-72.343941
13006.054688	-72.425247
13049.121094	-72.377426
13092.187500	-72.438286
13135.253906	-72.870811
13178.320312	-72.353424
13221.386719	-72.698845
13264.453125	-72.878838
13307.519531	-72.629120
13350.585938	-72.703445
13393.652344	-72.427841
13436.718750	-72.740326
13479.785156	-72.839905
13522.851562	-72.761787
13565.917969	-72.793411
13608.984375	-72.778885
13652.050781	-72.928154
13695.117188	-72.879837
13738.183594	-72.864372
13781.250000	-72.900360
13824.316406	-72.693275
13867.382812	-72.820290
13910.449219	-73.050659
13953.515625	-73.017265
13996.582031	-73.309036
14039.648438	-73.090561
14082.714844	-73.009911
14125.781250	-73.446899
14168.847656	-73.265038
14211.914062	-72.996361
14254.980469	-73.239166
14298.046875	-73.135750
14341.113281	-72.876366
14384.179688	-73.348076
14427.246094	-73.499352
14470.312500	-73.653618
14513.378906	-73.433304
14556.445312	-73.616722
14599.511719	-73.596954
14642.578125	-73.590172
14685.644531	-73.394478
14728.710938	-73.349655
14771.777344	-73.941925
14814.843750	-74.372856
14857.910156	-73.809654
14900.976562	-73.529922
14944.042969	-73.621841
14987.109375	-73.680565
15030.175781	-73.724754
15073.242188	-74.413765
15116.308594	-74.086899
15159.375000	-73.870193
15202.441406	-74.580414
15245.507812	-74.683769
15288.574219	-74.093384
15331.640625	-73.895660
15374.707031	-74.187126
15417.773438	-74.152336
15460.839844	-74.143242
15503.906250	-74.269196
15546.972656	-74.366913
15590.039062	-74.716660
15633.105469	-74.788956
15676.171875	-74.538162
15719.238281	-74.583542
15762.304688	-74.568726
15805.371094	-74.727501
15848.437500	-74.465759
15891.503906	-74.739075
15934.570312	-74.853966
15977.636719	-74.778496
16020.703125	-74.848419
16063.769531	-75.049332
16106.835938	-75.046036
16149.902344	-74.969498
16192.968750	-75.160263
16236.035156	-75.460251
16279.101562	-74.953156
16322.167969	-74.764595
16365.234375	-75.083954
16408.300781	-74.985901
16451.367188	-75.470787
16494.433594	-75.662979
16537.500000	-75.154823
16580.566406	-74.922165
16623.632812	-75.061882
16666.699219	-75.049255
16709.765625	-75.674126
16752.832031	-75.250214
16795.898438	-75.093056
16838.964844	-75.222580
16882.031250	-75.333633
16925.097656	-75.490852
16968.164062	-75.735069
17011.230469	-75.603188
17054.296875	-75.797050
17097.363281	-76.072540
17140.429688	-75.999641
17183.496094	-75.768562
17226.562500	-75.734917
17269.628906	-75.865402
17312.695312	-75.608849
17355.761719	-75.471931
17398.828125	-75.784134
17441.894531	-75.635971
17484.960938	-75.728783
17528.027344	-75.898117
17571.093750	-76.254936
17614.160156	-75.930481
17657.226562	-76.131882
17700.292969	-76.180046
17743.359375	-76.487427
17786.425781	-76.432579
17829.492188	-76.033813
17872.558594	-75.909531
17915.625000	-76.410301
17958.691406	-76.423126
18001.757812	-76.369179
18044.824219	-76.245453
18087.890625	-76.706802
18130.957031	-76.551765
18174.023438	-76.274452
18217.089844	-76.473236
18260.156250	-76.914566
18303.222656	-76.832985
18346.289062	-76.588081
18389.355469	-76.893944
18432.421875	-76.948227
18475.488281	-76.753372
18518.554688	-76.947670
18561.621094	-77.339325
18604.687500	-77.014626
18647.753906	-77.111847
18690.820312	-77.193565
18733.886719	-77.463844
18776.953125	-77.212807
18820.019531	-76.868896
18863.085938	-76.513885
18906.152344	-76.495934
18949.218750	-77.088295
18992.285156	-77.223587
19035.351562	-76.948891
19078.417969	-77.017235
19121.484375	-77.123077
19164.550781	-76.844650
19207.617188	-76.965065
19250.683594	-77.180687
19293.750000	-77.045685
19336.816406	-77.540161
19379.882812	-77.785530
19422.949219	-77.811157
19466.015625	-77.460396
19509.082031	-77.765800
19552.148438	-77.936523
19595.214844	-77.441307
19638.281250	-77.639961
19681.347656	-77.841133
19724.414062	-77.740578
19767.480469	-77.807198
19810.546875	-77.660995
19853.613281	-77.922035
19896.679688	-77.728004
19939.746094	-77.679222
19982.812500	-77.826721
20025.878906	-78.152603
20068.945312	-78.373009
20112.011719	-77.896324
20155.078125	-78.228722
20198.144531	-78.442360
20241.210938	-78.179047
20284.277344	-77.921448
20327.343750	-78.156113
20370.410156	-78.156784
20413.476562	-78.231422
20456.542969	-78.114265
20499.609375	-78.263756
20542.675781	-78.256638
20585.742188	-78.359825
20628.808594	-78.568802
20671.875000	-78.622978
20714.941406	-78.476006
20758.007812	-78.477592
20801.074219	-78.411827
20844.140625	-78.569344
20887.207031	-78.834106
20930.273438	-78.965050
20973.339844	-79.053848
21016.406250	-78.919327
21059.472656	-79.084450
21102.539062	-78.807716
21145.605469	-78.855545
21188.671875	-78.945511
21231.738281	-79.044708
21274.804688	-79.193298
21317.871094	-79.499130
21360.937500	-79.415977
21404.003906	-78.847893
21447.070312	-79.000031
21490.136719	-79.343712
21533.203125	-79.774712
21576.269531	-79.724251
21619.335938	-79.369942
21662.402344	-79.628998
21705.468750	-80.472427
21748.535156	-80.177979
21791.601562	-79.843048
21834.667969	-80.201530
21877.734375	-80.798813
21920.800781	-81.085197
21963.867188	-81.090065
22006.933594	-80.899796
