Frequency (Hz)	Level (dB)
43.066406	-15.301186
86.132812	-16.199305
129.199219	-18.036465
172.265625	-18.523083
215.332031	-19.029354
258.398438	-19.575249
301.464844	-20.179611
344.531250	-20.803654
387.597656	-20.922457
430.664062	-21.221779
473.730469	-21.669378
516.796875	-21.913046
559.863281	-21.963814
602.929688	-22.099354
645.996094	-22.256147
689.062500	-22.534170
732.128906	-22.771667
775.195312	-23.496775
818.261719	-23.509247
861.328125	-23.659681
904.394531	-24.044069
947.460938	-24.139887
990.527344	-24.097010
1033.593750	-24.224648
1076.660156	-24.020985
1119.726562	-24.389862
1162.792969	-24.271420
1205.859375	-24.937572
1248.925781	-25.139503
1291.992188	-25.387287
1335.058594	-25.302778
1378.125000	-25.077730
1421.191406	-25.651585
1464.257812	-25.973587
1507.324219	-26.167723
1550.390625	-26.741604
1593.457031	-26.945475
1636.523438	-26.859705
1679.589844	-26.814297
1722.656250	-26.511354
1765.722656	-27.046768
1808.789062	-27.012152
1851.855469	-27.158508
1894.921875	-27.610989
1937.988281	-27.980070
1981.054688	-27.575590
2024.121094	-27.824852
2067.187500	-27.813351
2110.253906	-28.035099
2153.320312	-27.875143
2196.386719	-28.368479
2239.453125	-27.904583
2282.519531	-27.853952
2325.585938	-27.852064
2368.652344	-28.205809
2411.718750	-28.725542
2454.785156	-29.290628
2497.851562	-29.103552
2540.917969	-28.899162
2583.984375	-29.358948
2627.050781	-29.967285
2670.117188	-29.599035
2713.183594	-29.213482
2756.250000	-29.335293
2799.316406	-30.001497
2842.382812	-30.239214
2885.449219	-30.094135
2928.515625	-29.871828
2971.582031	-30.029167
3014.648438	-30.401316
3057.714844	-30.251301
3100.781250	-30.559614
3143.847656	-30.801445
3186.914062	-30.747086
3229.980469	-30.953909
3273.046875	-31.016512
3316.113281	-30.940823
3359.179688	-31.267279
3402.246094	-31.730946
3445.312500	-32.144817
3488.378906	-31.859520
3531.445312	-31.666151
3574.511719	-31.750525
3617.578125	-31.897552
3660.644531	-32.031761
3703.710938	-31.987944
3746.777344	-32.115189
3789.843750	-32.033867
3832.910156	-32.167496
3875.976562	-32.267330
3919.042969	-32.757198
3962.109375	-32.832462
4005.175781	-32.856567
4048.242188	-33.113625
4091.308594	-33.277615
4134.375000	-33.451954
4177.441406	-33.116871
4220.507812	-33.078354
4263.574219	-33.513771
4306.640625	-33.583351
4349.707031	-33.650917
4392.773438	-34.423725
4435.839844	-34.194489
4478.906250	-33.924038
4521.972656	-34.302597
4565.039062	-34.423805
4608.105469	-34.497520
4651.171875	-34.950996
4694.238281	-35.010269
4737.304688	-34.605648
4780.371094	-34.475605
4823.437500	-34.564781
4866.503906	-34.970219
4909.570312	-35.132278
4952.636719	-35.301968
4995.703125	-35.304092
5038.769531	-35.193619
5081.835938	-35.104744
5124.902344	-35.059361
5167.968750	-35.413620
5211.035156	-35.740562
5254.101562	-35.824661
5297.167969	-35.609772
5340.234375	-35.592777
5383.300781	-35.660583
5426.367188	-36.356262
5469.433594	-36.077682
5512.500000	-36.181599
5555.566406	-36.021122
5598.632812	-36.169838
5641.699219	-36.522926
5684.765625	-36.402218
5727.832031	-36.688683
5770.898438	-36.613056
5813.964844	-36.637833
5857.031250	-36.708725
5900.097656	-36.476627
5943.164062	-36.615406
5986.230469	-36.905903
6029.296875	-36.945511
6072.363281	-37.125336
6115.429688	-37.227852
6158.496094	-37.470497
6201.562500	-37.748116
6244.628906	-37.677216
6287.695312	-37.858120
6330.761719	-38.038265
6373.828125	-38.179188
6416.894531	-38.325256
6459.960938	-38.005493
6503.027344	-37.878281
6546.093750	-38.179863
6589.160156	-38.513268
6632.226562	-38.384315
6675.292969	-38.489777
6718.359375	-38.878109
6761.425781	-38.827713
6804.492188	-38.878571
6847.558594	-38.824070
6890.625000	-38.884140
6933.691406	-39.236858
6976.757812	-38.805088
7019.824219	-38.792725
7062.890625	-38.974865
7105.957031	-39.215023
7149.023438	-39.079792
7192.089844	-39.466751
7235.156250	-39.612003
7278.222656	-39.438602
7321.289062	-39.733212
7364.355469	-39.587685
7407.421875	-39.954906
7450.488281	-39.943256
7493.554688	-39.797867
7536.621094	-40.032379
7579.687500	-40.363174
7622.753906	-40.452679
7665.820312	-40.818092
7708.886719	-40.551102
7751.953125	-40.480289
7795.019531	-40.467636
7838.085938	-40.033230
7881.152344	-40.422817
7924.218750	-40.990788
7967.285156	-40.874214
8010.351562	-40.671314
8053.417969	-40.831234
8096.484375	-40.598713
8139.550781	-40.668415
8182.617188	-40.925602
8225.683594	-41.245087
8268.750000	-41.276241
8311.816406	-41.446415
8354.882812	-41.590069
8397.949219	-41.087837
8441.015625	-41.269875
8484.082031	-41.693874
8527.148438	-41.908798
8570.214844	-41.771770
8613.281250	-41.701077
8656.347656	-41.823776
8699.414062	-41.955009
8742.480469	-41.843548
8785.546875	-41.640366
8828.613281	-41.803734
8871.679688	-41.935276
8914.746094	-42.221703
8957.812500	-42.700233
9000.878906	-42.823112
9043.945312	-42.662727
9087.011719	-42.347160
9130.078125	-42.258224
9173.144531	-42.338505
9216.210938	-42.302608
9259.277344	-42.815472
9302.343750	-42.830124
9345.410156	-42.890049
9388.476562	-42.977669
9431.542969	-43.192520
9474.609375	-43.195518
9517.675781	-42.616985
9560.742188	-42.657791
9603.808594	-43.391125
9646.875000	-43.559620
9689.941406	-43.784618
9733.007812	-43.488033
9776.074219	-43.454815
9819.140625	-43.734348
9862.207031	-43.865753
9905.273438	-44.079624
9948.339844	-44.210144
9991.406250	-44.077763
10034.472656	-43.445702
10077.539062	-43.671490
10120.605469	-43.924469
10163.671875	-44.027508
10206.738281	-44.191093
10249.804688	-43.901817
10292.871094	-44.243710
10335.937500	-44.463421
10379.003906	-44.568977
10422.070312	-44.377777
10465.136719	-44.080601
10508.203125	-44.683971
10551.269531	-44.535694
10594.335938	-44.464378
10637.402344	-44.348991
10680.468750	-44.627270
10723.535156	-45.074669
10766.601562	-45.205872
10809.667969	-44.935749
10852.734375	-45.046104
10895.800781	-45.233917
10938.867188	-45.511181
10981.933594	-45.738152
11025.000000	-45.294361
11068.066406	-45.219124
11111.132812	-45.597412
11154.199219	-45.621964
11197.265625	-45.467548
11240.332031	-45.531059
11283.398438	-45.286461
11326.464844	-45.086071
11369.531250	-45.584694
11412.597656	-45.538891
11455.664062	-45.836151
11498.730469	-46.074837
11541.796875	-46.144691
11584.863281	-45.883244
11627.929688	-46.140961
11670.996094	-46.153282
11714.062500	-45.845585
11757.128906	-46.148849
11800.195312	-45.918007
11843.261719	-45.887352
11886.328125	-45.857498
11929.394531	-46.051048
11972.460938	-46.684406
12015.527344	-46.454807
12058.593750	-46.615742
12101.660156	-46.883572
12144.726562	-47.020161
12187.792969	-46.765491
12230.859375	-46.670837
12273.925781	-46.969482
12316.992188	-47.050900
12360.058594	-46.725712
12403.125000	-46.812511
12446.191406	-47.363621
12489.257812	-47.323975
12532.324219	-47.054535
12575.390625	-46.855629
12618.457031	-47.302773
12661.523438	-47.757126
12704.589844	-47.501751
12747.656250	-47.441746
12790.722656	-47.503181
12833.789062	-47.612530
12876.855469	-47.929901
12919.921875	-47.933949
12962.988281	-47.837158
13006.054688	-47.913082
13049.121094	-48.111134
13092.187500	-48.035103
13135.253906	-48.364494
13178.320312	-48.276642
13221.386719	-47.929207
13264.453125	-48.390228
13307.519531	-48.865917
13350.585938	-48.550163
13393.652344	-48.105061
13436.718750	-48.420029
13479.785156	-48.494034
13522.851562	-48.681400
13565.917969	-48.383274
13608.984375	-48.233860
13652.050781	-48.203224
13695.117188	-48.662594
13738.183594	-48.930172
13781.250000	-48.968403
13824.316406	-48.940048
13867.382812	-48.459324
13910.449219	-48.509289
13953.515625	-48.936226
13996.582031	-49.122070
14039.648438	-49.325333
14082.714844	-49.212936
14125.781250	-49.272099
14168.847656	-49.869209
14211.914062	-49.574886
14254.980469	-49.140545
14298.046875	-49.486580
14341.113281	-49.496460
14384.179688	-49.606815
14427.246094	-49.952248
14470.312500	-49.313099
14513.378906	-49.347061
14556.445312	-50.056828
14599.511719	-49.799423
14642.578125	-49.537529
14685.644531	-49.528122
14728.710938	-49.634727
14771.777344	-49.994019
14814.843750	-49.632442
14857.910156	-49.740547
14900.976562	-50.074066
14944.042969	-49.728954
14987.109375	-49.890862
15030.175781	-50.266987
15073.242188	-49.987202
15116.308594	-49.490620
15159.375000	-49.769627
15202.441406	-50.164371
15245.507812	-50.072910
15288.574219	-50.369286
15331.640625	-50.359631
15374.707031	-50.471260
15417.773438	-51.075832
15460.839844	-51.125858
15503.906250	-51.007862
15546.972656	-50.639301
15590.039062	-50.712040
15633.105469	-51.006443
15676.171875	-50.856468
15719.238281	-51.092297
15762.304688	-51.306362
15805.371094	-50.855877
15848.437500	-50.786045
15891.503906	-50.897816
15934.570312	-51.035667
15977.636719	-51.126507
16020.703125	-51.399208
16063.769531	-51.701935
16106.835938	-51.729912
16149.902344	-51.979500
16192.968750	-51.964535
16236.035156	-51.926003
16279.101562	-51.651035
16322.167969	-51.240555
16365.234375	-51.370052
16408.300781	-51.777328
16451.367188	-52.101776
16494.433594	-51.955254
16537.500000	-51.750748
16580.566406	-51.916027
16623.632812	-51.989540
16666.699219	-52.399113
16709.765625	-52.187172
16752.832031	-51.887985
16795.898438	-51.934158
16838.964844	-51.775589
16882.031250	-52.378628
16925.097656	-52.392109
16968.164062	-51.968422
17011.230469	-51.871601
17054.296875	-52.199051
17097.363281	-52.550671
17140.429688	-52.877926
17183.496094	-52.933372
17226.562500	-52.593056
17269.628906	-52.377365
17312.695312	-52.582985
17355.761719	-52.563759
17398.828125	-52.858135
17441.894531	-53.025673
17484.960938	-53.075150
17528.027344	-53.146942
17571.093750	-53.219894
17614.160156	-53.342754
17657.226562	-53.207787
17700.292969	-53.337612
17743.359375	-53.518513
17786.425781	-53.267399
17829.492188	-53.418568
17872.558594	-53.362335
17915.625000	-53.027924
17958.691406	-53.171722
18001.757812	-53.353477
18044.824219	-53.133362
18087.890625	-53.340569
18130.957031	-53.724174
18174.023438	-53.725983
18217.089844	-53.566189
18260.156250	-53.380180
18303.222656	-54.093761
18346.289062	-54.312763
18389.355469	-53.983665
18432.421875	-53.986847
18475.488281	-54.479420
18518.554688	-54.101139
18561.621094	-54.040562
18604.687500	-53.770844
18647.753906	-53.875469
18690.820312	-54.268791
18733.886719	-54.265697
18776.953125	-54.177879
18820.019531	-54.401150
18863.085938	-54.579079
18906.152344	-54.642757
18949.218750	-54.788921
18992.285156	-54.358330
19035.351562	-54.556438
19078.417969	-54.606350
19121.484375	-54.605423
19164.550781	-54.816959
19207.617188	-54.657928
19250.683594	-54.979515
19293.750000	-55.065189
19336.816406	-54.726498
19379.882812	-55.001598
19422.949219	-54.891537
19466.015625	-55.621269
19509.082031	-55.229649
19552.148438	-54.837288
19595.214844	-54.909660
19638.281250	-55.275547
19681.347656	-55.261253
19724.414062	-55.005898
19767.480469	-54.714249
19810.546875	-55.054661
19853.613281	-55.326801
19896.679688	-55.225948
19939.746094	-55.623276
19982.812500	-55.679424
20025.878906	-55.862686
20068.945312	-55.807182
20112.011719	-55.727940
20155.078125	-55.769703
20198.144531	-55.834114
20241.210938	-55.876423
20284.277344	-55.788837
20327.343750	-55.689529
20370.410156	-55.890396
20413.476562	-56.070770
20456.542969	-55.710674
20499.609375	-56.068085
20542.675781	-56.367222
20585.742188	-56.270649
20628.808594	-55.956734
20671.875000	-56.005024
20714.941406	-56.329830
20758.007812	-56.595112
20801.074219	-56.079491
20844.140625	-56.379723
20887.207031	-56.733170
20930.273438	-56.671040
20973.339844	-56.709957
21016.406250	-56.522354
21059.472656	-56.816139
21102.539062	-56.760853
21145.605469	-57.037754
21188.671875	-57.338390
21231.738281	-57.516693
21274.804688	-57.326748
21317.871094	-57.058887
21360.937500	-57.235374
21404.003906	-57.276943
21447.070312	-57.120853
21490.136719	-57.317307
21533.203125	-57.565628
21576.269531	-57.318806
21619.335938	-57.349766
21662.402344	-57.434315
21705.468750	-57.314232
21748.535156	-57.254467
21791.601562	-57.354584
21834.667969	-57.619934
21877.734375	-57.876953
21920.800781	-57.457031
21963.867188	-57.557320
22006.933594	-57.470284
