Frequency (Hz)	Level (dB)
43.066406	-29.213200
86.132812	-27.323051
129.199219	-26.918636
172.265625	-26.915215
215.332031	-26.606766
258.398438	-26.516436
301.464844	-26.301805
344.531250	-26.064795
387.597656	-26.447403
430.664062	-26.579830
473.730469	-26.446550
516.796875	-26.618956
559.863281	-26.476204
602.929688	-26.064783
645.996094	-26.149891
689.062500	-26.595085
732.128906	-26.302414
775.195312	-26.693588
818.261719	-26.630541
861.328125	-26.965420
904.394531	-27.515610
947.460938	-27.433336
990.527344	-27.283949
1033.593750	-27.151751
1076.660156	-27.332886
1119.726562	-27.885147
1162.792969	-28.070047
1205.859375	-27.760534
1248.925781	-27.878044
1291.992188	-28.248972
1335.058594	-28.753511
1378.125000	-28.501667
1421.191406	-29.023424
1464.257812	-29.456316
1507.324219	-29.445141
1550.390625	-29.382757
1593.457031	-29.353971
1636.523438	-29.806723
1679.589844	-30.082840
1722.656250	-30.263355
1765.722656	-30.434252
1808.789062	-30.630465
1851.855469	-31.243277
1894.921875	-31.644217
1937.988281	-31.698069
1981.054688	-31.912821
2024.121094	-32.033112
2067.187500	-32.015415
2110.253906	-32.475079
2153.320312	-32.370842
2196.386719	-32.507900
2239.453125	-32.796486
2282.519531	-32.629349
2325.585938	-32.849831
2368.652344	-33.146297
2411.718750	-33.638771
2454.785156	-33.556267
2497.851562	-33.858250
2540.917969	-34.427906
2583.984375	-34.683758
2627.050781	-34.671627
2670.117188	-34.722870
2713.183594	-34.608467
2756.250000	-35.064064
2799.316406	-35.231655
2842.382812	-35.572849
2885.449219	-35.630569
2928.515625	-35.814377
2971.582031	-36.212666
3014.648438	-36.496979
3057.714844	-36.665440
3100.781250	-36.481888
3143.847656	-36.793720
3186.914062	-36.939484
3229.980469	-37.135113
3273.046875	-37.418781
3316.113281	-37.540295
3359.179688	-37.474705
3402.246094	-37.949287
3445.312500	-38.029556
3488.378906	-38.501408
3531.445312	-38.956013
3574.511719	-39.011723
3617.578125	-38.991455
3660.644531	-38.814041
3703.710938	-39.016201
3746.777344	-39.288788
3789.843750	-39.676674
3832.910156	-39.483734
3875.976562	-39.582500
3919.042969	-39.921185
3962.109375	-40.174622
4005.175781	-40.083351
4048.242188	-40.304008
4091.308594	-40.191250
4134.375000	-40.270233
4177.441406	-40.667213
4220.507812	-40.826679
4263.574219	-40.670376
4306.640625	-41.203995
4349.707031	-41.207737
4392.773438	-41.486942
4435.839844	-42.116360
4478.906250	-42.268829
4521.972656	-41.957943
4565.039062	-42.041012
4608.105469	-42.129452
4651.171875	-42.171219
4694.238281	-42.309361
4737.304688	-42.708473
4780.371094	-42.546551
4823.437500	-42.843922
4866.503906	-43.141243
4909.570312	-43.365288
4952.636719	-43.103554
4995.703125	-43.301151
5038.769531	-43.549091
5081.835938	-43.878571
5124.902344	-44.075130
5167.968750	-44.155735
5211.035156	-44.270630
5254.101562	-43.993477
5297.167969	-44.315945
5340.234375	-44.229942
5383.300781	-44.477482
5426.367188	-45.052147
5469.433594	-44.781090
5512.500000	-45.140781
5555.566406	-45.644897
5598.632812	-45.276707
5641.699219	-45.256851
5684.765625	-45.683117
5727.832031	-45.949413
5770.898438	-46.140678
5813.964844	-46.088619
5857.031250	-46.386742
5900.097656	-46.375103
5943.164062	-46.213623
5986.230469	-46.146149
6029.296875	-46.359665
6072.363281	-46.634823
6115.429688	-46.718388
6158.496094	-46.561142
6201.562500	-46.982780
6244.628906	-47.175938
6287.695312	-47.391556
6330.761719	-47.052399
6373.828125	-47.029285
6416.894531	-47.138992
6459.960938	-47.623291
6503.027344	-47.577839
6546.093750	-47.492409
6589.160156	-47.815109
6632.226562	-48.256603
6675.292969	-48.397186
6718.359375	-48.398621
6761.425781	-48.429085
6804.492188	-48.797710
6847.558594	-48.490398
6890.625000	-48.662704
6933.691406	-48.840050
6976.757812	-48.632671
7019.824219	-48.933964
7062.890625	-49.079666
7105.957031	-49.318745
7149.023438	-49.669353
7192.089844	-49.880447
7235.156250	-49.658871
7278.222656	-49.623898
7321.289062	-49.895836
7364.355469	-50.180714
7407.421875	-50.033554
7450.488281	-49.860958
7493.554688	-50.525204
7536.621094	-50.510899
7579.687500	-50.242172
7622.753906	-50.317142
7665.820312	-50.814686
7708.886719	-51.115562
7751.953125	-51.025826
7795.019531	-50.997234
7838.085938	-51.017036
7881.152344	-50.683292
7924.218750	-51.023647
7967.285156	-51.683365
8010.351562	-51.627163
8053.417969	-51.909798
8096.484375	-52.005344
8139.550781	-51.440529
8182.617188	-51.412415
8225.683594	-51.592278
8268.750000	-51.845264
8311.816406	-51.819801
8354.882812	-52.134251
8397.949219	-52.394985
8441.015625	-52.498081
8484.082031	-52.673981
8527.148438	-52.721588
8570.214844	-52.547340
8613.281250	-52.521275
8656.347656	-52.547779
8699.414062	-52.851299
8742.480469	-53.031525
8785.546875	-52.839611
8828.613281	-52.941322
8871.679688	-52.945152
8914.746094	-53.103642
8957.812500	-53.446117
9000.878906	-53.894283
9043.945312	-53.423477
9087.011719	-53.473667
9130.078125	-53.849327
9173.144531	-53.589638
9216.210938	-53.148125
9259.277344	-53.495262
9302.343750	-54.083450
9345.410156	-54.126568
9388.476562	-53.971226
9431.542969	-54.253044
9474.609375	-54.343723
9517.675781	-54.265575
9560.742188	-54.687302
9603.808594	-54.618500
9646.875000	-54.531548
9689.941406	-54.248634
9733.007812	-54.283913
9776.074219	-54.162674
9819.140625	-54.972588
9862.207031	-55.153687
9905.273438	-55.302979
9948.339844	-55.309418
9991.406250	-55.309650
10034.472656	-55.590153
10077.539062	-55.250034
10120.605469	-55.366703
10163.671875	-55.498863
10206.738281	-55.874798
10249.804688	-56.134041
10292.871094	-55.500118
10335.937500	-55.630230
10379.003906	-55.822269
10422.070312	-55.832138
10465.136719	-55.955849
10508.203125	-55.865860
10551.269531	-55.905796
10594.335938	-56.339855
10637.402344	-56.326054
10680.468750	-56.510921
10723.535156	-56.198154
10766.601562	-55.997051
10809.667969	-56.591522
10852.734375	-56.752934
10895.800781	-56.473835
10938.867188	-56.533798
10981.933594	-56.876728
11025.000000	-57.015129
11068.066406	-56.762932
11111.132812	-57.487755
11154.199219	-57.483097
11197.265625	-57.370865
11240.332031	-57.410782
11283.398438	-57.076733
11326.464844	-57.041328
11369.531250	-57.570881
11412.597656	-57.716026
11455.664062	-57.306767
11498.730469	-57.704445
11541.796875	-57.932373
11584.863281	-57.809471
11627.929688	-58.075928
11670.996094	-58.139069
11714.062500	-58.055317
11757.128906	-57.856552
11800.195312	-58.178722
11843.261719	-58.335266
11886.328125	-57.982941
11929.394531	-58.128609
11972.460938	-58.611172
12015.527344	-58.564281
12058.593750	-58.226463
12101.660156	-57.958946
12144.726562	-58.251457
12187.792969	-58.551373
12230.859375	-58.909054
12273.925781	-58.864304
12316.992188	-58.851360
12360.058594	-59.012363
12403.125000	-59.144024
12446.191406	-59.305183
12489.257812	-59.500134
12532.324219	-59.081573
12575.390625	-59.440205
12618.457031	-59.496269
12661.523438	-59.393143
12704.589844	-58.852524
12747.656250	-58.988586
12790.722656	-59.809322
12833.789062	-59.920555
12876.855469	-59.337040
12919.921875	-59.360603
12962.988281	-59.904690
13006.054688	-59.957527
13049.121094	-60.016968
13092.187500	-59.901627
13135.253906	-59.551071
13178.320312	-60.226170
13221.386719	-60.156246
13264.453125	-59.781361
13307.519531	-59.667225
13350.585938	-59.882542
13393.652344	-59.836872
13436.718750	-59.890854
13479.785156	-60.575127
13522.851562	-60.675911
13565.917969	-61.039093
13608.984375	-60.659462
13652.050781	-60.492153
13695.117188	-60.736374
13738.183594	-60.546383
13781.250000	-60.748066
13824.316406	-60.771046
13867.382812	-60.834812
13910.449219	-60.949062
13953.515625	-60.850269
13996.582031	-61.129169
14039.648438	-61.127434
14082.714844	-61.306431
14125.781250	-61.175499
14168.847656	-61.389606
14211.914062	-61.539562
14254.980469	-61.689350
14298.046875	-61.375507
14341.113281	-61.432697
14384.179688	-61.029385
14427.246094	-60.808495
14470.312500	-61.433617
14513.378906	-61.676090
14556.445312	-61.320511
14599.511719	-61.838486
14642.578125	-62.119480
14685.644531	-62.149841
14728.710938	-62.453033
14771.777344	-62.419411
14814.843750	-62.223927
14857.910156	-61.860336
14900.976562	-61.938774
14944.042969	-62.479401
14987.109375	-62.226177
15030.175781	-62.400833
15073.242188	-62.249268
15116.308594	-62.527676
15159.375000	-62.446308
15202.441406	-62.853394
15245.507812	-63.009388
15288.574219	-62.943405
15331.640625	-62.520233
15374.707031	-62.428360
15417.773438	-62.944588
15460.839844	-62.841080
15503.906250	-62.883846
15546.972656	-63.265587
15590.039062	-63.237965
15633.105469	-63.461784
15676.171875	-63.194050
15719.238281	-62.827549
15762.304688	-63.069710
15805.371094	-63.412590
15848.437500	-63.205643
15891.503906	-63.349159
15934.570312	-63.447922
15977.636719	-63.381042
16020.703125	-63.515850
16063.769531	-63.320862
16106.835938	-63.259064
16149.902344	-63.579754
16192.968750	-63.546726
16236.035156	-63.520470
16279.101562	-63.819057
16322.167969	-63.875832
16365.234375	-64.246162
16408.300781	-64.003670
16451.367188	-63.954945
16494.433594	-63.989044
16537.500000	-64.034592
16580.566406	-64.156548
16623.632812	-64.159035
16666.699219	-64.468788
16709.765625	-64.475914
16752.832031	-64.078369
16795.898438	-64.247871
16838.964844	-64.564865
16882.031250	-64.461220
16925.097656	-64.689987
16968.164062	-64.666260
17011.230469	-64.465309
17054.296875	-65.159882
17097.363281	-65.184860
17140.429688	-64.881477
17183.496094	-65.517113
17226.562500	-65.296738
17269.628906	-64.804863
17312.695312	-65.031357
17355.761719	-65.278847
17398.828125	-65.451645
17441.894531	-65.082016
17484.960938	-64.622902
17528.027344	-64.850731
17571.093750	-65.411758
17614.160156	-65.529686
17657.226562	-65.642891
17700.292969	-65.834084
17743.359375	-65.640739
17786.425781	-65.319038
17829.492188	-65.451569
17872.558594	-65.373535
17915.625000	-65.751373
17958.691406	-65.872604
18001.757812	-66.067101
18044.824219	-66.425888
18087.890625	-66.208626
18130.957031	-66.111450
18174.023438	-66.065277
18217.089844	-65.935646
18260.156250	-66.377739
18303.222656	-66.547394
18346.289062	-66.277802
18389.355469	-66.789963
18432.421875	-66.977463
18475.488281	-66.838219
18518.554688	-66.312805
18561.621094	-66.747787
18604.687500	-66.751274
18647.753906	-66.457832
18690.820312	-66.468781
18733.886719	-66.783272
18776.953125	-66.463478
18820.019531	-66.903572
18863.085938	-66.788757
18906.152344	-66.759445
18949.218750	-66.793953
18992.285156	-66.788574
19035.351562	-66.846146
19078.417969	-67.030609
19121.484375	-67.304420
19164.550781	-66.904243
19207.617188	-66.828018
19250.683594	-67.217918
19293.750000	-67.490646
19336.816406	-67.791824
19379.882812	-67.558609
19422.949219	-67.893707
19466.015625	-67.488266
19509.082031	-67.148483
19552.148438	-67.199364
19595.214844	-67.520119
19638.281250	-67.609627
19681.347656	-67.896774
19724.414062	-67.639816
19767.480469	-67.402351
19810.546875	-67.892380
19853.613281	-68.103363
19896.679688	-68.052727
19939.746094	-67.949768
19982.812500	-68.007797
20025.878906	-67.701263
20068.945312	-67.932632
20112.011719	-68.096680
20155.078125	-68.094124
20198.144531	-68.212669
20241.210938	-68.310783
20284.277344	-68.598305
20327.343750	-68.574493
20370.410156	-68.571472
20413.476562	-68.969170
20456.542969	-68.647537
20499.609375	-68.505959
20542.675781	-68.554115
20585.742188	-68.865211
20628.808594	-68.756493
20671.875000	-68.668159
20714.941406	-68.849648
20758.007812	-68.947227
20801.074219	-69.084877
20844.140625	-68.871437
20887.207031	-68.668472
20930.273438	-68.487022
20973.339844	-68.636246
21016.406250	-69.232094
21059.472656	-69.203041
21102.539062	-69.514938
21145.605469	-69.740326
21188.671875	-69.653854
21231.738281	-69.607880
21274.804688	-69.664124
21317.871094	-69.812172
21360.937500	-69.681404
21404.003906	-69.799057
21447.070312	-69.516296
21490.136719	-69.698967
21533.203125	-69.523003
21576.269531	-69.742233
21619.335938	-69.761124
21662.402344	-70.130035
21705.468750	-70.277481
21748.535156	-70.082397
21791.601562	-69.914238
21834.667969	-69.888451
21877.734375	-70.203362
21920.800781	-69.821609
21963.867188	-69.468803
22006.933594	-69.706169
