Frequency (Hz)	Level (dB)
43.066406	-25.388264
86.132812	-24.934900
129.199219	-25.168276
172.265625	-24.882130
215.332031	-24.937450
258.398438	-24.553017
301.464844	-24.546240
344.531250	-24.924623
387.597656	-25.256886
430.664062	-25.307854
473.730469	-25.706547
516.796875	-25.705288
559.863281	-25.903887
602.929688	-25.521248
645.996094	-25.955353
689.062500	-26.650915
732.128906	-26.982349
775.195312	-27.513884
818.261719	-27.547325
861.328125	-28.051870
904.394531	-28.494560
947.460938	-28.756956
990.527344	-28.854675
1033.593750	-29.122549
1076.660156	-29.425461
1119.726562	-29.545200
1162.792969	-29.790737
1205.859375	-30.639551
1248.925781	-31.140024
1291.992188	-30.926968
1335.058594	-31.263330
1378.125000	-31.422520
1421.191406	-32.000652
1464.257812	-32.696064
1507.324219	-32.726772
1550.390625	-32.662590
1593.457031	-33.681175
1636.523438	-34.108429
1679.589844	-33.814102
1722.656250	-33.857826
1765.722656	-33.851063
1808.789062	-34.724419
1851.855469	-35.070801
1894.921875	-35.503555
1937.988281	-35.921501
1981.054688	-36.621490
2024.121094	-36.305813
2067.187500	-36.359924
2110.253906	-36.739906
2153.320312	-37.284725
2196.386719	-37.573086
2239.453125	-37.702351
2282.519531	-37.715054
2325.585938	-37.766933
2368.652344	-38.141689
2411.718750	-38.648338
2454.785156	-39.070740
2497.851562	-39.193737
2540.917969	-39.317982
2583.984375	-39.644794
2627.050781	-40.093372
2670.117188	-40.474636
2713.183594	-40.490723
2756.250000	-40.517872
2799.316406	-40.830723
2842.382812	-41.282001
2885.449219	-41.074413
2928.515625	-41.280117
2971.582031	-42.018826
3014.648438	-42.463570
3057.714844	-42.631531
3100.781250	-42.557045
3143.847656	-42.461277
3186.914062	-42.844242
3229.980469	-43.308006
3273.046875	-43.572613
3316.113281	-43.245697
3359.179688	-43.669170
3402.246094	-44.302097
3445.312500	-44.298355
3488.378906	-44.959217
3531.445312	-44.820549
3574.511719	-45.016781
3617.578125	-45.273438
3660.644531	-45.186535
3703.710938	-45.025658
3746.777344	-45.612816
3789.843750	-45.893848
3832.910156	-45.858784
3875.976562	-46.055973
3919.042969	-46.509567
3962.109375	-47.304111
4005.175781	-47.128719
4048.242188	-46.909927
4091.308594	-47.100143
4134.375000	-47.170227
4177.441406	-47.730785
4220.507812	-48.028820
4263.574219	-48.030331
4306.640625	-48.303989
4349.707031	-48.558254
4392.773438	-48.462967
4435.839844	-48.800983
4478.906250	-49.010826
4521.972656	-49.242615
4565.039062	-49.463284
4608.105469	-49.603092
4651.171875	-50.050117
4694.238281	-49.840763
4737.304688	-49.882973
4780.371094	-49.869320
4823.437500	-50.158100
4866.503906	-50.555759
4909.570312	-50.953033
4952.636719	-50.773327
4995.703125	-50.896416
5038.769531	-51.536995
5081.835938	-51.475468
5124.902344	-51.323284
5167.968750	-51.353977
5211.035156	-51.242634
5254.101562	-52.014969
5297.167969	-52.259964
5340.234375	-52.437038
5383.300781	-52.479626
5426.367188	-52.810455
5469.433594	-53.018456
5512.500000	-53.184521
5555.566406	-53.203663
5598.632812	-53.103954
5641.699219	-53.326183
5684.765625	-53.615616
5727.832031	-53.739182
5770.898438	-54.289642
5813.964844	-54.132427
5857.031250	-53.860180
5900.097656	-54.333744
5943.164062	-54.321815
5986.230469	-54.372280
6029.296875	-54.942196
6072.363281	-55.391239
6115.429688	-55.098030
6158.496094	-55.287792
6201.562500	-55.621262
6244.628906	-55.495640
6287.695312	-55.595722
6330.761719	-55.604160
6373.828125	-55.627769
6416.894531	-55.673645
6459.960938	-55.545406
6503.027344	-55.962448
6546.093750	-56.664978
6589.160156	-56.941853
6632.226562	-57.046280
6675.292969	-57.174442
6718.359375	-57.408760
6761.425781	-57.529354
6804.492188	-57.236839
6847.558594	-57.308968
6890.625000	-57.816734
6933.691406	-57.490448
6976.757812	-57.364361
7019.824219	-57.920616
7062.890625	-58.219296
7105.957031	-58.422043
7149.023438	-58.492699
7192.089844	-58.347397
7235.156250	-58.610695
7278.222656	-58.806606
7321.289062	-58.493320
7364.355469	-58.420685
7407.421875	-59.097469
7450.488281	-59.253799
7493.554688	-59.837379
7536.621094	-60.027382
7579.687500	-59.965912
7622.753906	-60.058434
7665.820312	-59.846539
7708.886719	-59.708344
7751.953125	-59.792892
7795.019531	-60.120964
7838.085938	-60.380066
7881.152344	-60.700520
7924.218750	-60.538090
7967.285156	-60.854355
8010.351562	-61.476826
8053.417969	-61.205776
8096.484375	-61.033562
8139.550781	-61.078117
8182.617188	-61.038059
8225.683594	-61.484604
8268.750000	-61.525623
8311.816406	-61.513683
8354.882812	-61.570385
8397.949219	-61.569580
8441.015625	-62.341125
8484.082031	-62.374523
8527.148438	-62.237808
8570.214844	-62.108063
8613.281250	-61.967785
8656.347656	-62.206764
8699.414062	-62.482212
8742.480469	-62.984497
8785.546875	-62.326828
8828.613281	-62.125938
8871.679688	-63.151199
8914.746094	-63.509411
8957.812500	-62.885696
9000.878906	-63.396770
9043.945312	-63.453220
9087.011719	-63.389854
9130.078125	-63.593708
9173.144531	-63.475399
9216.210938	-63.873219
9259.277344	-63.869110
9302.343750	-63.920574
9345.410156	-64.595055
9388.476562	-64.389313
9431.542969	-63.992695
9474.609375	-63.910271
9517.675781	-64.184837
9560.742188	-64.348145
9603.808594	-64.908012
9646.875000	-65.428764
9689.941406	-65.233887
9733.007812	-64.875175
9776.074219	-64.824722
9819.140625	-65.042824
9862.207031	-64.907928
9905.273438	-64.833023
9948.339844	-65.090012
9991.406250	-65.532623
10034.472656	-65.413971
10077.539062	-64.911057
10120.605469	-65.351387
10163.671875	-65.915871
10206.738281	-66.138847
10249.804688	-66.315742
10292.871094	-65.862823
10335.937500	-66.010612
10379.003906	-66.209587
10422.070312	-66.101295
10465.136719	-66.209061
10508.203125	-66.585892
10551.269531	-67.053391
10594.335938	-66.803360
10637.402344	-66.608467
10680.468750	-66.957649
10723.535156	-66.821045
10766.601562	-67.180801
10809.667969	-67.146347
10852.734375	-66.731789
10895.800781	-66.965477
10938.867188	-67.126114
10981.933594	-67.550697
11025.000000	-67.638748
11068.066406	-67.876778
11111.132812	-68.044632
11154.199219	-67.939232
11197.265625	-68.119698
11240.332031	-67.893555
11283.398438	-67.667603
11326.464844	-67.691406
11369.531250	-67.575241
11412.597656	-68.186935
11455.664062	-68.336884
11498.730469	-68.290344
11541.796875	-68.078690
11584.863281	-68.320480
11627.929688	-68.773834
11670.996094	-69.042519
11714.062500	-68.875496
11757.128906	-68.712120
11800.195312	-68.711632
11843.261719	-69.033043
11886.328125	-69.346016
11929.394531	-69.489555
11972.460938	-69.366875
12015.527344	-69.167694
12058.593750	-69.507607
12101.660156	-68.752396
12144.726562	-69.067406
12187.792969	-69.653496
12230.859375	-69.409653
12273.925781	-69.628693
12316.992188	-70.027336
12360.058594	-69.655533
12403.125000	-70.011620
12446.191406	-69.922379
12489.257812	-70.141533
12532.324219	-70.115501
12575.390625	-70.232597
12618.457031	-70.271904
12661.523438	-70.408997
12704.589844	-70.073624
12747.656250	-70.402847
12790.722656	-71.177467
12833.789062	-70.964867
12876.855469	-70.671005
12919.921875	-70.526878
12962.988281	-70.574554
13006.054688	-70.941765
13049.121094	-70.972214
13092.187500	-71.031921
13135.253906	-71.049042
13178.320312	-70.953613
13221.386719	-70.925491
13264.453125	-71.479897
13307.519531	-71.541519
13350.585938	-71.412666
13393.652344	-71.740776
13436.718750	-72.000153
13479.785156	-71.921471
13522.851562	-71.855347
13565.917969	-71.771828
13608.984375	-72.000771
13652.050781	-71.847908
13695.117188	-71.987190
13738.183594	-72.027687
13781.250000	-71.867470
13824.316406	-71.787735
13867.382812	-71.982994
13910.449219	-71.892159
13953.515625	-71.998489
13996.582031	-72.048866
14039.648438	-72.692932
14082.714844	-72.639450
14125.781250	-72.685875
14168.847656	-72.995140
14211.914062	-72.984581
14254.980469	-73.101791
14298.046875	-72.675285
14341.113281	-72.640266
14384.179688	-72.647636
14427.246094	-73.082062
14470.312500	-73.174911
14513.378906	-73.027466
14556.445312	-72.968933
14599.511719	-73.003204
14642.578125	-73.278633
14685.644531	-73.352180
14728.710938	-73.322884
14771.777344	-73.771225
14814.843750	-73.769516
14857.910156	-73.464401
14900.976562	-73.509964
14944.042969	-73.523102
14987.109375	-73.785919
15030.175781	-73.750183
15073.242188	-74.107635
15116.308594	-74.080536
15159.375000	-73.907089
15202.441406	-74.454353
15245.507812	-74.493904
15288.574219	-74.568726
15331.640625	-74.187157
15374.707031	-74.099274
15417.773438	-74.278160
15460.839844	-74.393486
15503.906250	-74.144203
15546.972656	-74.630455
15590.039062	-74.423630
15633.105469	-74.388596
15676.171875	-74.841133
15719.238281	-74.565582
15762.304688	-74.898758
15805.371094	-75.121429
15848.437500	-74.878708
15891.503906	-74.519791
15934.570312	-74.590034
15977.636719	-74.802704
16020.703125	-74.771446
16063.769531	-75.229324
16106.835938	-75.591202
16149.902344	-75.055290
16192.968750	-74.768417
16236.035156	-75.129890
16279.101562	-75.550568
16322.167969	-75.234627
16365.234375	-74.929855
16408.300781	-75.088127
16451.367188	-75.093201
16494.433594	-75.224121
16537.500000	-75.844002
16580.566406	-75.660904
16623.632812	-75.279411
16666.699219	-75.564735
16709.765625	-75.863373
16752.832031	-75.691444
16795.898438	-75.875732
16838.964844	-76.060280
16882.031250	-76.039642
16925.097656	-76.231178
16968.164062	-76.448303
17011.230469	-76.184029
17054.296875	-76.389709
17097.363281	-76.936363
17140.429688	-76.755508
17183.496094	-76.431213
17226.562500	-76.326942
17269.628906	-76.462547
17312.695312	-76.941338
17355.761719	-76.753838
17398.828125	-76.683189
17441.894531	-76.765472
17484.960938	-76.728569
17528.027344	-76.879089
17571.093750	-76.865082
17614.160156	-76.641930
17657.226562	-77.075157
17700.292969	-77.564636
17743.359375	-77.182747
17786.425781	-77.127647
17829.492188	-77.199593
17872.558594	-76.895782
17915.625000	-77.377541
17958.691406	-77.310310
18001.757812	-77.181564
18044.824219	-77.206116
18087.890625	-77.344666
18130.957031	-77.233841
18174.023438	-77.277069
18217.089844	-77.316528
18260.156250	-77.299866
18303.222656	-77.671097
18346.289062	-78.292877
18389.355469	-77.983986
18432.421875	-77.721054
18475.488281	-77.824966
18518.554688	-78.391220
18561.621094	-78.373230
18604.687500	-78.081253
18647.753906	-77.875664
18690.820312	-78.002213
18733.886719	-66.181465
18776.953125	-58.960564
18820.019531	-63.413261
18863.085938	-77.384293
18906.152344	-78.028282
18949.218750	-78.434212
18992.285156	-78.554932
19035.351562	-78.348816
19078.417969	-77.958092
19121.484375	-78.277206
19164.550781	-78.571144
19207.617188	-78.444695
19250.683594	-78.381821
19293.750000	-78.267761
19336.816406	-78.764511
19379.882812	-78.731430
19422.949219	-78.483986
19466.015625	-78.666458
19509.082031	-78.696793
19552.148438	-78.559128
19595.214844	-78.707748
19638.281250	-78.881332
19681.347656	-78.586380
19724.414062	-78.824219
19767.480469	-79.384872
19810.546875	-79.074158
19853.613281	-78.893951
19896.679688	-78.823174
19939.746094	-79.078064
19982.812500	-79.210411
20025.878906	-79.164856
20068.945312	-79.264473
20112.011719	-79.215134
20155.078125	-79.403343
20198.144531	-79.564545
20241.210938	-79.672241
20284.277344	-79.830116
20327.343750	-80.000992
20370.410156	-79.715775
20413.476562	-79.610558
20456.542969	-79.678696
20499.609375	-79.608070
20542.675781	-80.195679
20585.742188	-80.451027
20628.808594	-80.344276
20671.875000	-79.979828
20714.941406	-79.733360
20758.007812	-80.351295
20801.074219	-80.542351
20844.140625	-80.080055
20887.207031	-80.411827
20930.273438	-80.377785
20973.339844	-80.354515
21016.406250	-80.481270
21059.472656	-80.678902
21102.539062	-80.626091
21145.605469	-80.557861
21188.671875	-80.473724
21231.738281	-80.829018
21274.804688	-80.787109
21317.871094	-80.632065
21360.937500	-80.430710
21404.003906	-80.260773
21447.070312	-80.336159
21490.136719	-80.950890
21533.203125	-80.821655
21576.269531	-80.820892
21619.335938	-80.649834
21662.402344	-80.770790
21705.468750	-81.397385
21748.535156	-80.973053
21791.601562	-81.519157
21834.667969	-82.022881
21877.734375	-82.120590
21920.800781	-82.535240
21963.867188	-82.465630
22006.933594	-82.366043
