Frequency (Hz)	Level (dB)
43.066406	-18.919886
86.132812	-16.554344
129.199219	-15.826397
172.265625	-14.880699
215.332031	-14.870667
258.398438	-14.865407
301.464844	-14.965038
344.531250	-15.420858
387.597656	-15.564589
430.664062	-16.110159
473.730469	-16.614971
516.796875	-17.079485
559.863281	-17.270086
602.929688	-16.994326
645.996094	-17.437031
689.062500	-17.999207
732.128906	-17.768784
775.195312	-18.148796
818.261719	-18.182030
861.328125	-18.393021
904.394531	-18.982595
947.460938	-19.318758
990.527344	-19.707487
1033.593750	-19.657333
1076.660156	-19.493681
1119.726562	-19.787910
1162.792969	-20.200443
1205.859375	-20.320347
1248.925781	-20.515247
1291.992188	-21.366648
1335.058594	-21.223324
1378.125000	-20.544144
1421.191406	-21.025995
1464.257812	-21.428120
1507.324219	-21.274523
1550.390625	-21.539274
1593.457031	-21.689308
1636.523438	-21.874187
1679.589844	-22.157820
1722.656250	-22.293314
1765.722656	-21.850132
1808.789062	-22.283611
1851.855469	-22.230297
1894.921875	-22.740473
1937.988281	-22.844954
1981.054688	-22.840857
2024.121094	-23.392145
2067.187500	-23.355368
2110.253906	-23.059160
2153.320312	-23.139868
2196.386719	-23.434547
2239.453125	-23.197226
2282.519531	-23.712814
2325.585938	-23.980474
2368.652344	-24.016296
2411.718750	-24.090450
2454.785156	-24.390680
2497.851562	-24.264122
2540.917969	-24.065195
2583.984375	-24.364040
2627.050781	-24.716412
2670.117188	-25.141497
2713.183594	-25.023991
2756.250000	-25.549414
2799.316406	-25.147589
2842.382812	-25.099112
2885.449219	-25.780334
2928.515625	-25.718941
2971.582031	-25.704845
3014.648438	-26.070229
3057.714844	-25.984240
3100.781250	-26.381927
3143.847656	-26.538157
3186.914062	-26.370764
3229.980469	-26.278410
3273.046875	-26.590651
3316.113281	-27.063065
3359.179688	-26.661228
3402.246094	-26.871668
3445.312500	-27.443745
3488.378906	-27.554472
3531.445312	-27.477034
3574.511719	-27.628071
3617.578125	-27.756355
3660.644531	-27.968971
3703.710938	-28.149244
3746.777344	-28.126770
3789.843750	-28.074173
3832.910156	-27.997032
3875.976562	-27.997961
3919.042969	-28.645861
3962.109375	-28.890594
4005.175781	-28.836702
4048.242188	-28.905020
4091.308594	-29.148880
4134.375000	-29.254581
4177.441406	-29.160534
4220.507812	-29.181143
4263.574219	-29.123692
4306.640625	-29.597397
4349.707031	-29.873028
4392.773438	-29.809536
4435.839844	-29.881401
4478.906250	-29.965759
4521.972656	-30.137316
4565.039062	-30.469666
4608.105469	-30.654667
4651.171875	-30.709145
4694.238281	-30.252419
4737.304688	-29.843002
4780.371094	-29.870300
4823.437500	-30.515556
4866.503906	-30.718609
4909.570312	-30.916346
4952.636719	-30.984278
4995.703125	-30.927437
5038.769531	-31.522873
5081.835938	-31.393774
5124.902344	-31.127834
5167.968750	-31.548147
5211.035156	-31.657988
5254.101562	-31.893585
5297.167969	-32.198700
5340.234375	-31.956200
5383.300781	-31.643570
5426.367188	-32.072273
5469.433594	-32.206505
5512.500000	-32.143669
5555.566406	-32.423668
5598.632812	-32.152576
5641.699219	-32.140751
5684.765625	-32.344498
5727.832031	-32.117725
5770.898438	-32.233250
5813.964844	-33.148933
5857.031250	-32.535427
5900.097656	-32.853546
5943.164062	-32.883995
5986.230469	-33.023438
6029.296875	-33.361454
6072.363281	-33.641285
6115.429688	-33.256134
6158.496094	-33.675304
6201.562500	-34.285461
6244.628906	-33.813816
6287.695312	-33.880039
6330.761719	-33.946312
6373.828125	-34.047596
6416.894531	-34.252956
6459.960938	-34.672977
6503.027344	-34.394005
6546.093750	-34.736553
6589.160156	-34.791447
6632.226562	-34.782448
6675.292969	-34.943237
6718.359375	-35.029896
6761.425781	-35.063595
6804.492188	-35.397903
6847.558594	-35.323643
6890.625000	-35.683403
6933.691406	-35.788013
6976.757812	-35.384220
7019.824219	-35.281761
7062.890625	-35.475754
7105.957031	-35.633511
7149.023438	-35.651203
7192.089844	-36.248089
7235.156250	-36.096958
7278.222656	-35.772079
7321.289062	-35.952618
7364.355469	-36.129509
7407.421875	-36.437256
7450.488281	-36.589035
7493.554688	-36.321491
7536.621094	-36.335773
7579.687500	-36.585758
7622.753906	-37.043648
7665.820312	-36.738796
7708.886719	-37.119755
7751.953125	-36.860672
7795.019531	-36.835320
7838.085938	-37.414154
7881.152344	-37.599236
7924.218750	-37.392704
7967.285156	-37.313927
8010.351562	-37.538769
8053.417969	-37.428955
8096.484375	-37.536892
8139.550781	-37.599300
8182.617188	-37.853207
8225.683594	-37.943695
8268.750000	-38.110565
8311.816406	-38.228603
8354.882812	-37.886055
8397.949219	-37.747448
8441.015625	-37.967018
8484.082031	-38.037758
8527.148438	-38.022385
8570.214844	-38.473820
8613.281250	-38.726212
8656.347656	-38.651188
8699.414062	-38.803146
8742.480469	-38.695087
8785.546875	-38.487343
8828.613281	-38.609650
8871.679688	-39.097622
8914.746094	-39.204815
8957.812500	-38.767670
9000.878906	-39.256889
9043.945312	-39.800648
9087.011719	-39.186996
9130.078125	-39.585232
9173.144531	-39.727879
9216.210938	-39.695934
9259.277344	-40.056511
9302.343750	-40.246090
9345.410156	-39.693108
9388.476562	-39.950130
9431.542969	-40.298428
9474.609375	-39.846802
9517.675781	-40.058399
9560.742188	-40.456261
9603.808594	-40.918438
9646.875000	-40.718678
9689.941406	-40.471046
9733.007812	-40.845119
9776.074219	-40.735519
9819.140625	-40.907440
9862.207031	-40.895023
9905.273438	-40.588737
9948.339844	-40.700966
9991.406250	-40.820511
10034.472656	-40.814007
10077.539062	-40.954075
10120.605469	-41.114925
10163.671875	-41.243549
10206.738281	-41.231411
10249.804688	-41.410709
10292.871094	-41.475365
10335.937500	-41.766785
10379.003906	-41.765839
10422.070312	-41.600426
10465.136719	-41.952404
10508.203125	-41.865192
10551.269531	-41.464565
10594.335938	-41.573311
10637.402344	-41.927410
10680.468750	-42.031738
10723.535156	-42.911095
10766.601562	-43.041656
10809.667969	-42.951561
10852.734375	-42.847614
10895.800781	-42.255474
10938.867188	-42.432831
10981.933594	-42.439896
11025.000000	-42.640114
11068.066406	-42.494213
11111.132812	-42.998524
11154.199219	-43.135880
11197.265625	-43.069016
11240.332031	-42.721962
11283.398438	-42.970669
11326.464844	-43.372910
11369.531250	-43.178986
11412.597656	-43.417965
11455.664062	-43.897991
11498.730469	-43.964012
11541.796875	-43.357716
11584.863281	-43.517700
11627.929688	-44.267818
11670.996094	-44.406212
11714.062500	-44.217270
11757.128906	-44.020233
11800.195312	-44.057877
11843.261719	-44.193974
11886.328125	-44.348366
11929.394531	-44.172604
11972.460938	-44.110626
12015.527344	-44.059494
12058.593750	-44.697655
12101.660156	-44.609287
12144.726562	-44.424641
12187.792969	-44.497826
12230.859375	-44.276833
12273.925781	-44.275349
12316.992188	-44.673164
12360.058594	-45.168591
12403.125000	-44.926151
12446.191406	-45.018368
12489.257812	-45.133327
12532.324219	-45.320301
12575.390625	-45.193085
12618.457031	-44.803516
12661.523438	-45.094482
12704.589844	-45.407993
12747.656250	-45.188023
12790.722656	-45.483467
12833.789062	-45.803455
12876.855469	-45.767788
12919.921875	-45.625549
12962.988281	-45.762630
13006.054688	-45.755535
13049.121094	-45.815601
13092.187500	-45.895493
13135.253906	-46.188156
13178.320312	-46.216198
13221.386719	-45.935253
13264.453125	-46.605671
13307.519531	-46.685947
13350.585938	-46.334076
13393.652344	-46.282307
13436.718750	-46.495373
13479.785156	-46.487217
13522.851562	-46.873146
13565.917969	-47.549057
13608.984375	-47.104382
13652.050781	-47.072437
13695.117188	-47.371086
13738.183594	-46.875439
13781.250000	-47.282642
13824.316406	-47.259441
13867.382812	-46.865871
13910.449219	-47.647434
13953.515625	-47.664467
13996.582031	-47.587109
14039.648438	-47.304123
14082.714844	-48.021267
14125.781250	-47.683578
14168.847656	-47.436951
14211.914062	-47.815964
14254.980469	-47.640846
14298.046875	-47.709911
14341.113281	-47.703644
14384.179688	-48.003235
14427.246094	-48.060650
14470.312500	-48.249149
14513.378906	-48.267197
14556.445312	-48.357533
14599.511719	-48.223904
14642.578125	-48.111893
14685.644531	-48.206444
14728.710938	-48.310097
14771.777344	-48.612286
14814.843750	-48.813496
14857.910156	-48.374619
14900.976562	-48.257523
14944.042969	-48.622650
14987.109375	-48.937481
15030.175781	-49.252590
15073.242188	-49.017849
15116.308594	-48.873543
15159.375000	-48.929161
15202.441406	-48.717838
15245.507812	-48.995930
15288.574219	-48.954208
15331.640625	-48.982441
15374.707031	-49.075039
15417.773438	-49.272011
15460.839844	-49.154316
15503.906250	-49.000565
15546.972656	-49.012825
15590.039062	-49.334332
15633.105469	-49.365463
15676.171875	-49.475822
15719.238281	-49.853714
15762.304688	-50.062782
15805.371094	-49.814194
15848.437500	-49.882809
15891.503906	-49.900379
15934.570312	-49.984955
15977.636719	-50.067600
16020.703125	-49.816086
16063.769531	-49.662834
16106.835938	-49.544834
16149.902344	-49.672562
16192.968750	-49.861294
16236.035156	-50.008202
16279.101562	-49.996395
16322.167969	-49.866993
16365.234375	-49.657772
16408.300781	-49.918316
16451.367188	-50.447735
16494.433594	-50.519012
16537.500000	-50.576790
16580.566406	-51.014225
16623.632812	-51.006580
16666.699219	-50.456867
16709.765625	-50.975430
16752.832031	-50.920528
16795.898438	-50.879726
16838.964844	-50.946407
16882.031250	-50.643795
16925.097656	-50.757187
16968.164062	-50.920658
17011.230469	-51.284473
17054.296875	-51.544724
17097.363281	-51.200939
17140.429688	-50.566696
17183.496094	-50.903641
17226.562500	-50.984062
17269.628906	-50.877079
17312.695312	-50.865742
17355.761719	-51.325657
17398.828125	-51.398830
17441.894531	-51.609730
17484.960938	-51.230927
17528.027344	-51.278416
17571.093750	-51.007202
17614.160156	-51.261711
17657.226562	-51.867622
17700.292969	-51.923702
17743.359375	-52.076794
17786.425781	-52.263084
17829.492188	-52.055267
17872.558594	-51.850151
17915.625000	-51.881737
17958.691406	-51.828392
18001.757812	-51.907822
18044.824219	-51.649975
18087.890625	-51.919651
18130.957031	-51.957783
18174.023438	-51.777195
18217.089844	-51.824795
18260.156250	-52.344341
18303.222656	-52.648163
18346.289062	-52.554111
18389.355469	-52.403942
18432.421875	-52.537853
18475.488281	-52.104877
18518.554688	-52.083027
18561.621094	-52.673428
18604.687500	-52.667328
18647.753906	-52.501991
18690.820312	-51.299427
18733.886719	-51.320297
18776.953125	-52.215534
18820.019531	-52.313057
18863.085938	-52.075245
18906.152344	-52.634708
18949.218750	-52.768356
18992.285156	-52.428318
19035.351562	-52.870991
19078.417969	-52.959000
19121.484375	-52.793247
19164.550781	-53.099304
19207.617188	-53.083496
19250.683594	-53.091923
19293.750000	-53.233097
19336.816406	-53.119503
19379.882812	-53.120159
19422.949219	-53.195484
19466.015625	-53.087147
19509.082031	-53.248528
19552.148438	-53.345081
19595.214844	-53.408745
19638.281250	-54.010456
19681.347656	-53.620884
19724.414062	-52.868000
19767.480469	-53.186054
19810.546875	-53.371861
19853.613281	-53.636139
19896.679688	-53.553322
19939.746094	-53.511696
19982.812500	-53.820171
20025.878906	-53.633930
20068.945312	-53.828793
20112.011719	-53.958061
20155.078125	-53.807865
20198.144531	-53.748531
20241.210938	-53.904232
20284.277344	-54.129852
20327.343750	-54.007729
20370.410156	-54.162483
20413.476562	-54.453911
20456.542969	-54.185684
20499.609375	-54.222713
20542.675781	-54.196808
20585.742188	-54.128296
20628.808594	-54.697060
20671.875000	-54.841991
20714.941406	-54.645393
20758.007812	-54.427032
20801.074219	-54.341305
20844.140625	-55.055309
20887.207031	-54.750416
20930.273438	-54.712982
20973.339844	-55.330585
21016.406250	-54.959198
21059.472656	-54.775700
21102.539062	-55.120037
21145.605469	-55.521236
21188.671875	-55.135231
21231.738281	-54.934574
21274.804688	-55.135269
21317.871094	-55.195786
21360.937500	-55.283108
21404.003906	-55.437279
21447.070312	-55.152592
21490.136719	-55.183876
21533.203125	-55.511909
21576.269531	-55.644402
21619.335938	-55.496315
21662.402344	-55.332592
21705.468750	-55.087494
21748.535156	-55.259361
21791.601562	-55.527470
21834.667969	-55.864269
21877.734375	-55.769848
21920.800781	-55.840309
21963.867188	-55.880611
22006.933594	-55.690838
