Frequency (Hz)	Level (dB)
21.533203	-32.776157
43.066406	-30.172150
64.599609	-29.165012
86.132812	-28.924383
107.666016	-27.911678
129.199219	-27.529413
150.732422	-27.142229
172.265625	-26.274467
193.798828	-26.138285
215.332031	-26.166067
236.865234	-25.895384
258.398438	-25.734108
279.931641	-25.729534
301.464844	-25.845112
322.998047	-25.702271
344.531250	-26.100615
366.064453	-25.753582
387.597656	-26.208776
409.130859	-26.606491
430.664062	-26.377586
452.197266	-26.750443
473.730469	-26.988796
495.263672	-26.848179
516.796875	-27.078022
538.330078	-27.367476
559.863281	-27.371601
581.396484	-27.344431
602.929688	-26.904018
624.462891	-27.000999
645.996094	-27.359711
667.529297	-27.798025
689.062500	-28.400295
710.595703	-27.941492
732.128906	-28.022617
753.662109	-28.421247
775.195312	-28.724009
796.728516	-29.026812
818.261719	-28.649429
839.794922	-28.546211
861.328125	-29.138729
882.861328	-29.705072
904.394531	-30.037540
925.927734	-30.176414
947.460938	-30.042255
968.994141	-30.110626
990.527344	-30.196688
1012.060547	-30.040405
1033.593750	-30.469275
1055.126953	-30.828711
1076.660156	-30.611269
1098.193359	-30.672537
1119.726562	-30.976074
1141.259766	-31.321152
1162.792969	-31.582888
1184.326172	-31.643009
1205.859375	-31.591803
1227.392578	-31.732674
1248.925781	-32.025356
1270.458984	-31.989523
1291.992188	-32.364403
1313.525391	-32.381771
1335.058594	-32.787914
1356.591797	-32.814548
1378.125000	-31.960047
1399.658203	-32.211201
1421.191406	-33.277306
1442.724609	-33.381084
1464.257812	-33.652710
1485.791016	-33.253437
1507.324219	-33.359978
1528.857422	-33.698845
1550.390625	-33.585102
1571.923828	-33.721409
1593.457031	-33.838390
1614.990234	-34.097782
1636.523438	-34.253212
1658.056641	-34.361603
1679.589844	-34.068459
1701.123047	-34.130798
1722.656250	-34.091003
1744.189453	-34.168694
1765.722656	-34.267818
1787.255859	-34.741085
1808.789062	-35.193607
1830.322266	-34.817360
1851.855469	-34.861267
1873.388672	-35.406918
1894.921875	-35.618084
1916.455078	-35.336010
1937.988281	-35.805882
1959.521484	-36.472637
1981.054688	-36.066460
2002.587891	-36.063755
2024.121094	-36.266087
2045.654297	-36.125614
2067.187500	-36.020954
2088.720703	-36.183403
2110.253906	-36.248920
2131.787109	-36.605072
2153.320312	-36.308132
2174.853516	-36.356613
2196.386719	-36.619987
2217.919922	-36.735146
2239.453125	-36.584660
2260.986328	-37.178490
2282.519531	-36.967163
2304.052734	-36.459969
2325.585938	-36.819855
2347.119141	-37.141811
2368.652344	-37.100689
2390.185547	-37.138313
2411.718750	-37.706821
2433.251953	-37.576180
2454.785156	-37.900017
2476.318359	-38.017704
2497.851562	-38.055141
2519.384766	-37.790359
2540.917969	-38.520760
2562.451172	-38.411076
2583.984375	-38.187042
2605.517578	-38.145470
2627.050781	-38.221111
2648.583984	-38.399017
2670.117188	-38.625725
2691.650391	-38.479664
2713.183594	-38.609951
2734.716797	-38.792568
2756.250000	-38.904053
2777.783203	-38.735794
2799.316406	-38.459019
2820.849609	-38.902241
2842.382812	-39.196934
2863.916016	-39.156658
2885.449219	-39.496098
2906.982422	-39.219208
2928.515625	-38.937954
2950.048828	-39.278954
2971.582031	-39.765842
2993.115234	-39.749447
3014.648438	-39.995392
3036.181641	-40.213261
3057.714844	-39.822010
3079.248047	-39.687790
3100.781250	-39.861481
3122.314453	-39.978840
3143.847656	-40.019867
3165.380859	-40.056389
3186.914062	-40.126335
3208.447266	-39.803844
3229.980469	-40.079185
3251.513672	-40.413685
3273.046875	-40.947189
3294.580078	-40.694492
3316.113281	-40.551239
3337.646484	-40.419586
3359.179688	-40.214870
3380.712891	-40.603096
3402.246094	-40.968479
3423.779297	-40.909199
3445.312500	-40.680065
3466.845703	-41.024796
3488.378906	-41.660622
3509.912109	-41.723415
3531.445312	-41.326965
3552.978516	-41.084869
3574.511719	-41.070679
3596.044922	-41.753223
3617.578125	-42.076420
3639.111328	-41.557079
3660.644531	-41.439964
3682.177734	-41.309132
3703.710938	-41.851120
3725.244141	-41.803772
3746.777344	-41.989952
3768.310547	-41.884796
3789.843750	-42.344517
3811.376953	-42.677067
3832.910156	-42.257790
3854.443359	-42.195694
3875.976562	-41.972561
3897.509766	-42.351425
3919.042969	-42.372948
3940.576172	-42.555878
3962.109375	-42.838890
3983.642578	-42.453495
4005.175781	-42.688572
4026.708984	-42.532425
4048.242188	-42.557476
4069.775391	-42.709896
4091.308594	-42.865585
4112.841797	-43.015533
4134.375000	-42.820213
4155.908203	-42.781685
4177.441406	-42.469612
4198.974609	-42.771542
4220.507812	-43.076519
4242.041016	-43.104828
4263.574219	-43.080658
4285.107422	-43.325733
4306.640625	-43.312443
4328.173828	-43.601482
4349.707031	-43.499321
4371.240234	-43.438038
4392.773438	-43.241913
4414.306641	-43.720058
4435.839844	-44.163357
4457.373047	-43.803692
4478.906250	-43.690830
4500.439453	-44.042553
4521.972656	-43.983223
4543.505859	-43.700466
4565.039062	-44.085617
4586.572266	-43.973698
4608.105469	-43.885307
4629.638672	-44.344364
4651.171875	-44.179604
4672.705078	-44.288891
4694.238281	-44.226582
4715.771484	-44.367943
4737.304688	-44.152493
4758.837891	-44.077000
4780.371094	-44.160168
4801.904297	-43.941486
4823.437500	-44.644402
4844.970703	-45.421524
4866.503906	-44.996120
4888.037109	-45.049759
4909.570312	-44.995564
4931.103516	-44.835655
4952.636719	-44.610043
4974.169922	-44.539661
4995.703125	-44.950790
5017.236328	-45.647198
5038.769531	-45.488804
5060.302734	-45.467728
5081.835938	-45.531307
5103.369141	-45.313480
5124.902344	-45.662434
5146.435547	-45.796387
5167.968750	-45.453232
5189.501953	-45.307575
5211.035156	-45.521446
5232.568359	-45.494644
5254.101562	-45.871681
5275.634766	-45.782143
5297.167969	-45.662739
5318.701172	-46.273766
5340.234375	-45.561699
5361.767578	-45.143551
5383.300781	-45.900265
5404.833984	-46.519608
5426.367188	-46.258900
5447.900391	-46.196625
5469.433594	-46.194759
5490.966797	-46.069279
5512.500000	-46.217915
5534.033203	-46.617840
5555.566406	-46.572144
5577.099609	-46.326984
5598.632812	-46.432274
5620.166016	-46.130951
5641.699219	-46.164036
5663.232422	-46.503231
5684.765625	-46.362747
5706.298828	-46.373734
5727.832031	-46.514603
5749.365234	-46.832954
5770.898438	-46.994930
5792.431641	-46.707851
5813.964844	-47.076111
5835.498047	-47.434376
5857.031250	-46.991425
5878.564453	-46.989040
5900.097656	-47.068146
5921.630859	-47.134361
5943.164062	-47.092060
5964.697266	-46.794250
5986.230469	-47.072392
6007.763672	-47.453556
6029.296875	-47.217472
6050.830078	-47.337414
6072.363281	-47.641151
6093.896484	-47.643044
6115.429688	-47.575935
6136.962891	-47.601635
6158.496094	-47.484135
6180.029297	-47.766899
6201.562500	-47.861588
6223.095703	-47.586937
6244.628906	-47.483616
6266.162109	-47.979359
6287.695312	-47.771580
6309.228516	-47.771801
6330.761719	-48.117252
6352.294922	-48.007259
6373.828125	-47.805264
6395.361328	-48.056175
6416.894531	-47.939949
6438.427734	-47.700195
6459.960938	-47.620899
6481.494141	-48.023243
6503.027344	-48.197681
6524.560547	-47.911697
6546.093750	-48.146938
6567.626953	-48.432034
6589.160156	-48.334656
6610.693359	-48.804680
6632.226562	-49.010067
6653.759766	-48.934628
6675.292969	-48.584499
6696.826172	-48.520283
6718.359375	-48.593632
6739.892578	-48.770138
6761.425781	-48.924286
6782.958984	-49.000031
6804.492188	-49.037395
6826.025391	-48.826904
6847.558594	-48.680847
6869.091797	-48.966442
6890.625000	-49.014618
6912.158203	-49.243717
6933.691406	-49.302616
6955.224609	-49.214458
6976.757812	-49.001331
6998.291016	-49.228565
7019.824219	-49.537582
7041.357422	-49.400696
7062.890625	-49.521030
7084.423828	-49.855549
7105.957031	-49.633953
7127.490234	-49.648781
7149.023438	-49.579399
7170.556641	-49.640137
7192.089844	-49.951069
7213.623047	-50.060066
7235.156250	-49.948277
7256.689453	-49.843201
7278.222656	-49.575363
7299.755859	-49.750633
7321.289062	-50.265026
7342.822266	-50.274624
7364.355469	-50.100388
7385.888672	-50.106182
7407.421875	-50.296021
7428.955078	-50.142574
7450.488281	-49.976963
7472.021484	-50.282776
7493.554688	-50.701809
7515.087891	-50.909561
7536.621094	-50.444588
7558.154297	-50.153915
7579.687500	-50.271900
7601.220703	-50.285320
7622.753906	-51.179043
7644.287109	-51.119480
7665.820312	-50.475605
7687.353516	-50.625458
7708.886719	-51.070690
7730.419922	-51.133232
7751.953125	-50.851337
7773.486328	-50.885201
7795.019531	-50.962982
7816.552734	-51.110733
7838.085938	-50.925213
7859.619141	-51.069862
7881.152344	-50.551495
7902.685547	-50.575794
7924.218750	-50.864437
7945.751953	-51.102390
7967.285156	-51.214706
7988.818359	-51.525387
8010.351562	-51.604763
8031.884766	-51.402969
8053.417969	-51.675167
8074.951172	-51.448067
8096.484375	-51.667446
8118.017578	-51.447559
8139.550781	-51.202717
8161.083984	-51.166576
8182.617188	-51.288738
8204.150391	-51.281441
8225.683594	-51.332783
8247.216797	-51.676651
8268.750000	-51.559326
8290.283203	-51.484871
8311.816406	-51.516438
8333.349609	-51.663670
8354.882812	-51.600269
8376.416016	-51.873981
8397.949219	-51.907078
8419.482422	-52.016132
8441.015625	-52.212967
8462.548828	-52.328724
8484.082031	-52.193623
8505.615234	-52.153622
8527.148438	-52.345837
8548.681641	-52.492607
8570.214844	-52.410324
8591.748047	-52.240513
8613.281250	-52.385445
8634.814453	-52.465534
8656.347656	-52.222008
8677.880859	-52.006649
8699.414062	-52.324692
8720.947266	-52.753193
8742.480469	-53.038673
8764.013672	-52.645252
8785.546875	-52.389290
8807.080078	-52.294506
8828.613281	-52.642628
8850.146484	-52.536270
8871.679688	-52.728519
8893.212891	-52.829536
8914.746094	-52.635475
8936.279297	-52.615810
8957.812500	-52.803608
8979.345703	-53.352730
9000.878906	-53.302647
9022.412109	-52.994297
9043.945312	-53.164883
9065.478516	-52.734238
9087.011719	-52.959103
9108.544922	-53.478260
9130.078125	-53.524395
9151.611328	-53.245937
9173.144531	-52.810417
9194.677734	-53.146507
9216.210938	-53.076946
9237.744141	-53.379246
9259.277344	-53.444729
9280.810547	-53.151283
9302.343750	-53.341984
9323.876953	-53.718761
9345.410156	-53.557182
9366.943359	-53.395706
9388.476562	-53.639320
9410.009766	-53.764946
9431.542969	-53.762680
9453.076172	-53.758865
9474.609375	-53.482853
9496.142578	-53.693012
9517.675781	-53.782272
9539.208984	-53.711864
9560.742188	-53.991142
9582.275391	-53.960922
9603.808594	-53.687874
9625.341797	-54.151672
9646.875000	-54.523357
9668.408203	-54.570831
9689.941406	-54.353767
9711.474609	-53.670712
9733.007812	-54.221695
9754.541016	-54.169392
9776.074219	-53.907066
9797.607422	-54.028622
9819.140625	-54.718719
9840.673828	-54.442051
9862.207031	-54.003632
9883.740234	-54.445137
9905.273438	-54.555729
9926.806641	-54.546959
9948.339844	-54.317307
9969.873047	-54.220280
9991.406250	-54.483154
10012.939453	-54.947636
10034.472656	-54.844898
10056.005859	-54.366982
10077.539062	-54.200760
10099.072266	-54.505039
10120.605469	-54.411392
10142.138672	-54.592522
10163.671875	-54.976303
10185.205078	-54.875145
10206.738281	-54.921829
10228.271484	-54.799599
10249.804688	-54.929138
10271.337891	-55.037388
10292.871094	-54.567951
10314.404297	-54.554089
10335.937500	-54.762268
10357.470703	-55.099827
10379.003906	-55.252125
10400.537109	-55.054855
10422.070312	-55.052029
10443.603516	-54.984131
10465.136719	-55.108879
10486.669922	-55.130711
10508.203125	-54.817909
10529.736328	-54.756062
10551.269531	-55.765541
10572.802734	-55.416821
10594.335938	-55.528625
10615.869141	-55.390701
10637.402344	-55.446972
10658.935547	-55.662266
10680.468750	-55.943726
10702.001953	-55.963718
10723.535156	-55.611160
10745.068359	-55.560802
10766.601562	-55.590023
10788.134766	-55.687424
10809.667969	-55.875668
10831.201172	-55.707474
10852.734375	-55.557762
10874.267578	-55.689926
10895.800781	-55.948975
10917.333984	-55.932400
10938.867188	-56.189663
10960.400391	-56.047466
10981.933594	-56.194946
11003.466797	-56.218178
11025.000000	-55.932018
11046.533203	-56.115437
11068.066406	-56.160465
11089.599609	-56.050110
11111.132812	-56.493176
11132.666016	-56.392128
11154.199219	-56.215771
11175.732422	-56.500919
11197.265625	-56.645809
11218.798828	-56.780308
11240.332031	-56.524170
11261.865234	-56.470833
11283.398438	-56.455284
11304.931641	-56.197178
11326.464844	-56.292427
11347.998047	-56.629929
11369.531250	-56.655254
11391.064453	-56.926071
11412.597656	-56.706608
11434.130859	-56.543316
11455.664062	-56.363411
11477.197266	-56.745861
11498.730469	-56.961990
11520.263672	-56.678780
11541.796875	-56.981979
11563.330078	-57.198460
11584.863281	-57.196934
11606.396484	-57.300900
11627.929688	-57.305870
11649.462891	-57.190891
11670.996094	-57.411293
11692.529297	-57.185287
11714.062500	-57.389172
11735.595703	-57.206562
11757.128906	-57.094086
11778.662109	-57.084484
11800.195312	-57.327652
11821.728516	-57.148365
11843.261719	-57.138741
11864.794922	-57.466522
11886.328125	-57.215961
11907.861328	-57.009075
11929.394531	-57.277512
11950.927734	-57.718212
11972.460938	-58.058781
11993.994141	-58.077950
12015.527344	-57.684231
12037.060547	-57.665100
12058.593750	-57.796844
12080.126953	-57.889908
12101.660156	-57.333092
12123.193359	-57.315166
12144.726562	-57.384121
12166.259766	-57.712574
12187.792969	-57.795078
12209.326172	-57.785091
12230.859375	-57.956955
12252.392578	-57.903172
12273.925781	-57.919071
12295.458984	-57.978252
12316.992188	-57.887264
12338.525391	-57.914356
12360.058594	-58.300449
12381.591797	-58.365234
12403.125000	-58.128059
12424.658203	-58.306393
12446.191406	-58.299061
12467.724609	-57.941273
12489.257812	-58.253071
12510.791016	-58.748619
12532.324219	-58.618813
12553.857422	-58.205044
12575.390625	-58.503311
12596.923828	-58.645748
12618.457031	-58.668541
12639.990234	-58.744583
12661.523438	-58.805191
12683.056641	-58.641315
12704.589844	-58.473228
12726.123047	-58.469120
12747.656250	-58.405392
12769.189453	-58.631931
12790.722656	-58.805714
12812.255859	-59.034130
12833.789062	-59.233631
12855.322266	-59.160641
12876.855469	-58.721733
12898.388672	-58.348537
12919.921875	-59.100201
12941.455078	-59.235302
12962.988281	-58.975246
12984.521484	-59.282814
13006.054688	-59.341492
13027.587891	-59.280136
13049.121094	-59.475025
13070.654297	-59.451801
13092.187500	-59.316559
13113.720703	-59.240120
13135.253906	-58.892231
13156.787109	-58.999088
13178.320312	-59.720287
13199.853516	-59.920990
13221.386719	-59.280224
13242.919922	-59.107681
13264.453125	-59.343151
13285.986328	-59.511776
13307.519531	-59.397274
13329.052734	-59.433281
13350.585938	-59.357815
13372.119141	-59.388653
13393.652344	-59.529198
13415.185547	-59.766632
13436.718750	-59.542126
13458.251953	-59.923008
13479.785156	-59.819298
13501.318359	-60.073906
13522.851562	-60.332912
13544.384766	-59.981358
13565.917969	-60.086666
13587.451172	-60.074780
13608.984375	-60.008972
13630.517578	-59.974270
13652.050781	-59.666935
13673.583984	-59.836975
13695.117188	-60.492607
13716.650391	-60.059547
13738.183594	-59.961582
13759.716797	-60.362919
13781.250000	-60.094643
13802.783203	-60.076427
13824.316406	-60.217960
13845.849609	-60.110546
13867.382812	-60.150211
13888.916016	-60.324303
13910.449219	-60.389915
13931.982422	-60.326508
13953.515625	-60.385925
13975.048828	-60.281380
13996.582031	-60.718544
14018.115234	-60.544460
14039.648438	-60.502037
14061.181641	-60.846848
14082.714844	-60.735237
14104.248047	-60.884914
14125.781250	-60.426308
14147.314453	-60.353546
14168.847656	-60.985561
14190.380859	-60.915886
14211.914062	-60.904999
14233.447266	-61.206707
14254.980469	-61.297573
14276.513672	-60.925438
14298.046875	-60.774796
14319.580078	-60.546623
14341.113281	-60.578529
14362.646484	-60.533321
14384.179688	-60.638840
14405.712891	-60.720673
14427.246094	-60.883633
14448.779297	-61.295540
14470.312500	-61.132576
14491.845703	-60.884361
14513.378906	-60.960003
14534.912109	-60.860809
14556.445312	-60.695778
14577.978516	-60.812744
14599.511719	-61.623199
14621.044922	-61.398922
14642.578125	-61.183533
14664.111328	-61.442265
14685.644531	-61.653713
14707.177734	-61.402645
14728.710938	-61.341553
14750.244141	-61.347420
14771.777344	-61.112587
14793.310547	-61.492393
14814.843750	-61.993900
14836.376953	-61.461948
14857.910156	-61.481701
14879.443359	-61.436626
14900.976562	-61.548870
14922.509766	-61.599468
14944.042969	-61.678841
14965.576172	-61.872322
14987.109375	-61.664093
15008.642578	-61.665077
15030.175781	-61.629318
15051.708984	-61.931400
15073.242188	-61.978630
15094.775391	-61.686668
15116.308594	-61.735596
15137.841797	-61.865665
15159.375000	-61.698345
15180.908203	-61.847729
15202.441406	-61.905781
15223.974609	-61.786034
15245.507812	-61.871490
15267.041016	-62.274269
15288.574219	-62.406292
15310.107422	-62.225819
15331.640625	-62.277199
15353.173828	-62.456917
15374.707031	-62.416756
15396.240234	-62.226139
15417.773438	-62.121922
15439.306641	-62.124107
15460.839844	-62.401711
15482.373047	-62.574928
15503.906250	-62.470798
15525.439453	-62.767685
15546.972656	-62.581245
15568.505859	-62.612064
15590.039062	-62.637798
15611.572266	-62.255653
15633.105469	-62.566399
15654.638672	-62.645592
15676.171875	-62.650394
15697.705078	-62.429119
15719.238281	-62.643959
15740.771484	-62.626553
15762.304688	-62.868198
15783.837891	-63.108932
15805.371094	-62.861065
15826.904297	-62.632477
15848.437500	-62.651386
15869.970703	-62.593056
15891.503906	-62.673801
15913.037109	-62.870434
15934.570312	-62.993774
15956.103516	-62.733833
15977.636719	-62.625797
15999.169922	-62.945770
16020.703125	-63.246059
16042.236328	-63.192383
16063.769531	-62.960464
16085.302734	-63.326771
16106.835938	-63.293819
16128.369141	-62.940639
16149.902344	-63.067280
16171.435547	-63.200211
16192.968750	-63.314152
16214.501953	-63.125103
16236.035156	-63.373558
16257.568359	-63.621029
16279.101562	-63.392410
16300.634766	-63.260166
16322.167969	-63.219414
16343.701172	-63.283649
16365.234375	-62.811531
16386.767578	-63.036983
16408.300781	-63.098648
16429.833984	-63.289131
16451.367188	-63.349144
16472.900391	-63.500729
16494.433594	-63.376942
16515.966797	-63.457939
16537.500000	-63.398209
16559.033203	-64.047363
16580.566406	-63.987823
16602.099609	-63.650242
16623.632812	-63.843201
16645.166016	-63.616314
16666.699219	-63.819149
16688.232422	-63.719326
16709.765625	-63.820438
16731.298828	-63.765659
16752.832031	-63.782738
16774.365234	-64.050819
16795.898438	-64.031776
16817.431641	-63.753689
16838.964844	-63.834621
16860.498047	-63.963696
16882.031250	-63.742794
16903.564453	-63.900284
16925.097656	-64.370972
16946.630859	-64.484840
16968.164062	-63.921070
16989.697266	-63.984425
17011.230469	-64.165802
17032.763672	-63.989037
17054.296875	-64.344810
17075.830078	-64.739250
17097.363281	-64.922058
17118.896484	-64.632736
17140.429688	-64.046471
17161.962891	-64.439644
17183.496094	-64.494308
17205.029297	-64.446671
17226.562500	-64.165382
17248.095703	-64.440964
17269.628906	-64.482796
17291.162109	-64.670174
17312.695312	-64.486717
17334.228516	-64.532555
17355.761719	-64.911079
17377.294922	-64.940193
17398.828125	-64.770477
17420.361328	-64.664139
17441.894531	-64.442108
17463.427734	-64.359360
17484.960938	-64.628143
17506.494141	-64.726212
17528.027344	-64.437897
17549.560547	-64.358635
17571.093750	-64.750038
17592.626953	-64.780945
17614.160156	-64.659142
17635.693359	-65.141602
17657.226562	-64.924286
17678.759766	-65.135551
17700.292969	-65.118149
17721.826172	-65.296814
17743.359375	-65.338181
17764.892578	-65.649849
17786.425781	-65.557335
17807.958984	-65.202446
17829.492188	-65.671387
17851.025391	-65.588776
17872.558594	-65.220726
17894.091797	-65.284576
17915.625000	-65.148880
17937.158203	-65.234657
17958.691406	-65.086105
17980.224609	-65.591690
18001.757812	-66.121841
18023.291016	-66.300430
18044.824219	-66.023529
18066.357422	-65.807060
18087.890625	-65.917786
18109.423828	-65.606476
18130.957031	-65.467834
18152.490234	-65.595230
18174.023438	-66.392563
18195.556641	-66.500542
18217.089844	-66.172005
18238.623047	-66.489601
18260.156250	-66.643295
18281.689453	-66.447174
18303.222656	-66.555977
18324.755859	-66.277245
18346.289062	-66.042732
18367.822266	-66.744011
18389.355469	-66.486038
18410.888672	-66.685707
18432.421875	-66.692719
18453.955078	-66.444946
18475.488281	-66.698357
18497.021484	-66.720139
18518.554688	-66.496895
18540.087891	-66.662148
18561.621094	-66.566322
18583.154297	-66.772385
18604.687500	-66.745972
18626.220703	-66.528572
18647.753906	-66.721062
18669.287109	-67.109436
18690.820312	-67.326591
18712.353516	-67.335876
18733.886719	-67.436668
18755.419922	-66.363777
18776.953125	-61.393612
18798.486328	-62.096119
18820.019531	-67.011528
18841.552734	-66.970345
18863.085938	-66.990662
18884.619141	-67.040398
18906.152344	-67.726280
18927.685547	-67.880707
18949.218750	-68.115944
18970.751953	-68.032501
18992.285156	-68.261719
19013.818359	-68.539062
19035.351562	-68.276199
19056.884766	-68.475456
19078.417969	-68.772804
19099.951172	-68.589828
19121.484375	-68.709167
19143.017578	-68.661079
19164.550781	-68.824875
19186.083984	-68.369316
19207.617188	-68.831039
19229.150391	-69.346954
19250.683594	-69.022636
19272.216797	-69.033287
19293.750000	-69.557632
19315.283203	-69.686401
19336.816406	-69.921066
19358.349609	-69.895279
19379.882812	-69.934868
19401.416016	-70.436096
19422.949219	-70.489891
19444.482422	-70.584435
19466.015625	-70.740372
19487.548828	-70.954536
19509.082031	-71.225578
19530.615234	-71.115219
19552.148438	-71.816734
19573.681641	-72.059296
19595.214844	-71.995766
19616.748047	-72.341110
19638.281250	-72.297272
19659.814453	-72.704117
19681.347656	-73.033752
19702.880859	-73.439835
19724.414062	-73.199554
19745.947266	-73.167336
19767.480469	-73.654037
19789.013672	-74.130051
19810.546875	-74.810707
19832.080078	-75.167801
19853.613281	-74.807243
19875.146484	-75.015778
19896.679688	-75.574318
19918.212891	-76.136597
19939.746094	-76.033264
19961.279297	-76.465225
19982.812500	-76.637108
20004.345703	-77.026558
20025.878906	-77.384071
20047.412109	-77.807121
20068.945312	-77.786392
20090.478516	-78.427094
20112.011719	-79.462181
20133.544922	-79.586884
20155.078125	-79.833199
20176.611328	-80.302055
20198.144531	-80.912254
20219.677734	-81.541229
20241.210938	-81.836021
20262.744141	-82.374352
20284.277344	-82.669235
20305.810547	-83.228409
20327.343750	-83.670578
20348.876953	-83.930313
20370.410156	-84.035728
20391.943359	-84.748619
20413.476562	-85.488129
20435.009766	-85.650978
20456.542969	-86.425407
20478.076172	-87.244171
20499.609375	-87.395912
20521.142578	-87.905197
20542.675781	-88.611893
20564.208984	-88.927177
20585.742188	-90.090775
20607.275391	-90.636520
20628.808594	-91.534851
20650.341797	-92.306801
20671.875000	-92.738731
20693.408203	-93.253868
20714.941406	-94.079369
20736.474609	-94.568436
20758.007812	-95.275612
20779.541016	-95.698250
20801.074219	-96.492439
20822.607422	-97.697762
20844.140625	-98.685036
20865.673828	-99.420486
20887.207031	-99.951523
20908.740234	-100.575859
20930.273438	-101.542358
20951.806641	-102.376785
20973.339844	-102.975098
20994.873047	-104.109482
21016.406250	-104.789124
21037.939453	-105.941643
21059.472656	-106.642502
21081.005859	-107.588585
21102.539062	-108.662216
21124.072266	-109.905891
21145.605469	-110.937508
21167.138672	-111.833298
21188.671875	-113.136673
21210.205078	-114.100281
21231.738281	-115.125061
21253.271484	-116.068436
21274.804688	-117.907005
21296.337891	-119.198677
21317.871094	-120.046127
21339.404297	-121.388092
21360.937500	-122.286285
21382.470703	-123.948090
21404.003906	-125.696098
21425.537109	-126.975304
21447.070312	-127.696457
21468.603516	-129.179153
21490.136719	-131.230164
21511.669922	-132.892426
21533.203125	-134.276443
21554.736328	-135.984726
21576.269531	-137.764145
21597.802734	-139.281601
21619.335938	-140.855133
21640.869141	-143.596008
21662.402344	-145.357819
21683.935547	-147.390854
21705.468750	-149.546356
21727.001953	-151.951187
21748.535156	-154.223267
21770.068359	-156.098343
21791.601562	-158.586121
21813.134766	-161.430267
21834.667969	-163.935837
21856.201172	-166.135803
21877.734375	-168.282898
21899.267578	-170.105560
21920.800781	-171.006805
21942.333984	-171.669617
21963.867188	-171.625076
21985.400391	-172.216339
22006.933594	-173.102478
22028.466797	-174.090118
