Frequency (Hz)	Level (dB)
43.066406	-18.662567
86.132812	-16.482838
129.199219	-15.628865
172.265625	-14.908164
215.332031	-14.684315
258.398438	-14.814323
301.464844	-14.869343
344.531250	-15.075705
387.597656	-15.697466
430.664062	-16.182261
473.730469	-16.456848
516.796875	-17.376467
559.863281	-17.688848
602.929688	-17.418222
645.996094	-17.843346
689.062500	-18.283602
732.128906	-18.023798
775.195312	-18.394365
818.261719	-18.771536
861.328125	-18.917572
904.394531	-19.463175
947.460938	-19.778332
990.527344	-20.085918
1033.593750	-20.102556
1076.660156	-20.107533
1119.726562	-20.581141
1162.792969	-20.705275
1205.859375	-20.737654
1248.925781	-21.129055
1291.992188	-21.844870
1335.058594	-21.861454
1378.125000	-21.500261
1421.191406	-21.871283
1464.257812	-22.258945
1507.324219	-22.010750
1550.390625	-21.957083
1593.457031	-22.143995
1636.523438	-22.461622
1679.589844	-22.638979
1722.656250	-22.906004
1765.722656	-22.850718
1808.789062	-22.731823
1851.855469	-22.895355
1894.921875	-23.527746
1937.988281	-23.443535
1981.054688	-23.620375
2024.121094	-24.148327
2067.187500	-24.093636
2110.253906	-23.949116
2153.320312	-23.964535
2196.386719	-24.283485
2239.453125	-24.058054
2282.519531	-24.330643
2325.585938	-24.502710
2368.652344	-24.561680
2411.718750	-24.866997
2454.785156	-25.400826
2497.851562	-25.021942
2540.917969	-24.772203
2583.984375	-25.155815
2627.050781	-25.604902
2670.117188	-25.746294
2713.183594	-26.042013
2756.250000	-26.580935
2799.316406	-26.030693
2842.382812	-25.951365
2885.449219	-26.629938
2928.515625	-26.868725
2971.582031	-26.680372
3014.648438	-26.660967
3057.714844	-27.055307
3100.781250	-27.236601
3143.847656	-27.320066
3186.914062	-27.221594
3229.980469	-26.911072
3273.046875	-27.293032
3316.113281	-28.031586
3359.179688	-27.713947
3402.246094	-27.768709
3445.312500	-28.465889
3488.378906	-28.395149
3531.445312	-28.188774
3574.511719	-28.394955
3617.578125	-28.593124
3660.644531	-28.559874
3703.710938	-28.723125
3746.777344	-28.836164
3789.843750	-28.861122
3832.910156	-28.946150
3875.976562	-28.825390
3919.042969	-29.308271
3962.109375	-29.766596
4005.175781	-29.987986
4048.242188	-29.644339
4091.308594	-29.964231
4134.375000	-30.035255
4177.441406	-29.735783
4220.507812	-30.011171
4263.574219	-30.057737
4306.640625	-30.569323
4349.707031	-30.601419
4392.773438	-30.616743
4435.839844	-30.607611
4478.906250	-30.741838
4521.972656	-30.957594
4565.039062	-31.175238
4608.105469	-31.197279
4651.171875	-31.336096
4694.238281	-31.143898
4737.304688	-30.496199
4780.371094	-30.398632
4823.437500	-31.196442
4866.503906	-31.500038
4909.570312	-32.022697
4952.636719	-31.606918
4995.703125	-31.593399
5038.769531	-32.134422
5081.835938	-31.765545
5124.902344	-31.853104
5167.968750	-32.231853
5211.035156	-32.422596
5254.101562	-32.770153
5297.167969	-32.633945
5340.234375	-32.545830
5383.300781	-32.560474
5426.367188	-32.963070
5469.433594	-32.648014
5512.500000	-32.859730
5555.566406	-33.170284
5598.632812	-33.060768
5641.699219	-32.941471
5684.765625	-33.100941
5727.832031	-33.020111
5770.898438	-33.369011
5813.964844	-33.755314
5857.031250	-33.222507
5900.097656	-33.661476
5943.164062	-33.874294
5986.230469	-34.046944
6029.296875	-34.528011
6072.363281	-34.595097
6115.429688	-34.281391
6158.496094	-34.577190
6201.562500	-35.037937
6244.628906	-34.590275
6287.695312	-34.486565
6330.761719	-34.723595
6373.828125	-34.717831
6416.894531	-34.975639
6459.960938	-35.357265
6503.027344	-35.243839
6546.093750	-35.408669
6589.160156	-35.782814
6632.226562	-35.649422
6675.292969	-35.581223
6718.359375	-35.848900
6761.425781	-35.648876
6804.492188	-36.247292
6847.558594	-36.249191
6890.625000	-36.436626
6933.691406	-36.567089
6976.757812	-36.313087
7019.824219	-36.246319
7062.890625	-36.403397
7105.957031	-36.354786
7149.023438	-36.492985
7192.089844	-37.112438
7235.156250	-37.127220
7278.222656	-36.706009
7321.289062	-36.588638
7364.355469	-36.824917
7407.421875	-36.936832
7450.488281	-37.270275
7493.554688	-37.266327
7536.621094	-37.145676
7579.687500	-37.549843
7622.753906	-37.665459
7665.820312	-37.837322
7708.886719	-38.209831
7751.953125	-37.735889
7795.019531	-37.700832
7838.085938	-38.264828
7881.152344	-38.451073
7924.218750	-37.901337
7967.285156	-37.896698
8010.351562	-38.325695
8053.417969	-38.297935
8096.484375	-38.365818
8139.550781	-38.500683
8182.617188	-38.612778
8225.683594	-39.042252
8268.750000	-38.969090
8311.816406	-38.938835
8354.882812	-38.665184
8397.949219	-38.379189
8441.015625	-38.670521
8484.082031	-38.797577
8527.148438	-38.905609
8570.214844	-39.278027
8613.281250	-39.421848
8656.347656	-39.578835
8699.414062	-39.556591
8742.480469	-39.669044
8785.546875	-39.367481
8828.613281	-39.516785
8871.679688	-39.968246
8914.746094	-39.862606
8957.812500	-39.637039
9000.878906	-39.995941
9043.945312	-40.486805
9087.011719	-40.133152
9130.078125	-40.278946
9173.144531	-40.752399
9216.210938	-40.517570
9259.277344	-40.927723
9302.343750	-41.041344
9345.410156	-40.791512
9388.476562	-40.774910
9431.542969	-41.015667
9474.609375	-41.006466
9517.675781	-40.905331
9560.742188	-41.181839
9603.808594	-41.575508
9646.875000	-41.479885
9689.941406	-41.433899
9733.007812	-41.628845
9776.074219	-41.411945
9819.140625	-42.011917
9862.207031	-41.665462
9905.273438	-41.615650
9948.339844	-41.765858
9991.406250	-41.571808
10034.472656	-41.834450
10077.539062	-41.843132
10120.605469	-41.798771
10163.671875	-42.005882
10206.738281	-42.248554
10249.804688	-42.228695
10292.871094	-42.217716
10335.937500	-42.545509
10379.003906	-42.386036
10422.070312	-42.520325
10465.136719	-42.413273
10508.203125	-42.452782
10551.269531	-42.411011
10594.335938	-42.560730
10637.402344	-42.631760
10680.468750	-42.890339
10723.535156	-43.668251
10766.601562	-43.675404
10809.667969	-43.504173
10852.734375	-43.211700
10895.800781	-43.000271
10938.867188	-43.230820
10981.933594	-43.129082
11025.000000	-43.535942
11068.066406	-43.542019
11111.132812	-43.624920
11154.199219	-44.100128
11197.265625	-43.769459
11240.332031	-43.662922
11283.398438	-43.878674
11326.464844	-44.388165
11369.531250	-44.066906
11412.597656	-44.083176
11455.664062	-44.835712
11498.730469	-44.957447
11541.796875	-44.388050
11584.863281	-44.413754
11627.929688	-44.887619
11670.996094	-44.980297
11714.062500	-45.139050
11757.128906	-44.507156
11800.195312	-44.860756
11843.261719	-45.216240
11886.328125	-45.205921
11929.394531	-44.940838
11972.460938	-45.111271
12015.527344	-44.954399
12058.593750	-45.433418
12101.660156	-45.315662
12144.726562	-45.088707
12187.792969	-45.222492
12230.859375	-44.967384
12273.925781	-45.000134
12316.992188	-45.472256
12360.058594	-45.855873
12403.125000	-45.605064
12446.191406	-45.742367
12489.257812	-45.835972
12532.324219	-45.983974
12575.390625	-46.101109
12618.457031	-45.712414
12661.523438	-45.740307
12704.589844	-45.925385
12747.656250	-45.920624
12790.722656	-46.274342
12833.789062	-46.376648
12876.855469	-46.353519
12919.921875	-46.294037
12962.988281	-46.499069
13006.054688	-46.519646
13049.121094	-46.759823
13092.187500	-46.757908
13135.253906	-46.946789
13178.320312	-46.884651
13221.386719	-46.735111
13264.453125	-47.387470
13307.519531	-47.425217
13350.585938	-47.452549
13393.652344	-47.125351
13436.718750	-47.365780
13479.785156	-47.492302
13522.851562	-47.802792
13565.917969	-48.142059
13608.984375	-47.858452
13652.050781	-47.800629
13695.117188	-48.139606
13738.183594	-47.686848
13781.250000	-48.152527
13824.316406	-48.209156
13867.382812	-47.717506
13910.449219	-48.004570
13953.515625	-48.495991
13996.582031	-48.631268
14039.648438	-48.101063
14082.714844	-48.543663
14125.781250	-48.354996
14168.847656	-48.021610
14211.914062	-48.199013
14254.980469	-48.408371
14298.046875	-48.151909
14341.113281	-48.437595
14384.179688	-48.802521
14427.246094	-48.966702
14470.312500	-48.839867
14513.378906	-48.955166
14556.445312	-49.040634
14599.511719	-49.003010
14642.578125	-48.954994
14685.644531	-49.109390
14728.710938	-48.935883
14771.777344	-49.509319
14814.843750	-49.502819
14857.910156	-49.205082
14900.976562	-49.231194
14944.042969	-49.512089
14987.109375	-49.787281
15030.175781	-49.775932
15073.242188	-49.592335
15116.308594	-49.707489
15159.375000	-49.751953
15202.441406	-49.826511
15245.507812	-49.961880
15288.574219	-49.913357
15331.640625	-49.835190
15374.707031	-49.962860
15417.773438	-50.151512
15460.839844	-49.773754
15503.906250	-49.608883
15546.972656	-49.880455
15590.039062	-50.208534
15633.105469	-50.130844
15676.171875	-50.074242
15719.238281	-50.575172
15762.304688	-50.877556
15805.371094	-50.858410
15848.437500	-50.720894
15891.503906	-50.775234
15934.570312	-51.021324
15977.636719	-50.865719
16020.703125	-50.622646
16063.769531	-50.661907
16106.835938	-50.314896
16149.902344	-50.504120
16192.968750	-50.657158
16236.035156	-51.024246
16279.101562	-50.960007
16322.167969	-50.631023
16365.234375	-50.500908
16408.300781	-50.964054
16451.367188	-51.389343
16494.433594	-51.394531
16537.500000	-51.064754
16580.566406	-51.809284
16623.632812	-51.579464
16666.699219	-51.391457
16709.765625	-51.644409
16752.832031	-51.502537
16795.898438	-51.615044
16838.964844	-51.724678
16882.031250	-51.760597
16925.097656	-51.523037
16968.164062	-51.696735
17011.230469	-52.117085
17054.296875	-52.519524
17097.363281	-52.203266
17140.429688	-51.420933
17183.496094	-51.887138
17226.562500	-52.267773
17269.628906	-51.794231
17312.695312	-51.742146
17355.761719	-51.999298
17398.828125	-52.237923
17441.894531	-52.130520
17484.960938	-51.937366
17528.027344	-52.212749
17571.093750	-51.966358
17614.160156	-52.125385
17657.226562	-52.445637
17700.292969	-52.674538
17743.359375	-53.059692
17786.425781	-53.131325
17829.492188	-52.897236
17872.558594	-52.720509
17915.625000	-52.746189
17958.691406	-52.825756
18001.757812	-52.551929
18044.824219	-52.532490
18087.890625	-52.899754
18130.957031	-52.731754
18174.023438	-52.541073
18217.089844	-52.640652
18260.156250	-53.131821
18303.222656	-53.349289
18346.289062	-53.231628
18389.355469	-53.365326
18432.421875	-53.556503
18475.488281	-53.076332
18518.554688	-52.868839
18561.621094	-53.505886
18604.687500	-53.518402
18647.753906	-53.562950
18690.820312	-52.626926
18733.886719	-51.765297
18776.953125	-52.871521
18820.019531	-53.243752
18863.085938	-53.242188
18906.152344	-53.563694
18949.218750	-53.523651
18992.285156	-53.298351
19035.351562	-53.877918
19078.417969	-53.837280
19121.484375	-53.413151
19164.550781	-53.688244
19207.617188	-53.770855
19250.683594	-53.838177
19293.750000	-54.184460
19336.816406	-54.033028
19379.882812	-54.089897
19422.949219	-54.213371
19466.015625	-53.789494
19509.082031	-53.930031
19552.148438	-54.233250
19595.214844	-54.318859
19638.281250	-55.062664
19681.347656	-54.336483
19724.414062	-54.056240
19767.480469	-53.980545
19810.546875	-54.038914
19853.613281	-54.294064
19896.679688	-54.284271
19939.746094	-54.606831
19982.812500	-54.690155
20025.878906	-54.536705
20068.945312	-54.544956
20112.011719	-54.795097
20155.078125	-54.472118
20198.144531	-54.604961
20241.210938	-54.805954
20284.277344	-55.140038
20327.343750	-54.899960
20370.410156	-54.834366
20413.476562	-54.978451
20456.542969	-55.094120
20499.609375	-55.150902
20542.675781	-55.019184
20585.742188	-55.018261
20628.808594	-55.321922
20671.875000	-55.542065
20714.941406	-55.619053
20758.007812	-55.544392
20801.074219	-55.258495
20844.140625	-55.692883
20887.207031	-55.482834
20930.273438	-55.532574
20973.339844	-55.932281
21016.406250	-55.764214
21059.472656	-55.515514
21102.539062	-56.045563
21145.605469	-56.054432
21188.671875	-55.674160
21231.738281	-55.832542
21274.804688	-55.822670
21317.871094	-55.983025
21360.937500	-55.964577
21404.003906	-56.332634
21447.070312	-55.947884
21490.136719	-55.908463
21533.203125	-56.307487
21576.269531	-56.536114
21619.335938	-56.190048
21662.402344	-56.223373
21705.468750	-55.917488
21748.535156	-55.932137
21791.601562	-56.086658
21834.667969	-56.727108
21877.734375	-56.672379
21920.800781	-56.462303
21963.867188	-56.451847
22006.933594	-56.403278
