Frequency (Hz)	Level (dB)
43.066406	-28.894903
86.132812	-27.034401
129.199219	-27.453608
172.265625	-28.275091
215.332031	-28.986704
258.398438	-29.649853
301.464844	-30.262587
344.531250	-31.216255
387.597656	-32.172321
430.664062	-32.676128
473.730469	-33.054787
516.796875	-33.920773
559.863281	-34.535637
602.929688	-34.737507
645.996094	-35.303978
689.062500	-36.091694
732.128906	-36.584496
775.195312	-37.018311
818.261719	-37.033607
861.328125	-37.567429
904.394531	-37.765228
947.460938	-37.919952
990.527344	-38.209843
1033.593750	-39.036739
1076.660156	-39.590637
1119.726562	-40.108322
1162.792969	-40.754162
1205.859375	-41.249397
1248.925781	-41.735195
1291.992188	-41.855347
1335.058594	-41.682198
1378.125000	-41.492725
1421.191406	-41.748108
1464.257812	-42.414913
1507.324219	-42.809128
1550.390625	-43.070652
1593.457031	-43.836117
1636.523438	-44.494480
1679.589844	-44.581135
1722.656250	-44.584114
1765.722656	-45.065437
1808.789062	-45.779488
1851.855469	-46.202808
1894.921875	-46.611847
1937.988281	-46.681721
1981.054688	-46.907444
2024.121094	-46.931652
2067.187500	-47.030773
2110.253906	-47.187557
2153.320312	-47.713207
2196.386719	-48.097660
2239.453125	-48.238358
2282.519531	-48.323467
2325.585938	-48.611149
2368.652344	-48.981712
2411.718750	-49.651829
2454.785156	-50.206352
2497.851562	-50.184780
2540.917969	-50.095257
2583.984375	-50.536556
2627.050781	-50.779720
2670.117188	-51.049168
2713.183594	-51.160362
2756.250000	-51.096119
2799.316406	-51.543957
2842.382812	-51.843674
2885.449219	-51.762344
2928.515625	-51.975834
2971.582031	-52.616806
3014.648438	-53.134308
3057.714844	-53.483826
3100.781250	-53.231697
3143.847656	-53.205868
3186.914062	-53.297943
3229.980469	-53.558514
3273.046875	-53.901840
3316.113281	-53.681484
3359.179688	-54.175446
3402.246094	-54.184464
3445.312500	-54.435520
3488.378906	-55.062962
3531.445312	-54.859783
3574.511719	-55.163921
3617.578125	-55.497185
3660.644531	-55.393570
3703.710938	-55.351540
3746.777344	-55.841591
3789.843750	-55.933987
3832.910156	-56.175495
3875.976562	-56.214561
3919.042969	-56.676163
3962.109375	-57.184235
4005.175781	-56.961449
4048.242188	-56.978436
4091.308594	-56.915905
4134.375000	-56.790939
4177.441406	-57.327953
4220.507812	-58.139301
4263.574219	-58.131287
4306.640625	-58.149940
4349.707031	-58.072105
4392.773438	-58.117081
4435.839844	-58.251915
4478.906250	-58.440109
4521.972656	-59.046757
4565.039062	-58.772652
4608.105469	-59.208706
4651.171875	-59.703178
4694.238281	-59.509617
4737.304688	-59.472805
4780.371094	-59.476486
4823.437500	-59.658504
4866.503906	-60.051830
4909.570312	-60.015171
4952.636719	-60.111588
4995.703125	-60.230103
5038.769531	-60.643402
5081.835938	-60.631718
5124.902344	-60.884766
5167.968750	-60.543251
5211.035156	-60.554806
5254.101562	-61.048531
5297.167969	-61.583431
5340.234375	-61.081871
5383.300781	-61.423149
5426.367188	-61.999439
5469.433594	-62.031708
5512.500000	-62.477448
5555.566406	-62.184578
5598.632812	-62.001465
5641.699219	-62.340149
5684.765625	-62.135433
5727.832031	-62.114014
5770.898438	-62.624596
5813.964844	-62.599903
5857.031250	-62.873074
5900.097656	-62.994354
5943.164062	-62.928165
5986.230469	-63.370129
6029.296875	-63.178860
6072.363281	-63.225952
6115.429688	-63.511730
6158.496094	-63.834805
6201.562500	-63.921162
6244.628906	-63.936470
6287.695312	-64.040077
6330.761719	-63.959274
6373.828125	-63.839851
6416.894531	-63.763889
6459.960938	-63.952576
6503.027344	-64.442223
6546.093750	-65.105026
6589.160156	-65.048256
6632.226562	-65.022995
6675.292969	-65.102196
6718.359375	-65.042122
6761.425781	-65.523392
6804.492188	-65.195267
6847.558594	-65.046997
6890.625000	-65.084000
6933.691406	-65.127655
6976.757812	-64.897209
7019.824219	-65.152245
7062.890625	-65.726852
7105.957031	-66.137253
7149.023438	-66.435341
7192.089844	-66.174217
7235.156250	-65.967651
7278.222656	-66.318092
7321.289062	-66.276421
7364.355469	-65.806419
7407.421875	-66.246483
7450.488281	-66.403496
7493.554688	-66.622314
7536.621094	-67.440804
7579.687500	-67.220573
7622.753906	-67.156311
7665.820312	-67.196846
7708.886719	-66.933250
7751.953125	-66.862030
7795.019531	-67.316040
7838.085938	-67.242599
7881.152344	-67.168633
7924.218750	-67.272163
7967.285156	-67.574051
8010.351562	-67.934464
8053.417969	-67.978867
8096.484375	-67.986366
8139.550781	-67.911751
8182.617188	-67.988312
8225.683594	-67.746582
8268.750000	-68.059280
8311.816406	-68.045898
8354.882812	-67.914520
8397.949219	-68.022293
8441.015625	-68.558563
8484.082031	-68.802101
8527.148438	-68.901604
8570.214844	-68.936035
8613.281250	-68.611786
8656.347656	-68.329201
8699.414062	-68.710327
8742.480469	-69.323120
8785.546875	-68.722923
8828.613281	-68.586037
8871.679688	-69.136307
8914.746094	-69.358376
8957.812500	-69.205406
9000.878906	-69.191612
9043.945312	-69.179886
9087.011719	-69.090164
9130.078125	-69.235039
9173.144531	-69.639519
9216.210938	-69.476730
9259.277344	-69.350632
9302.343750	-69.379951
9345.410156	-69.742416
9388.476562	-69.990570
9431.542969	-69.854485
9474.609375	-69.850998
9517.675781	-69.491364
9560.742188	-69.674515
9603.808594	-70.265404
9646.875000	-70.660355
9689.941406	-70.235596
9733.007812	-69.883728
9776.074219	-70.456940
9819.140625	-70.667198
9862.207031	-70.725327
9905.273438	-70.509460
9948.339844	-70.435486
9991.406250	-71.058029
10034.472656	-71.355888
10077.539062	-70.468483
10120.605469	-70.379242
10163.671875	-71.160454
10206.738281	-71.144600
10249.804688	-71.208435
10292.871094	-71.020096
10335.937500	-70.850082
10379.003906	-71.190269
10422.070312	-71.276505
10465.136719	-71.068970
10508.203125	-71.083199
10551.269531	-71.213005
10594.335938	-71.583664
10637.402344	-71.733177
10680.468750	-71.709633
10723.535156	-71.613441
10766.601562	-71.869339
10809.667969	-71.796799
10852.734375	-71.500793
10895.800781	-71.633682
10938.867188	-71.949577
10981.933594	-71.837143
11025.000000	-71.895126
11068.066406	-72.356209
11111.132812	-72.127251
11154.199219	-72.168617
11197.265625	-72.680702
11240.332031	-72.717186
11283.398438	-72.597664
11326.464844	-72.282867
11369.531250	-72.246178
11412.597656	-72.369919
11455.664062	-72.291687
11498.730469	-72.557152
11541.796875	-72.791130
11584.863281	-72.593666
11627.929688	-72.510635
11670.996094	-72.622261
11714.062500	-72.578773
11757.128906	-72.648354
11800.195312	-72.935730
11843.261719	-72.969635
11886.328125	-72.811211
11929.394531	-73.130142
11972.460938	-73.223587
12015.527344	-73.070076
12058.593750	-72.888519
12101.660156	-73.132164
12144.726562	-73.645958
12187.792969	-73.818718
12230.859375	-73.471413
12273.925781	-73.748741
12316.992188	-73.993919
12360.058594	-73.586433
12403.125000	-73.650620
12446.191406	-73.618431
12489.257812	-73.373672
12532.324219	-73.889641
12575.390625	-73.868912
12618.457031	-73.920952
12661.523438	-74.127426
12704.589844	-73.759827
12747.656250	-73.581169
12790.722656	-73.984795
12833.789062	-74.310600
12876.855469	-74.283279
12919.921875	-74.339722
12962.988281	-74.413589
13006.054688	-74.473907
13049.121094	-74.248589
13092.187500	-74.309746
13135.253906	-74.799690
13178.320312	-74.583992
13221.386719	-74.634445
13264.453125	-74.755753
13307.519531	-74.709061
13350.585938	-74.775337
13393.652344	-74.627579
13436.718750	-74.740089
13479.785156	-74.817421
13522.851562	-74.636665
13565.917969	-74.830055
13608.984375	-74.841057
13652.050781	-75.065033
13695.117188	-75.317917
13738.183594	-75.324104
13781.250000	-75.155495
13824.316406	-74.937004
13867.382812	-75.135727
13910.449219	-75.308212
13953.515625	-75.337814
13996.582031	-75.670174
14039.648438	-75.534416
14082.714844	-75.235100
14125.781250	-75.809616
14168.847656	-75.749886
14211.914062	-75.459282
14254.980469	-75.672966
14298.046875	-75.383514
14341.113281	-75.205917
14384.179688	-75.515083
14427.246094	-75.657585
14470.312500	-75.727753
14513.378906	-75.574829
14556.445312	-75.732384
14599.511719	-75.760834
14642.578125	-76.076912
14685.644531	-75.962067
14728.710938	-75.810440
14771.777344	-76.233101
14814.843750	-76.509384
14857.910156	-76.264832
14900.976562	-76.216820
14944.042969	-76.134941
14987.109375	-76.224968
15030.175781	-76.350151
15073.242188	-76.736885
15116.308594	-76.396637
15159.375000	-76.254112
15202.441406	-76.680954
15245.507812	-76.704567
15288.574219	-76.392212
15331.640625	-76.527473
15374.707031	-76.849098
15417.773438	-76.485420
15460.839844	-76.577858
15503.906250	-76.607872
15546.972656	-76.709862
15590.039062	-77.041451
15633.105469	-77.251793
15676.171875	-77.021111
15719.238281	-77.103004
15762.304688	-77.173508
15805.371094	-77.281776
15848.437500	-76.992073
15891.503906	-77.380592
15934.570312	-77.475113
15977.636719	-77.113098
16020.703125	-77.370247
16063.769531	-77.278343
16106.835938	-77.378433
16149.902344	-77.382179
16192.968750	-77.627609
16236.035156	-77.811440
16279.101562	-77.342628
16322.167969	-77.310150
16365.234375	-77.593292
16408.300781	-77.210411
16451.367188	-77.802704
16494.433594	-77.990578
16537.500000	-77.855194
16580.566406	-77.611031
16623.632812	-77.723854
16666.699219	-77.663956
16709.765625	-78.209953
16752.832031	-77.782120
16795.898438	-77.443954
16838.964844	-77.658478
16882.031250	-77.738441
16925.097656	-77.991516
16968.164062	-78.216858
17011.230469	-78.159279
17054.296875	-78.157066
17097.363281	-78.349861
17140.429688	-78.428329
17183.496094	-78.414726
17226.562500	-78.431000
17269.628906	-78.379150
17312.695312	-78.217247
17355.761719	-78.044624
17398.828125	-78.204079
17441.894531	-77.942329
17484.960938	-78.117401
17528.027344	-78.508598
17571.093750	-78.935127
17614.160156	-78.607155
17657.226562	-78.344986
17700.292969	-78.717476
17743.359375	-79.233528
17786.425781	-78.941032
17829.492188	-78.534004
17872.558594	-78.458450
17915.625000	-78.807365
17958.691406	-79.185379
18001.757812	-79.409317
18044.824219	-79.187126
18087.890625	-79.413948
18130.957031	-79.169716
18174.023438	-78.956856
18217.089844	-79.024666
18260.156250	-79.494675
18303.222656	-79.689163
18346.289062	-79.588196
18389.355469	-79.711685
18432.421875	-79.664444
18475.488281	-79.395859
18518.554688	-79.321724
18561.621094	-79.680122
18604.687500	-79.339775
18647.753906	-79.593346
18690.820312	-79.759239
18733.886719	-79.975769
18776.953125	-79.551842
18820.019531	-79.317352
18863.085938	-79.230988
18906.152344	-79.277588
18949.218750	-79.622063
18992.285156	-79.495598
19035.351562	-79.308334
19078.417969	-79.604271
19121.484375	-79.746910
19164.550781	-79.629028
19207.617188	-79.596962
19250.683594	-79.795792
19293.750000	-79.562111
19336.816406	-79.963692
19379.882812	-80.226036
19422.949219	-80.164276
19466.015625	-80.012383
19509.082031	-80.395134
19552.148438	-80.214417
19595.214844	-79.896431
19638.281250	-80.254112
19681.347656	-80.274773
19724.414062	-80.136894
19767.480469	-80.239899
19810.546875	-80.455231
19853.613281	-80.912895
19896.679688	-80.418335
19939.746094	-80.162354
19982.812500	-80.206169
20025.878906	-80.779320
20068.945312	-81.204361
20112.011719	-80.614662
20155.078125	-80.803879
20198.144531	-80.944290
20241.210938	-80.778084
20284.277344	-80.433693
20327.343750	-80.951042
20370.410156	-80.844978
20413.476562	-80.745262
20456.542969	-80.689720
20499.609375	-80.948143
20542.675781	-80.795883
20585.742188	-80.816032
20628.808594	-81.082558
20671.875000	-81.388802
20714.941406	-81.256432
20758.007812	-80.963341
20801.074219	-80.915428
20844.140625	-81.386452
20887.207031	-81.491882
20930.273438	-81.638687
20973.339844	-81.552078
21016.406250	-81.738197
21059.472656	-82.056511
21102.539062	-81.554733
21145.605469	-81.598007
21188.671875	-81.619354
21231.738281	-81.728004
21274.804688	-81.852432
21317.871094	-82.198280
21360.937500	-82.067383
21404.003906	-81.465271
21447.070312	-81.825127
21490.136719	-82.252327
21533.203125	-82.703590
21576.269531	-82.628426
21619.335938	-82.367577
21662.402344	-82.529228
21705.468750	-83.321854
21748.535156	-83.018318
21791.601562	-82.913544
21834.667969	-83.531769
21877.734375	-84.365654
21920.800781	-85.307533
21963.867188	-85.180229
22006.933594	-85.156563
