Frequency (Hz)	Level (dB)
43.066406	-19.857468
86.132812	-23.357643
129.199219	-25.398329
172.265625	-26.500196
215.332031	-27.482651
258.398438	-28.237530
301.464844	-28.827669
344.531250	-29.656387
387.597656	-30.136663
430.664062	-30.670300
473.730469	-31.090904
516.796875	-31.587175
559.863281	-31.950121
602.929688	-31.812698
645.996094	-32.136852
689.062500	-32.725243
732.128906	-32.768349
775.195312	-33.102093
818.261719	-33.231533
861.328125	-33.579617
904.394531	-34.016941
947.460938	-34.284237
990.527344	-34.216331
1033.593750	-34.477203
1076.660156	-34.529228
1119.726562	-34.739307
1162.792969	-35.029427
1205.859375	-34.957584
1248.925781	-35.151569
1291.992188	-35.541897
1335.058594	-35.657608
1378.125000	-35.335670
1421.191406	-35.864990
1464.257812	-36.206699
1507.324219	-36.037144
1550.390625	-36.036568
1593.457031	-36.333111
1636.523438	-36.498352
1679.589844	-36.481194
1722.656250	-36.458923
1765.722656	-36.682827
1808.789062	-36.959774
1851.855469	-36.908020
1894.921875	-37.350567
1937.988281	-37.386406
1981.054688	-37.465454
2024.121094	-37.524364
2067.187500	-37.586819
2110.253906	-37.730183
2153.320312	-37.610294
2196.386719	-37.721512
2239.453125	-37.676235
2282.519531	-37.691944
2325.585938	-37.730515
2368.652344	-37.905903
2411.718750	-38.230095
2454.785156	-38.542816
2497.851562	-38.498539
2540.917969	-38.384834
2583.984375	-38.447205
2627.050781	-38.536404
2670.117188	-38.664265
2713.183594	-38.540504
2756.250000	-38.714890
2799.316406	-38.662998
2842.382812	-38.824276
2885.449219	-38.894272
2928.515625	-38.855484
2971.582031	-39.175987
3014.648438	-39.321476
3057.714844	-39.116264
3100.781250	-39.237839
3143.847656	-39.088753
3186.914062	-39.063183
3229.980469	-39.190807
3273.046875	-39.452217
3316.113281	-39.401375
3359.179688	-39.518604
3402.246094	-39.489967
3445.312500	-39.596226
3488.378906	-39.848293
3531.445312	-39.615143
3574.511719	-39.802498
3617.578125	-40.134899
3660.644531	-39.778099
3703.710938	-39.811283
3746.777344	-40.114029
3789.843750	-40.208920
3832.910156	-40.155155
3875.976562	-39.973995
3919.042969	-40.404053
3962.109375	-40.397324
4005.175781	-40.293343
4048.242188	-40.359726
4091.308594	-40.492981
4134.375000	-40.404266
4177.441406	-40.419930
4220.507812	-40.398808
4263.574219	-40.576527
4306.640625	-40.699333
4349.707031	-40.711174
4392.773438	-40.737480
4435.839844	-40.861782
4478.906250	-40.751137
4521.972656	-41.056282
4565.039062	-40.997978
4608.105469	-40.906036
4651.171875	-41.149445
4694.238281	-41.151134
4737.304688	-40.984047
4780.371094	-40.869804
4823.437500	-41.076622
4866.503906	-41.281418
4909.570312	-41.341797
4952.636719	-41.241222
4995.703125	-41.344521
5038.769531	-41.655338
5081.835938	-41.308838
5124.902344	-41.393665
5167.968750	-41.390923
5211.035156	-41.467407
5254.101562	-41.723991
5297.167969	-41.657883
5340.234375	-41.477520
5383.300781	-41.599403
5426.367188	-41.851131
5469.433594	-41.894176
5512.500000	-41.867039
5555.566406	-41.635098
5598.632812	-41.662067
5641.699219	-41.755611
5684.765625	-41.885468
5727.832031	-42.006805
5770.898438	-42.136288
5813.964844	-42.087437
5857.031250	-41.998341
5900.097656	-42.166386
5943.164062	-41.858543
5986.230469	-41.941677
6029.296875	-42.100143
6072.363281	-42.142918
6115.429688	-41.998943
6158.496094	-42.077522
6201.562500	-42.401894
6244.628906	-42.455898
6287.695312	-42.390823
6330.761719	-42.410248
6373.828125	-42.246506
6416.894531	-42.180386
6459.960938	-42.045177
6503.027344	-42.364841
6546.093750	-42.667522
6589.160156	-42.779678
6632.226562	-42.870548
6675.292969	-42.760471
6718.359375	-42.736050
6761.425781	-42.871647
6804.492188	-42.877384
6847.558594	-42.485615
6890.625000	-42.629211
6933.691406	-42.476715
6976.757812	-42.511654
7019.824219	-42.867783
7062.890625	-43.031311
7105.957031	-43.207478
7149.023438	-43.392143
7192.089844	-43.057259
7235.156250	-43.001232
7278.222656	-42.853371
7321.289062	-42.976284
7364.355469	-42.808128
7407.421875	-43.057945
7450.488281	-43.063210
7493.554688	-43.168835
7536.621094	-43.399178
7579.687500	-43.312584
7622.753906	-43.301086
7665.820312	-43.448975
7708.886719	-43.393742
7751.953125	-43.291542
7795.019531	-43.245121
7838.085938	-43.236362
7881.152344	-43.281986
7924.218750	-43.283543
7967.285156	-43.591961
8010.351562	-43.561314
8053.417969	-43.392456
8096.484375	-43.435532
8139.550781	-43.458466
8182.617188	-43.330921
8225.683594	-43.386898
8268.750000	-43.488743
8311.816406	-43.577053
8354.882812	-43.690918
8397.949219	-43.718948
8441.015625	-44.023396
8484.082031	-43.902199
8527.148438	-43.941208
8570.214844	-43.903145
8613.281250	-43.686832
8656.347656	-43.616909
8699.414062	-43.655849
8742.480469	-44.137329
8785.546875	-43.681110
8828.613281	-43.561581
8871.679688	-43.912983
8914.746094	-44.103157
8957.812500	-43.990654
9000.878906	-43.951080
9043.945312	-43.952713
9087.011719	-43.911221
9130.078125	-43.889729
9173.144531	-44.042130
9216.210938	-44.113419
9259.277344	-44.155968
9302.343750	-44.288628
9345.410156	-44.296490
9388.476562	-44.359390
9431.542969	-44.218346
9474.609375	-44.034904
9517.675781	-44.163422
9560.742188	-44.245186
9603.808594	-44.263672
9646.875000	-44.543156
9689.941406	-44.634068
9733.007812	-44.504547
9776.074219	-44.411690
9819.140625	-44.549244
9862.207031	-44.466766
9905.273438	-44.504772
9948.339844	-44.545254
9991.406250	-44.674416
10034.472656	-44.610867
10077.539062	-44.266376
10120.605469	-44.338882
10163.671875	-44.389763
10206.738281	-44.829803
10249.804688	-44.939579
10292.871094	-44.502838
10335.937500	-44.512039
10379.003906	-44.652946
10422.070312	-44.538795
10465.136719	-44.572853
10508.203125	-44.592598
10551.269531	-44.731728
10594.335938	-44.712112
10637.402344	-44.794926
10680.468750	-44.866871
10723.535156	-44.689663
10766.601562	-44.910534
10809.667969	-44.881371
10852.734375	-44.626553
10895.800781	-44.877075
10938.867188	-44.905071
10981.933594	-44.708305
11025.000000	-44.759212
11068.066406	-44.808086
11111.132812	-44.764553
11154.199219	-44.917461
11197.265625	-45.168594
11240.332031	-45.023922
11283.398438	-44.847786
11326.464844	-44.757496
11369.531250	-44.963371
11412.597656	-45.069798
11455.664062	-45.093616
11498.730469	-45.023300
11541.796875	-44.939270
11584.863281	-45.058029
11627.929688	-45.042408
11670.996094	-45.298618
11714.062500	-45.019611
11757.128906	-44.887390
11800.195312	-45.141693
11843.261719	-45.230968
11886.328125	-45.085453
11929.394531	-45.235455
11972.460938	-45.248947
12015.527344	-45.160175
12058.593750	-45.068073
12101.660156	-45.005089
12144.726562	-45.105427
12187.792969	-45.400661
12230.859375	-45.454525
12273.925781	-45.301762
12316.992188	-45.453869
12360.058594	-45.339733
12403.125000	-45.312527
12446.191406	-45.418911
12489.257812	-45.565899
12532.324219	-45.579639
12575.390625	-45.476093
12618.457031	-45.571037
12661.523438	-45.586445
12704.589844	-45.339363
12747.656250	-45.504852
12790.722656	-45.577965
12833.789062	-45.677029
12876.855469	-45.631046
12919.921875	-45.396622
12962.988281	-45.586468
13006.054688	-45.621174
13049.121094	-45.757038
13092.187500	-45.882084
13135.253906	-45.730942
13178.320312	-45.869843
13221.386719	-45.571564
13264.453125	-45.679153
13307.519531	-45.810162
13350.585938	-45.706795
13393.652344	-45.786293
13436.718750	-45.899776
13479.785156	-46.051037
13522.851562	-46.041729
13565.917969	-45.922234
13608.984375	-46.042923
13652.050781	-45.796127
13695.117188	-46.112320
13738.183594	-46.111244
13781.250000	-45.790962
13824.316406	-45.684422
13867.382812	-45.758125
13910.449219	-46.020351
13953.515625	-46.063343
13996.582031	-46.153931
14039.648438	-45.870029
14082.714844	-45.991188
14125.781250	-45.984924
14168.847656	-46.012657
14211.914062	-46.309616
14254.980469	-46.210972
14298.046875	-45.862568
14341.113281	-45.866669
14384.179688	-46.138420
14427.246094	-46.335529
14470.312500	-46.111893
14513.378906	-46.104252
14556.445312	-46.134293
14599.511719	-46.153500
14642.578125	-46.039921
14685.644531	-46.400909
14728.710938	-46.373615
14771.777344	-46.350883
14814.843750	-46.300034
14857.910156	-46.010365
14900.976562	-46.232613
14944.042969	-46.480034
14987.109375	-46.443668
15030.175781	-46.356697
15073.242188	-46.608452
15116.308594	-46.395882
15159.375000	-46.331329
15202.441406	-46.330643
15245.507812	-46.536495
15288.574219	-46.252205
15331.640625	-46.258560
15374.707031	-46.661167
15417.773438	-46.451649
15460.839844	-46.364010
15503.906250	-46.460594
15546.972656	-46.480198
15590.039062	-46.450867
15633.105469	-46.570335
15676.171875	-46.673611
15719.238281	-46.714226
15762.304688	-46.823364
15805.371094	-46.895470
15848.437500	-46.689381
15891.503906	-46.475567
15934.570312	-46.490959
15977.636719	-46.355755
16020.703125	-46.543327
16063.769531	-46.728874
16106.835938	-46.777260
16149.902344	-46.720158
16192.968750	-46.722561
16236.035156	-46.680767
16279.101562	-46.706066
16322.167969	-46.681999
16365.234375	-46.649002
16408.300781	-46.581120
16451.367188	-46.788906
16494.433594	-46.584995
16537.500000	-46.920033
16580.566406	-47.155720
16623.632812	-46.742123
16666.699219	-46.688526
16709.765625	-46.863350
16752.832031	-46.886246
16795.898438	-46.722771
16838.964844	-46.927837
16882.031250	-46.941593
16925.097656	-46.994591
16968.164062	-46.946114
17011.230469	-46.811951
17054.296875	-46.886253
17097.363281	-47.244579
17140.429688	-47.077545
17183.496094	-47.158318
17226.562500	-47.035885
17269.628906	-47.053383
17312.695312	-47.212086
17355.761719	-47.119133
17398.828125	-46.961075
17441.894531	-46.667191
17484.960938	-46.601589
17528.027344	-46.940681
17571.093750	-47.022114
17614.160156	-46.846889
17657.226562	-47.081772
17700.292969	-47.212440
17743.359375	-47.445244
17786.425781	-47.410431
17829.492188	-47.029099
17872.558594	-47.175140
17915.625000	-47.340816
17958.691406	-47.472198
18001.757812	-47.358871
18044.824219	-47.244862
18087.890625	-47.317787
18130.957031	-47.263924
18174.023438	-47.108078
18217.089844	-47.279213
18260.156250	-47.292336
18303.222656	-47.477859
18346.289062	-47.493717
18389.355469	-47.658569
18432.421875	-47.430904
18475.488281	-47.265957
18518.554688	-47.657410
18561.621094	-47.551369
18604.687500	-47.432262
18647.753906	-47.595657
18690.820312	-47.789585
18733.886719	-47.769775
18776.953125	-47.704342
18820.019531	-47.830860
18863.085938	-47.356678
18906.152344	-47.408813
18949.218750	-47.575218
18992.285156	-47.461498
19035.351562	-47.367455
19078.417969	-47.359470
19121.484375	-47.282578
19164.550781	-47.362480
19207.617188	-47.510494
19250.683594	-47.602020
19293.750000	-47.700352
19336.816406	-47.690414
19379.882812	-47.807594
19422.949219	-47.572578
19466.015625	-47.351681
19509.082031	-47.410866
19552.148438	-47.309471
19595.214844	-47.671425
19638.281250	-47.681641
19681.347656	-47.268322
19724.414062	-47.212132
19767.480469	-47.486885
19810.546875	-47.736771
19853.613281	-47.883842
19896.679688	-47.810776
19939.746094	-47.541084
19982.812500	-47.476414
20025.878906	-47.497227
20068.945312	-47.792213
20112.011719	-47.799641
20155.078125	-47.935658
20198.144531	-48.200813
20241.210938	-47.997402
20284.277344	-47.841480
20327.343750	-47.862736
20370.410156	-47.858444
20413.476562	-47.773277
20456.542969	-47.777931
20499.609375	-47.977951
20542.675781	-48.168736
20585.742188	-48.068752
20628.808594	-48.180248
20671.875000	-48.009785
20714.941406	-48.160477
20758.007812	-48.262951
20801.074219	-48.173573
20844.140625	-48.181248
20887.207031	-48.377312
20930.273438	-48.245934
20973.339844	-48.051208
21016.406250	-48.204262
21059.472656	-48.189106
21102.539062	-48.378052
21145.605469	-48.594711
21188.671875	-48.536434
21231.738281	-48.339733
21274.804688	-48.204449
21317.871094	-48.371315
21360.937500	-48.583351
21404.003906	-48.696247
21447.070312	-48.801247
21490.136719	-48.838039
21533.203125	-48.883327
21576.269531	-49.135334
21619.335938	-49.156967
21662.402344	-49.381668
21705.468750	-49.631729
21748.535156	-49.690887
21791.601562	-50.075882
21834.667969	-50.528706
21877.734375	-51.058407
21920.800781	-51.649899
21963.867188	-52.545815
22006.933594	-53.019005
