Frequency (Hz)	Level (dB)
43.066406	-25.133722
86.132812	-22.138735
129.199219	-20.910402
172.265625	-20.193956
215.332031	-20.003956
258.398438	-20.121895
301.464844	-20.314810
344.531250	-20.845123
387.597656	-21.148611
430.664062	-21.660923
473.730469	-22.063772
516.796875	-22.538784
559.863281	-22.979143
602.929688	-22.888494
645.996094	-23.224882
689.062500	-23.892632
732.128906	-23.992085
775.195312	-24.524529
818.261719	-24.800392
861.328125	-25.242067
904.394531	-25.643278
947.460938	-26.021008
990.527344	-26.280188
1033.593750	-26.483515
1076.660156	-26.666531
1119.726562	-27.094694
1162.792969	-27.415300
1205.859375	-27.512613
1248.925781	-27.800699
1291.992188	-28.445845
1335.058594	-28.597849
1378.125000	-28.307072
1421.191406	-28.982851
1464.257812	-29.438728
1507.324219	-29.417576
1550.390625	-29.562130
1593.457031	-29.815662
1636.523438	-30.281294
1679.589844	-30.356525
1722.656250	-30.420626
1765.722656	-30.826567
1808.789062	-31.251699
1851.855469	-31.382477
1894.921875	-31.987228
1937.988281	-32.042561
1981.054688	-32.166637
2024.121094	-32.415764
2067.187500	-32.558746
2110.253906	-32.748318
2153.320312	-32.944950
2196.386719	-33.159340
2239.453125	-33.293152
2282.519531	-33.398830
2325.585938	-33.509972
2368.652344	-33.853603
2411.718750	-34.230579
2454.785156	-34.767277
2497.851562	-34.816193
2540.917969	-34.833881
2583.984375	-35.024708
2627.050781	-35.225159
2670.117188	-35.536465
2713.183594	-35.674965
2756.250000	-35.980389
2799.316406	-35.794392
2842.382812	-36.211788
2885.449219	-36.533882
2928.515625	-36.561314
2971.582031	-36.939003
3014.648438	-37.207355
3057.714844	-37.375027
3100.781250	-37.491199
3143.847656	-37.425114
3186.914062	-37.608978
3229.980469	-37.703423
3273.046875	-38.211376
3316.113281	-38.532295
3359.179688	-38.554798
3402.246094	-38.613255
3445.312500	-38.863903
3488.378906	-39.295700
3531.445312	-39.215633
3574.511719	-39.525551
3617.578125	-39.947510
3660.644531	-39.588490
3703.710938	-39.635517
3746.777344	-40.144577
3789.843750	-40.518833
3832.910156	-40.767868
3875.976562	-40.653755
3919.042969	-40.963718
3962.109375	-41.178631
4005.175781	-41.342415
4048.242188	-41.334057
4091.308594	-41.715034
4134.375000	-41.635521
4177.441406	-41.652122
4220.507812	-41.963943
4263.574219	-42.074345
4306.640625	-42.445160
4349.707031	-42.577118
4392.773438	-42.654739
4435.839844	-43.002064
4478.906250	-42.865894
4521.972656	-43.252041
4565.039062	-43.503708
4608.105469	-43.424557
4651.171875	-43.868149
4694.238281	-43.874660
4737.304688	-43.719692
4780.371094	-43.788090
4823.437500	-44.261208
4866.503906	-44.450844
4909.570312	-44.544537
4952.636719	-44.509991
4995.703125	-44.775425
5038.769531	-45.388996
5081.835938	-45.280670
5124.902344	-45.471264
5167.968750	-45.611378
5211.035156	-45.752476
5254.101562	-46.070549
5297.167969	-46.257103
5340.234375	-46.028286
5383.300781	-45.942741
5426.367188	-46.423672
5469.433594	-46.687054
5512.500000	-47.005146
5555.566406	-46.999737
5598.632812	-47.113197
5641.699219	-47.118248
5684.765625	-47.228630
5727.832031	-47.460964
5770.898438	-47.592743
5813.964844	-47.761845
5857.031250	-47.664745
5900.097656	-47.852467
5943.164062	-47.843033
5986.230469	-48.099987
6029.296875	-48.330444
6072.363281	-48.572578
6115.429688	-48.587780
6158.496094	-48.734192
6201.562500	-49.121838
6244.628906	-49.249306
6287.695312	-48.945335
6330.761719	-49.128391
6373.828125	-49.380234
6416.894531	-49.366112
6459.960938	-49.393864
6503.027344	-49.578709
6546.093750	-49.947376
6589.160156	-50.382050
6632.226562	-50.552654
6675.292969	-50.429165
6718.359375	-50.476604
6761.425781	-50.768677
6804.492188	-50.951141
6847.558594	-50.878044
6890.625000	-50.990520
6933.691406	-51.183380
6976.757812	-51.379128
7019.824219	-51.485195
7062.890625	-51.552315
7105.957031	-51.900173
7149.023438	-52.098938
7192.089844	-51.993320
7235.156250	-51.920486
7278.222656	-51.848473
7321.289062	-51.947617
7364.355469	-52.188137
7407.421875	-52.515232
7450.488281	-52.763191
7493.554688	-52.887531
7536.621094	-52.801182
7579.687500	-53.203411
7622.753906	-53.380276
7665.820312	-53.276726
7708.886719	-53.496227
7751.953125	-53.316898
7795.019531	-53.376877
7838.085938	-53.734039
7881.152344	-53.789494
7924.218750	-53.723003
7967.285156	-53.834354
8010.351562	-54.183922
8053.417969	-54.076721
8096.484375	-53.944859
8139.550781	-54.186626
8182.617188	-54.283253
8225.683594	-54.393196
8268.750000	-54.604107
8311.816406	-54.865913
8354.882812	-54.867081
8397.949219	-55.118317
8441.015625	-55.320282
8484.082031	-55.325062
8527.148438	-55.419102
8570.214844	-55.274372
8613.281250	-55.521999
8656.347656	-55.724274
8699.414062	-55.993732
8742.480469	-55.908092
8785.546875	-55.943027
8828.613281	-56.116814
8871.679688	-56.097820
8914.746094	-56.308136
8957.812500	-56.449356
9000.878906	-56.665497
9043.945312	-56.721191
9087.011719	-56.726318
9130.078125	-56.950451
9173.144531	-57.022346
9216.210938	-57.072830
9259.277344	-57.156792
9302.343750	-57.384251
9345.410156	-57.451328
9388.476562	-57.556973
9431.542969	-57.711014
9474.609375	-58.005898
9517.675781	-58.021358
9560.742188	-58.030849
9603.808594	-58.020168
9646.875000	-58.125591
9689.941406	-58.457657
9733.007812	-58.477543
9776.074219	-58.412327
9819.140625	-58.461681
9862.207031	-58.367111
9905.273438	-58.296074
9948.339844	-58.592762
9991.406250	-58.510677
10034.472656	-58.796146
10077.539062	-58.844955
10120.605469	-58.818935
10163.671875	-59.060310
10206.738281	-59.169048
10249.804688	-59.301010
10292.871094	-59.299534
10335.937500	-59.477242
10379.003906	-59.450470
10422.070312	-59.631767
10465.136719	-59.825691
10508.203125	-59.792145
10551.269531	-59.775906
10594.335938	-59.869595
10637.402344	-60.100346
10680.468750	-60.445236
10723.535156	-60.442650
10766.601562	-60.466042
10809.667969	-60.679993
10852.734375	-60.781219
10895.800781	-60.855289
10938.867188	-60.955338
10981.933594	-60.667923
11025.000000	-61.076397
11068.066406	-61.292961
11111.132812	-61.287769
11154.199219	-61.394684
11197.265625	-61.674053
11240.332031	-61.546391
11283.398438	-61.530857
11326.464844	-61.576881
11369.531250	-61.720135
11412.597656	-61.821712
11455.664062	-61.956306
11498.730469	-61.975605
11541.796875	-62.034595
11584.863281	-62.177956
11627.929688	-62.376736
11670.996094	-62.508759
11714.062500	-62.491119
11757.128906	-62.297611
11800.195312	-62.298119
11843.261719	-62.746208
11886.328125	-62.918671
11929.394531	-62.998680
11972.460938	-63.072395
12015.527344	-63.132244
12058.593750	-63.129570
12101.660156	-62.991505
12144.726562	-62.863613
12187.792969	-63.518272
12230.859375	-63.287014
12273.925781	-63.406094
12316.992188	-63.685974
12360.058594	-63.665630
12403.125000	-63.722363
12446.191406	-63.895634
12489.257812	-63.926605
12532.324219	-64.054024
12575.390625	-64.102867
12618.457031	-64.207924
12661.523438	-64.155678
12704.589844	-64.212463
12747.656250	-64.411842
12790.722656	-64.447983
12833.789062	-64.406105
12876.855469	-64.558426
12919.921875	-64.315536
12962.988281	-64.445587
13006.054688	-64.546478
13049.121094	-64.928352
13092.187500	-65.096924
13135.253906	-65.325752
13178.320312	-65.303482
13221.386719	-64.817223
13264.453125	-65.159058
13307.519531	-65.619408
13350.585938	-65.603691
13393.652344	-65.570564
13436.718750	-65.599045
13479.785156	-65.716080
13522.851562	-65.984695
13565.917969	-66.054733
13608.984375	-65.983788
13652.050781	-66.034515
13695.117188	-66.217003
13738.183594	-66.268585
13781.250000	-66.344788
13824.316406	-66.203041
13867.382812	-66.380539
13910.449219	-66.865471
13953.515625	-66.729012
13996.582031	-66.715393
14039.648438	-66.730141
14082.714844	-66.764877
14125.781250	-66.925926
14168.847656	-66.795631
14211.914062	-66.973167
14254.980469	-66.973198
14298.046875	-66.838463
14341.113281	-67.135780
14384.179688	-67.432472
14427.246094	-67.398888
14470.312500	-67.401657
14513.378906	-67.707855
14556.445312	-67.720680
14599.511719	-67.552963
14642.578125	-67.726463
14685.644531	-67.951172
14728.710938	-67.983841
14771.777344	-68.028305
14814.843750	-68.088074
14857.910156	-68.029770
14900.976562	-68.092789
14944.042969	-68.304779
14987.109375	-68.216866
15030.175781	-68.102417
15073.242188	-68.195442
15116.308594	-68.308907
15159.375000	-68.198532
15202.441406	-68.473267
15245.507812	-68.598061
15288.574219	-68.650375
15331.640625	-68.646736
15374.707031	-68.866104
15417.773438	-68.941910
15460.839844	-69.149635
15503.906250	-69.198105
15546.972656	-69.184586
15590.039062	-69.368263
15633.105469	-69.235390
15676.171875	-69.177666
15719.238281	-69.370598
15762.304688	-69.579514
15805.371094	-70.027756
15848.437500	-69.791977
15891.503906	-69.540009
15934.570312	-69.647423
15977.636719	-69.757202
16020.703125	-69.962486
16063.769531	-70.231133
16106.835938	-69.986443
16149.902344	-70.059761
16192.968750	-70.340187
16236.035156	-70.375816
16279.101562	-70.282845
16322.167969	-70.266724
16365.234375	-70.218559
16408.300781	-70.372986
16451.367188	-70.500282
16494.433594	-70.444939
16537.500000	-70.864311
16580.566406	-70.955353
16623.632812	-70.836021
16666.699219	-70.747383
16709.765625	-70.859383
16752.832031	-71.106033
16795.898438	-70.968697
16838.964844	-71.240959
16882.031250	-71.315353
16925.097656	-71.179100
16968.164062	-71.107666
17011.230469	-71.455864
17054.296875	-71.592690
17097.363281	-71.702744
17140.429688	-71.684418
17183.496094	-71.680550
17226.562500	-71.692589
17269.628906	-71.496704
17312.695312	-71.715126
17355.761719	-71.847610
17398.828125	-71.766212
17441.894531	-71.633987
17484.960938	-71.882729
17528.027344	-72.308372
17571.093750	-72.252151
17614.160156	-72.094551
17657.226562	-72.260567
17700.292969	-72.346848
17743.359375	-72.498520
17786.425781	-72.395287
17829.492188	-72.613792
17872.558594	-72.688309
17915.625000	-72.656448
17958.691406	-72.563408
18001.757812	-72.695862
18044.824219	-72.912636
18087.890625	-72.813904
18130.957031	-72.987190
18174.023438	-73.242653
18217.089844	-73.010353
18260.156250	-72.867714
18303.222656	-73.382500
18346.289062	-73.381950
18389.355469	-73.358345
18432.421875	-73.439392
18475.488281	-73.343887
18518.554688	-73.565674
18561.621094	-73.569717
18604.687500	-73.366219
18647.753906	-73.833183
18690.820312	-73.829079
18733.886719	-73.851280
18776.953125	-74.045090
18820.019531	-73.895073
18863.085938	-73.698158
18906.152344	-74.062042
18949.218750	-74.291626
18992.285156	-74.050804
19035.351562	-74.014885
19078.417969	-74.177177
19121.484375	-74.098732
19164.550781	-74.397583
19207.617188	-74.636879
19250.683594	-74.653198
19293.750000	-74.552612
19336.816406	-74.653297
19379.882812	-74.661285
19422.949219	-74.838242
19466.015625	-74.662231
19509.082031	-74.676941
19552.148438	-74.788918
19595.214844	-74.953934
19638.281250	-74.995499
19681.347656	-74.828835
19724.414062	-74.854431
19767.480469	-75.227524
19810.546875	-75.370209
19853.613281	-75.294060
19896.679688	-75.398842
19939.746094	-75.439919
19982.812500	-75.469559
20025.878906	-75.345619
20068.945312	-75.585968
20112.011719	-75.576683
20155.078125	-75.743736
20198.144531	-76.075661
20241.210938	-76.155830
20284.277344	-75.903435
20327.343750	-76.036514
20370.410156	-76.010223
20413.476562	-75.898636
20456.542969	-76.022118
20499.609375	-76.272987
20542.675781	-76.335197
20585.742188	-76.230782
20628.808594	-76.152313
20671.875000	-76.344681
20714.941406	-76.655136
20758.007812	-76.604286
20801.074219	-76.652138
20844.140625	-76.637543
20887.207031	-76.759590
20930.273438	-76.730675
20973.339844	-76.676376
21016.406250	-76.941307
21059.472656	-77.171181
21102.539062	-77.219284
21145.605469	-77.269196
21188.671875	-77.251709
21231.738281	-77.314392
21274.804688	-77.257019
21317.871094	-77.112480
21360.937500	-77.191429
21404.003906	-77.260948
21447.070312	-77.364708
21490.136719	-77.434357
21533.203125	-77.623276
21576.269531	-77.555664
21619.335938	-77.816078
21662.402344	-77.901291
21705.468750	-77.910583
21748.535156	-78.181152
21791.601562	-78.077171
21834.667969	-78.151505
21877.734375	-78.375549
21920.800781	-78.512794
21963.867188	-78.677902
22006.933594	-78.425323
