Frequency (Hz)	Level (dB)
43.066406	-22.141296
86.132812	-19.528032
129.199219	-18.615957
172.265625	-18.107706
215.332031	-18.053154
258.398438	-18.166927
301.464844	-18.347132
344.531250	-18.849226
387.597656	-19.013145
430.664062	-19.426334
473.730469	-19.790668
516.796875	-20.100533
559.863281	-20.405634
602.929688	-20.267147
645.996094	-20.551853
689.062500	-21.110737
732.128906	-21.118050
775.195312	-21.592958
818.261719	-21.826588
861.328125	-22.144053
904.394531	-22.441998
947.460938	-22.761799
990.527344	-23.029116
1033.593750	-23.093933
1076.660156	-23.277719
1119.726562	-23.723394
1162.792969	-24.054178
1205.859375	-24.172777
1248.925781	-24.320662
1291.992188	-24.968571
1335.058594	-25.081028
1378.125000	-24.835705
1421.191406	-25.481001
1464.257812	-25.959356
1507.324219	-25.990572
1550.390625	-26.211199
1593.457031	-26.474768
1636.523438	-26.943972
1679.589844	-26.980713
1722.656250	-27.125185
1765.722656	-27.586050
1808.789062	-27.846128
1851.855469	-27.946650
1894.921875	-28.698927
1937.988281	-28.687969
1981.054688	-28.758680
2024.121094	-29.092794
2067.187500	-29.332848
2110.253906	-29.465910
2153.320312	-29.740643
2196.386719	-30.029797
2239.453125	-30.078178
2282.519531	-30.136492
2325.585938	-30.335438
2368.652344	-30.703938
2411.718750	-31.085365
2454.785156	-31.623671
2497.851562	-31.734865
2540.917969	-31.657946
2583.984375	-31.904325
2627.050781	-32.126232
2670.117188	-32.449917
2713.183594	-32.673306
2756.250000	-32.961948
2799.316406	-32.812023
2842.382812	-33.264824
2885.449219	-33.504189
2928.515625	-33.611858
2971.582031	-33.921719
3014.648438	-34.197704
3057.714844	-34.391380
3100.781250	-34.521362
3143.847656	-34.447182
3186.914062	-34.629028
3229.980469	-34.732254
3273.046875	-35.244968
3316.113281	-35.513142
3359.179688	-35.580467
3402.246094	-35.633648
3445.312500	-35.917217
3488.378906	-36.339825
3531.445312	-36.155540
3574.511719	-36.507847
3617.578125	-36.839577
3660.644531	-36.645535
3703.710938	-36.747238
3746.777344	-37.141514
3789.843750	-37.506191
3832.910156	-37.648792
3875.976562	-37.643681
3919.042969	-38.069569
3962.109375	-38.345871
4005.175781	-38.466999
4048.242188	-38.320312
4091.308594	-38.641285
4134.375000	-38.626648
4177.441406	-38.849655
4220.507812	-39.118279
4263.574219	-39.211361
4306.640625	-39.531929
4349.707031	-39.761658
4392.773438	-39.754219
4435.839844	-39.932072
4478.906250	-39.800953
4521.972656	-40.296429
4565.039062	-40.477440
4608.105469	-40.506283
4651.171875	-40.783779
4694.238281	-40.677628
4737.304688	-40.689346
4780.371094	-40.812977
4823.437500	-41.197159
4866.503906	-41.333809
4909.570312	-41.558929
4952.636719	-41.610691
4995.703125	-41.840778
5038.769531	-42.250618
5081.835938	-42.252182
5124.902344	-42.496624
5167.968750	-42.609024
5211.035156	-42.714470
5254.101562	-42.981682
5297.167969	-43.125629
5340.234375	-42.913338
5383.300781	-42.840019
5426.367188	-43.151451
5469.433594	-43.427441
5512.500000	-43.805321
5555.566406	-43.892498
5598.632812	-44.086987
5641.699219	-43.974468
5684.765625	-44.027626
5727.832031	-44.444798
5770.898438	-44.613735
5813.964844	-44.735191
5857.031250	-44.617256
5900.097656	-44.705513
5943.164062	-44.818401
5986.230469	-44.818501
6029.296875	-45.026043
6072.363281	-45.369133
6115.429688	-45.459759
6158.496094	-45.514961
6201.562500	-45.902134
6244.628906	-46.046707
6287.695312	-45.740265
6330.761719	-46.043865
6373.828125	-46.203236
6416.894531	-46.190079
6459.960938	-46.362705
6503.027344	-46.500336
6546.093750	-46.744019
6589.160156	-47.089088
6632.226562	-47.283699
6675.292969	-47.457390
6718.359375	-47.447742
6761.425781	-47.725262
6804.492188	-47.628120
6847.558594	-47.499142
6890.625000	-47.692913
6933.691406	-47.951893
6976.757812	-48.022896
7019.824219	-48.102509
7062.890625	-48.219975
7105.957031	-48.480019
7149.023438	-48.606300
7192.089844	-48.535847
7235.156250	-48.596851
7278.222656	-48.646790
7321.289062	-48.711372
7364.355469	-48.886276
7407.421875	-48.970242
7450.488281	-49.273319
7493.554688	-49.606243
7536.621094	-49.442570
7579.687500	-49.584686
7622.753906	-49.711006
7665.820312	-49.793991
7708.886719	-49.838432
7751.953125	-49.644390
7795.019531	-49.929443
7838.085938	-50.112862
7881.152344	-50.207199
7924.218750	-50.305672
7967.285156	-50.206078
8010.351562	-50.559357
8053.417969	-50.716087
8096.484375	-50.691265
8139.550781	-50.832150
8182.617188	-50.996254
8225.683594	-51.090542
8268.750000	-51.211033
8311.816406	-51.333294
8354.882812	-51.258602
8397.949219	-51.406101
8441.015625	-51.651070
8484.082031	-51.834469
8527.148438	-51.952091
8570.214844	-51.884510
8613.281250	-52.019039
8656.347656	-52.275135
8699.414062	-52.760002
8742.480469	-52.327164
8785.546875	-52.387035
8828.613281	-52.566639
8871.679688	-52.602234
8914.746094	-52.686554
8957.812500	-52.852123
9000.878906	-53.102619
9043.945312	-53.312088
9087.011719	-53.356258
9130.078125	-53.406776
9173.144531	-53.212589
9216.210938	-53.319939
9259.277344	-53.546051
9302.343750	-53.559765
9345.410156	-53.788689
9388.476562	-54.045483
9431.542969	-54.157341
9474.609375	-54.299316
9517.675781	-54.239807
9560.742188	-54.238678
9603.808594	-54.249680
9646.875000	-54.517624
9689.941406	-54.863480
9733.007812	-55.096588
9776.074219	-54.999142
9819.140625	-54.868706
9862.207031	-54.623974
9905.273438	-54.667290
9948.339844	-55.009972
9991.406250	-54.957947
10034.472656	-55.191715
10077.539062	-55.313663
10120.605469	-55.383617
10163.671875	-55.331524
10206.738281	-55.304325
10249.804688	-55.409687
10292.871094	-55.636070
10335.937500	-55.836666
10379.003906	-55.664917
10422.070312	-55.914310
10465.136719	-56.221500
10508.203125	-56.276634
10551.269531	-56.158546
10594.335938	-56.051159
10637.402344	-56.349174
10680.468750	-56.641663
10723.535156	-57.011024
10766.601562	-57.075420
10809.667969	-57.039825
10852.734375	-57.073288
10895.800781	-57.195568
10938.867188	-57.369801
10981.933594	-57.262642
11025.000000	-57.656624
11068.066406	-57.685379
11111.132812	-57.669178
11154.199219	-57.485538
11197.265625	-57.592823
11240.332031	-57.630550
11283.398438	-57.781265
11326.464844	-57.818256
11369.531250	-57.828556
11412.597656	-57.851730
11455.664062	-58.107147
11498.730469	-58.386448
11541.796875	-58.155350
11584.863281	-58.293186
11627.929688	-58.532063
11670.996094	-58.832767
11714.062500	-58.879372
11757.128906	-58.653435
11800.195312	-58.637726
11843.261719	-58.676323
11886.328125	-58.718933
11929.394531	-58.846786
11972.460938	-59.213703
12015.527344	-59.416405
12058.593750	-59.313229
12101.660156	-59.212585
12144.726562	-59.069221
12187.792969	-59.389225
12230.859375	-59.304523
12273.925781	-59.584641
12316.992188	-59.854103
12360.058594	-59.870789
12403.125000	-59.891857
12446.191406	-60.088165
12489.257812	-60.185665
12532.324219	-60.134605
12575.390625	-60.108532
12618.457031	-60.309242
12661.523438	-60.327126
12704.589844	-60.330639
12747.656250	-60.521446
12790.722656	-60.548626
12833.789062	-60.470089
12876.855469	-60.641460
12919.921875	-60.364426
12962.988281	-60.615437
13006.054688	-60.744953
13049.121094	-60.928249
13092.187500	-61.137714
13135.253906	-61.485878
13178.320312	-61.485046
13221.386719	-61.145481
13264.453125	-61.236256
13307.519531	-61.700867
13350.585938	-61.818649
13393.652344	-61.577435
13436.718750	-61.630417
13479.785156	-61.683102
13522.851562	-61.655495
13565.917969	-62.020081
13608.984375	-62.105240
13652.050781	-62.119293
13695.117188	-62.242565
13738.183594	-62.146965
13781.250000	-62.055313
13824.316406	-62.147095
13867.382812	-62.156677
13910.449219	-62.575333
13953.515625	-62.707428
13996.582031	-62.710682
14039.648438	-62.753586
14082.714844	-63.046001
14125.781250	-63.225349
14168.847656	-63.353619
14211.914062	-63.318432
14254.980469	-62.988792
14298.046875	-63.145027
14341.113281	-63.439873
14384.179688	-63.480526
14427.246094	-63.420151
14470.312500	-63.510841
14513.378906	-63.637413
14556.445312	-63.687851
14599.511719	-63.804733
14642.578125	-63.878506
14685.644531	-64.004562
14728.710938	-64.061874
14771.777344	-64.102699
14814.843750	-64.089111
14857.910156	-63.997898
14900.976562	-63.862625
14944.042969	-63.813595
14987.109375	-64.073074
15030.175781	-64.287399
15073.242188	-64.304184
15116.308594	-64.340172
15159.375000	-64.565407
15202.441406	-64.659584
15245.507812	-64.708099
15288.574219	-64.661491
15331.640625	-64.709229
15374.707031	-64.786079
15417.773438	-64.962639
15460.839844	-64.906311
15503.906250	-65.099304
15546.972656	-65.153137
15590.039062	-65.340706
15633.105469	-65.647148
15676.171875	-65.270485
15719.238281	-65.507889
15762.304688	-65.397903
15805.371094	-65.615593
15848.437500	-65.805321
15891.503906	-65.762856
15934.570312	-65.765343
15977.636719	-65.694809
16020.703125	-65.761269
16063.769531	-65.884926
16106.835938	-66.067421
16149.902344	-66.103638
16192.968750	-66.434227
16236.035156	-66.353828
16279.101562	-66.525925
16322.167969	-66.426247
16365.234375	-66.352020
16408.300781	-66.377731
16451.367188	-66.629456
16494.433594	-66.560875
16537.500000	-66.730392
16580.566406	-66.764282
16623.632812	-66.529228
16666.699219	-66.617249
16709.765625	-66.897469
16752.832031	-67.192505
16795.898438	-66.991623
16838.964844	-67.200363
16882.031250	-67.382591
16925.097656	-67.279045
16968.164062	-67.243156
17011.230469	-67.307625
17054.296875	-67.300812
17097.363281	-67.347000
17140.429688	-67.390198
17183.496094	-67.441086
17226.562500	-67.534714
17269.628906	-67.718231
17312.695312	-67.950722
17355.761719	-67.910210
17398.828125	-67.955025
17441.894531	-67.730202
17484.960938	-68.027130
17528.027344	-68.114532
17571.093750	-68.001556
17614.160156	-68.145653
17657.226562	-68.403496
17700.292969	-68.531723
17743.359375	-68.476746
17786.425781	-68.350479
17829.492188	-68.223297
17872.558594	-68.564308
17915.625000	-68.480583
17958.691406	-68.154541
18001.757812	-68.522705
18044.824219	-68.954842
18087.890625	-69.009277
18130.957031	-69.021164
18174.023438	-69.221054
18217.089844	-69.013031
18260.156250	-68.869141
18303.222656	-69.282112
18346.289062	-69.407257
18389.355469	-69.414238
18432.421875	-69.595840
18475.488281	-69.473488
18518.554688	-69.590645
18561.621094	-69.529266
18604.687500	-69.592461
18647.753906	-69.606705
18690.820312	-69.885597
18733.886719	-69.875328
18776.953125	-69.808907
18820.019531	-69.818787
18863.085938	-69.821159
18906.152344	-70.065117
18949.218750	-70.078918
18992.285156	-70.130936
19035.351562	-70.034248
19078.417969	-70.000526
19121.484375	-70.102974
19164.550781	-70.468483
19207.617188	-70.658348
19250.683594	-70.676300
19293.750000	-70.624954
19336.816406	-70.539902
19379.882812	-70.699417
19422.949219	-70.606407
19466.015625	-70.420982
19509.082031	-70.566185
19552.148438	-70.841866
19595.214844	-71.013588
19638.281250	-70.986267
19681.347656	-70.848892
19724.414062	-71.004570
19767.480469	-71.321945
19810.546875	-71.073921
19853.613281	-71.231461
19896.679688	-71.488907
19939.746094	-71.607750
19982.812500	-71.636047
20025.878906	-71.427055
20068.945312	-71.297073
20112.011719	-71.524269
20155.078125	-71.854401
20198.144531	-71.668007
20241.210938	-71.850456
20284.277344	-72.035179
20327.343750	-71.958145
20370.410156	-71.823029
20413.476562	-72.048584
20456.542969	-72.213303
20499.609375	-72.351250
20542.675781	-72.312248
20585.742188	-72.433647
20628.808594	-72.330833
20671.875000	-72.245499
20714.941406	-72.544373
20758.007812	-72.514153
20801.074219	-72.304710
20844.140625	-72.389862
20887.207031	-72.605766
20930.273438	-72.929298
20973.339844	-73.179970
21016.406250	-73.142509
21059.472656	-73.031525
21102.539062	-73.102486
21145.605469	-73.181282
21188.671875	-73.228935
21231.738281	-73.352425
21274.804688	-73.511131
21317.871094	-73.373726
21360.937500	-73.260071
21404.003906	-73.387375
21447.070312	-73.537277
21490.136719	-73.622330
21533.203125	-73.750023
21576.269531	-73.731834
21619.335938	-73.822388
21662.402344	-73.800453
21705.468750	-74.044212
21748.535156	-74.112076
21791.601562	-73.980247
21834.667969	-74.331810
21877.734375	-74.266663
21920.800781	-74.491302
21963.867188	-74.312088
22006.933594	-74.291122
