Frequency (Hz)	Level (dB)
43.066406	-29.178749
86.132812	-27.906725
129.199219	-27.561178
172.265625	-27.274256
215.332031	-27.331896
258.398438	-27.424553
301.464844	-27.550854
344.531250	-27.991920
387.597656	-28.192764
430.664062	-28.458914
473.730469	-28.670225
516.796875	-28.996670
559.863281	-29.205557
602.929688	-28.958561
645.996094	-29.183992
689.062500	-29.691902
732.128906	-29.640902
775.195312	-29.946964
818.261719	-30.041605
861.328125	-30.363781
904.394531	-30.760473
947.460938	-31.024172
990.527344	-30.961243
1033.593750	-31.220505
1076.660156	-31.287970
1119.726562	-31.564331
1162.792969	-31.859137
1205.859375	-31.806229
1248.925781	-32.040199
1291.992188	-32.489445
1335.058594	-32.641224
1378.125000	-32.354591
1421.191406	-32.966316
1464.257812	-33.357670
1507.324219	-33.251675
1550.390625	-33.331459
1593.457031	-33.670551
1636.523438	-33.917877
1679.589844	-33.969448
1722.656250	-34.009068
1765.722656	-34.316551
1808.789062	-34.672874
1851.855469	-34.745136
1894.921875	-35.286526
1937.988281	-35.385456
1981.054688	-35.521076
2024.121094	-35.701447
2067.187500	-35.837391
2110.253906	-36.085808
2153.320312	-36.083920
2196.386719	-36.285336
2239.453125	-36.337303
2282.519531	-36.444561
2325.585938	-36.566761
2368.652344	-36.850975
2411.718750	-37.274490
2454.785156	-37.694965
2497.851562	-37.762512
2540.917969	-37.728195
2583.984375	-37.892498
2627.050781	-38.099770
2670.117188	-38.334099
2713.183594	-38.323299
2756.250000	-38.594986
2799.316406	-38.648232
2842.382812	-38.910538
2885.449219	-39.115963
2928.515625	-39.164055
2971.582031	-39.596798
3014.648438	-39.851566
3057.714844	-39.758133
3100.781250	-39.983067
3143.847656	-39.994564
3186.914062	-40.061382
3229.980469	-40.256371
3273.046875	-40.650295
3316.113281	-40.736816
3359.179688	-40.964649
3402.246094	-41.036106
3445.312500	-41.247768
3488.378906	-41.638252
3531.445312	-41.496605
3574.511719	-41.777176
3617.578125	-42.222626
3660.644531	-41.980656
3703.710938	-42.101677
3746.777344	-42.531498
3789.843750	-42.748482
3832.910156	-42.794167
3875.976562	-42.716984
3919.042969	-43.229916
3962.109375	-43.348396
4005.175781	-43.387447
4048.242188	-43.491802
4091.308594	-43.731453
4134.375000	-43.769756
4177.441406	-43.905087
4220.507812	-43.994144
4263.574219	-44.286476
4306.640625	-44.531555
4349.707031	-44.679974
4392.773438	-44.773621
4435.839844	-45.007477
4478.906250	-44.976643
4521.972656	-45.378479
4565.039062	-45.461643
4608.105469	-45.492928
4651.171875	-45.817684
4694.238281	-45.934040
4737.304688	-45.839310
4780.371094	-45.820530
4823.437500	-46.134197
4866.503906	-46.448002
4909.570312	-46.599552
4952.636719	-46.574558
4995.703125	-46.770351
5038.769531	-47.218170
5081.835938	-46.995029
5124.902344	-47.165211
5167.968750	-47.280666
5211.035156	-47.447273
5254.101562	-47.785892
5297.167969	-47.867886
5340.234375	-47.801342
5383.300781	-47.972942
5426.367188	-48.318783
5469.433594	-48.488747
5512.500000	-48.567997
5555.566406	-48.390690
5598.632812	-48.510303
5641.699219	-48.692310
5684.765625	-48.900810
5727.832031	-49.115086
5770.898438	-49.370022
5813.964844	-49.415070
5857.031250	-49.430500
5900.097656	-49.711380
5943.164062	-49.492191
5986.230469	-49.653507
6029.296875	-49.887344
6072.363281	-50.015900
6115.429688	-49.953533
6158.496094	-50.107925
6201.562500	-50.562023
6244.628906	-50.690571
6287.695312	-50.693325
6330.761719	-50.832600
6373.828125	-50.771141
6416.894531	-50.809578
6459.960938	-50.751438
6503.027344	-51.107365
6546.093750	-51.513073
6589.160156	-51.732071
6632.226562	-51.902569
6675.292969	-51.848854
6718.359375	-51.921005
6761.425781	-52.103725
6804.492188	-52.225861
6847.558594	-51.948730
6890.625000	-52.173306
6933.691406	-52.106876
6976.757812	-52.210258
7019.824219	-52.670506
7062.890625	-52.945240
7105.957031	-53.166580
7149.023438	-53.430210
7192.089844	-53.221046
7235.156250	-53.215309
7278.222656	-53.124092
7321.289062	-53.338497
7364.355469	-53.261391
7407.421875	-53.589176
7450.488281	-53.686283
7493.554688	-53.894142
7536.621094	-54.161560
7579.687500	-54.169785
7622.753906	-54.219097
7665.820312	-54.418953
7708.886719	-54.456871
7751.953125	-54.451542
7795.019531	-54.494617
7838.085938	-54.538773
7881.152344	-54.650150
7924.218750	-54.746170
7967.285156	-55.090786
8010.351562	-55.146206
8053.417969	-55.072216
8096.484375	-55.150867
8139.550781	-55.248100
8182.617188	-55.234905
8225.683594	-55.380630
8268.750000	-55.564415
8311.816406	-55.698734
8354.882812	-55.889008
8397.949219	-55.998711
8441.015625	-56.345478
8484.082031	-56.283955
8527.148438	-56.406807
8570.214844	-56.431625
8613.281250	-56.307884
8656.347656	-56.338943
8699.414062	-56.428936
8742.480469	-56.985889
8785.546875	-56.574295
8828.613281	-56.524761
8871.679688	-56.952644
8914.746094	-57.241417
8957.812500	-57.181366
9000.878906	-57.205387
9043.945312	-57.257919
9087.011719	-57.270626
9130.078125	-57.353073
9173.144531	-57.557903
9216.210938	-57.645027
9259.277344	-57.808266
9302.343750	-58.026756
9345.410156	-58.084148
9388.476562	-58.187351
9431.542969	-58.114864
9474.609375	-58.012615
9517.675781	-58.166466
9560.742188	-58.348297
9603.808594	-58.438179
9646.875000	-58.799137
9689.941406	-58.927979
9733.007812	-58.872185
9776.074219	-58.870728
9819.140625	-59.038860
9862.207031	-58.986401
9905.273438	-59.071346
9948.339844	-59.199493
9991.406250	-59.369537
10034.472656	-59.331745
10077.539062	-59.076733
10120.605469	-59.278114
10163.671875	-59.424393
10206.738281	-59.896549
10249.804688	-60.073956
10292.871094	-59.630898
10335.937500	-59.715965
10379.003906	-59.919865
10422.070312	-59.899704
10465.136719	-60.034805
10508.203125	-60.055267
10551.269531	-60.295166
10594.335938	-60.337898
10637.402344	-60.391823
10680.468750	-60.544487
10723.535156	-60.456116
10766.601562	-60.737804
10809.667969	-60.767616
10852.734375	-60.547913
10895.800781	-60.839970
10938.867188	-60.959824
10981.933594	-60.833347
11025.000000	-60.949123
11068.066406	-61.046391
11111.132812	-61.025723
11154.199219	-61.291454
11197.265625	-61.582882
11240.332031	-61.472134
11283.398438	-61.370815
11326.464844	-61.301445
11369.531250	-61.535576
11412.597656	-61.731594
11455.664062	-61.837639
11498.730469	-61.826378
11541.796875	-61.767231
11584.863281	-61.923843
11627.929688	-61.976112
11670.996094	-62.366894
11714.062500	-62.130535
11757.128906	-61.998756
11800.195312	-62.239712
11843.261719	-62.392883
11886.328125	-62.309635
11929.394531	-62.501858
11972.460938	-62.597889
12015.527344	-62.581676
12058.593750	-62.554626
12101.660156	-62.506554
12144.726562	-62.673798
12187.792969	-63.030148
12230.859375	-63.091515
12273.925781	-63.064014
12316.992188	-63.260433
12360.058594	-63.161854
12403.125000	-63.199821
12446.191406	-63.352253
12489.257812	-63.559864
12532.324219	-63.577469
12575.390625	-63.552441
12618.457031	-63.703461
12661.523438	-63.779324
12704.589844	-63.613377
12747.656250	-63.838051
12790.722656	-63.962242
12833.789062	-64.072624
12876.855469	-64.055176
12919.921875	-63.858032
12962.988281	-64.136856
13006.054688	-64.259041
13049.121094	-64.417450
13092.187500	-64.553444
13135.253906	-64.411064
13178.320312	-64.607552
13221.386719	-64.375481
13264.453125	-64.531868
13307.519531	-64.718727
13350.585938	-64.657501
13393.652344	-64.786018
13436.718750	-64.856461
13479.785156	-65.097176
13522.851562	-65.179176
13565.917969	-65.110191
13608.984375	-65.237328
13652.050781	-65.038879
13695.117188	-65.391045
13738.183594	-65.439972
13781.250000	-65.189720
13824.316406	-65.119370
13867.382812	-65.229919
13910.449219	-65.581871
13953.515625	-65.661659
13996.582031	-65.745979
14039.648438	-65.565277
14082.714844	-65.736298
14125.781250	-65.746170
14168.847656	-65.806473
14211.914062	-66.178307
14254.980469	-66.152222
14298.046875	-65.869545
14341.113281	-65.933487
14384.179688	-66.143471
14427.246094	-66.378151
14470.312500	-66.258362
14513.378906	-66.316231
14556.445312	-66.378807
14599.511719	-66.435959
14642.578125	-66.336548
14685.644531	-66.702484
14728.710938	-66.703537
14771.777344	-66.785828
14814.843750	-66.802750
14857.910156	-66.538094
14900.976562	-66.768265
14944.042969	-67.037857
14987.109375	-67.125900
15030.175781	-67.064194
15073.242188	-67.337585
15116.308594	-67.235764
15159.375000	-67.210548
15202.441406	-67.217537
15245.507812	-67.433578
15288.574219	-67.245865
15331.640625	-67.274559
15374.707031	-67.681877
15417.773438	-67.526360
15460.839844	-67.479134
15503.906250	-67.613457
15546.972656	-67.680199
15590.039062	-67.622475
15633.105469	-67.819557
15676.171875	-68.068413
15719.238281	-68.060677
15762.304688	-68.235924
15805.371094	-68.336693
15848.437500	-68.113091
15891.503906	-67.941620
15934.570312	-67.981064
15977.636719	-67.887825
16020.703125	-68.122375
16063.769531	-68.391312
16106.835938	-68.516762
16149.902344	-68.445908
16192.968750	-68.469833
16236.035156	-68.531151
16279.101562	-68.633461
16322.167969	-68.607384
16365.234375	-68.556328
16408.300781	-68.595818
16451.367188	-68.865585
16494.433594	-68.645508
16537.500000	-68.967712
16580.566406	-69.221184
16623.632812	-68.872627
16666.699219	-68.927376
16709.765625	-69.168846
16752.832031	-69.190842
16795.898438	-69.127640
16838.964844	-69.447495
16882.031250	-69.369965
16925.097656	-69.394363
16968.164062	-69.414795
17011.230469	-69.382248
17054.296875	-69.519661
17097.363281	-69.880684
17140.429688	-69.737442
17183.496094	-69.862679
17226.562500	-69.767876
17269.628906	-69.822289
17312.695312	-70.075256
17355.761719	-70.034164
17398.828125	-69.803459
17441.894531	-69.647034
17484.960938	-69.658867
17528.027344	-69.993797
17571.093750	-70.101570
17614.160156	-69.891533
17657.226562	-70.193840
17700.292969	-70.461639
17743.359375	-70.682747
17786.425781	-70.711975
17829.492188	-70.369316
17872.558594	-70.438667
17915.625000	-70.703850
17958.691406	-70.755646
18001.757812	-70.688934
18044.824219	-70.712059
18087.890625	-70.753899
18130.957031	-70.700134
18174.023438	-70.651360
18217.089844	-70.866844
18260.156250	-70.908829
18303.222656	-71.182426
18346.289062	-71.184937
18389.355469	-71.405334
18432.421875	-71.247833
18475.488281	-71.107750
18518.554688	-71.556076
18561.621094	-71.496498
18604.687500	-71.326233
18647.753906	-71.454140
18690.820312	-71.716026
18733.886719	-71.776787
18776.953125	-71.825691
18820.019531	-71.993256
18863.085938	-71.478844
18906.152344	-71.630714
18949.218750	-71.873566
18992.285156	-71.767090
19035.351562	-71.626350
19078.417969	-71.681313
19121.484375	-71.671104
19164.550781	-71.812492
19207.617188	-71.933098
19250.683594	-72.091591
19293.750000	-72.172234
19336.816406	-72.290306
19379.882812	-72.459747
19422.949219	-72.209732
19466.015625	-72.026978
19509.082031	-72.142448
19552.148438	-72.013962
19595.214844	-72.400230
19638.281250	-72.477600
19681.347656	-72.090294
19724.414062	-72.022018
19767.480469	-72.361664
19810.546875	-72.665527
19853.613281	-72.845039
19896.679688	-72.841461
19939.746094	-72.621918
19982.812500	-72.633194
20025.878906	-72.648598
20068.945312	-72.921776
20112.011719	-72.931267
20155.078125	-73.116554
20198.144531	-73.446732
20241.210938	-73.291527
20284.277344	-73.221268
20327.343750	-73.284485
20370.410156	-73.287598
20413.476562	-73.288582
20456.542969	-73.310379
20499.609375	-73.461571
20542.675781	-73.666252
20585.742188	-73.664154
20628.808594	-73.765587
20671.875000	-73.593666
20714.941406	-73.768753
20758.007812	-73.891174
20801.074219	-73.925583
20844.140625	-73.865906
20887.207031	-74.041962
20930.273438	-73.979378
20973.339844	-73.884476
21016.406250	-74.122726
21059.472656	-74.036423
21102.539062	-74.272461
21145.605469	-74.691170
21188.671875	-74.603813
21231.738281	-74.374771
21274.804688	-74.245293
21317.871094	-74.437737
21360.937500	-74.691597
21404.003906	-74.865463
21447.070312	-74.940735
21490.136719	-74.994606
21533.203125	-75.097832
21576.269531	-75.177040
21619.335938	-75.145630
21662.402344	-75.223526
21705.468750	-75.338303
21748.535156	-75.250473
21791.601562	-75.338608
21834.667969	-75.307930
21877.734375	-75.284462
21920.800781	-75.249817
21963.867188	-75.463020
22006.933594	-75.291084
