Frequency (Hz)	Level (dB)
43.066406	-26.969641
86.132812	-24.000177
129.199219	-22.846918
172.265625	-22.186010
215.332031	-22.013933
258.398438	-22.002729
301.464844	-22.116117
344.531250	-22.467005
387.597656	-22.627840
430.664062	-22.973656
473.730469	-23.213797
516.796875	-23.474174
559.863281	-23.709349
602.929688	-23.413944
645.996094	-23.588387
689.062500	-24.064716
732.128906	-23.993534
775.195312	-24.356426
818.261719	-24.460432
861.328125	-24.772953
904.394531	-25.042379
947.460938	-25.299400
990.527344	-25.354094
1033.593750	-25.521748
1076.660156	-25.616449
1119.726562	-25.919962
1162.792969	-26.094866
1205.859375	-26.032324
1248.925781	-26.275347
1291.992188	-26.830532
1335.058594	-26.922689
1378.125000	-26.533319
1421.191406	-27.118736
1464.257812	-27.503309
1507.324219	-27.412619
1550.390625	-27.484020
1593.457031	-27.727098
1636.523438	-28.072897
1679.589844	-28.076302
1722.656250	-28.079140
1765.722656	-28.407648
1808.789062	-28.754883
1851.855469	-28.821209
1894.921875	-29.421532
1937.988281	-29.432669
1981.054688	-29.519100
2024.121094	-29.668612
2067.187500	-29.766438
2110.253906	-29.973438
2153.320312	-30.070673
2196.386719	-30.256357
2239.453125	-30.304661
2282.519531	-30.417616
2325.585938	-30.495163
2368.652344	-30.763195
2411.718750	-31.134375
2454.785156	-31.591732
2497.851562	-31.571369
2540.917969	-31.571768
2583.984375	-31.760241
2627.050781	-31.955549
2670.117188	-32.210583
2713.183594	-32.221756
2756.250000	-32.555313
2799.316406	-32.385292
2842.382812	-32.765553
2885.449219	-33.047615
2928.515625	-33.046318
2971.582031	-33.426128
3014.648438	-33.643738
3057.714844	-33.702335
3100.781250	-33.800434
3143.847656	-33.756950
3186.914062	-33.911526
3229.980469	-34.062542
3273.046875	-34.511799
3316.113281	-34.702271
3359.179688	-34.762779
3402.246094	-34.864365
3445.312500	-35.060909
3488.378906	-35.492779
3531.445312	-35.389133
3574.511719	-35.599762
3617.578125	-36.037773
3660.644531	-35.682613
3703.710938	-35.774406
3746.777344	-36.259350
3789.843750	-36.607594
3832.910156	-36.804699
3875.976562	-36.594017
3919.042969	-36.989761
3962.109375	-37.182293
4005.175781	-37.247925
4048.242188	-37.344948
4091.308594	-37.684418
4134.375000	-37.600708
4177.441406	-37.622387
4220.507812	-37.858288
4263.574219	-38.030205
4306.640625	-38.408455
4349.707031	-38.495205
4392.773438	-38.527981
4435.839844	-38.903107
4478.906250	-38.806374
4521.972656	-39.094967
4565.039062	-39.307419
4608.105469	-39.283089
4651.171875	-39.662716
4694.238281	-39.700062
4737.304688	-39.592197
4780.371094	-39.640957
4823.437500	-40.068211
4866.503906	-40.373596
4909.570312	-40.385906
4952.636719	-40.290016
4995.703125	-40.559494
5038.769531	-41.198807
5081.835938	-41.057182
5124.902344	-41.239731
5167.968750	-41.360199
5211.035156	-41.428856
5254.101562	-41.759247
5297.167969	-42.038261
5340.234375	-41.809128
5383.300781	-41.731117
5426.367188	-42.160206
5469.433594	-42.419956
5512.500000	-42.692177
5555.566406	-42.676067
5598.632812	-42.692013
5641.699219	-42.751884
5684.765625	-42.826775
5727.832031	-43.017410
5770.898438	-43.269489
5813.964844	-43.482956
5857.031250	-43.424229
5900.097656	-43.613094
5943.164062	-43.481926
5986.230469	-43.775364
6029.296875	-44.055313
6072.363281	-44.306488
6115.429688	-44.270721
6158.496094	-44.380077
6201.562500	-44.761703
6244.628906	-44.881413
6287.695312	-44.734436
6330.761719	-44.851601
6373.828125	-45.044159
6416.894531	-45.060329
6459.960938	-45.061321
6503.027344	-45.345360
6546.093750	-45.575954
6589.160156	-45.907200
6632.226562	-46.189079
6675.292969	-46.030018
6718.359375	-46.100574
6761.425781	-46.370995
6804.492188	-46.534519
6847.558594	-46.443970
6890.625000	-46.735653
6933.691406	-46.899097
6976.757812	-46.994503
7019.824219	-47.080734
7062.890625	-47.304604
7105.957031	-47.605022
7149.023438	-47.715382
7192.089844	-47.650547
7235.156250	-47.599018
7278.222656	-47.460548
7321.289062	-47.737885
7364.355469	-47.946022
7407.421875	-48.190422
7450.488281	-48.288002
7493.554688	-48.432533
7536.621094	-48.424030
7579.687500	-48.770241
7622.753906	-49.040028
7665.820312	-48.994987
7708.886719	-49.173450
7751.953125	-49.030613
7795.019531	-49.051502
7838.085938	-49.372128
7881.152344	-49.446552
7924.218750	-49.434238
7967.285156	-49.695290
8010.351562	-50.026722
8053.417969	-49.867290
8096.484375	-49.743538
8139.550781	-49.893345
8182.617188	-49.967831
8225.683594	-50.146133
8268.750000	-50.399757
8311.816406	-50.623085
8354.882812	-50.532108
8397.949219	-50.872330
8441.015625	-51.113041
8484.082031	-51.086761
8527.148438	-51.287067
8570.214844	-51.249271
8613.281250	-51.295330
8656.347656	-51.336906
8699.414062	-51.542114
8742.480469	-51.769001
8785.546875	-51.578712
8828.613281	-51.778187
8871.679688	-51.959354
8914.746094	-52.128101
8957.812500	-52.136314
9000.878906	-52.413731
9043.945312	-52.434738
9087.011719	-52.417206
9130.078125	-52.588840
9173.144531	-52.596577
9216.210938	-52.686352
9259.277344	-52.916729
9302.343750	-53.122910
9345.410156	-53.131191
9388.476562	-53.225300
9431.542969	-53.374756
9474.609375	-53.551697
9517.675781	-53.610588
9560.742188	-53.679134
9603.808594	-53.685364
9646.875000	-54.040173
9689.941406	-54.214569
9733.007812	-54.064213
9776.074219	-54.080086
9819.140625	-54.333214
9862.207031	-54.239052
9905.273438	-54.239456
9948.339844	-54.438465
9991.406250	-54.583336
10034.472656	-54.642326
10077.539062	-54.475674
10120.605469	-54.594639
10163.671875	-54.902607
10206.738281	-55.128864
10249.804688	-55.261585
10292.871094	-55.073063
10335.937500	-55.113373
10379.003906	-55.283360
10422.070312	-55.375416
10465.136719	-55.470612
10508.203125	-55.394798
10551.269531	-55.549675
10594.335938	-55.684700
10637.402344	-55.998192
10680.468750	-56.431210
10723.535156	-56.276558
10766.601562	-56.358345
10809.667969	-56.430866
10852.734375	-56.312153
10895.800781	-56.440807
10938.867188	-56.602093
10981.933594	-56.564377
11025.000000	-56.734219
11068.066406	-56.912975
11111.132812	-57.033348
11154.199219	-57.177826
11197.265625	-57.365101
11240.332031	-57.299046
11283.398438	-57.208134
11326.464844	-57.139210
11369.531250	-57.521427
11412.597656	-57.527908
11455.664062	-57.627800
11498.730469	-57.620075
11541.796875	-57.776222
11584.863281	-58.125999
11627.929688	-58.118244
11670.996094	-58.202827
11714.062500	-58.145992
11757.128906	-58.143803
11800.195312	-58.325668
11843.261719	-58.532852
11886.328125	-58.633106
11929.394531	-58.703960
11972.460938	-58.908276
12015.527344	-58.757164
12058.593750	-58.702644
12101.660156	-58.676964
12144.726562	-58.751240
12187.792969	-59.260315
12230.859375	-59.161034
12273.925781	-59.273762
12316.992188	-59.548466
12360.058594	-59.588921
12403.125000	-59.499580
12446.191406	-59.643974
12489.257812	-59.864761
12532.324219	-60.047649
12575.390625	-60.024971
12618.457031	-60.112373
12661.523438	-60.054897
12704.589844	-59.969372
12747.656250	-60.166355
12790.722656	-60.266975
12833.789062	-60.293758
12876.855469	-60.351009
12919.921875	-60.236397
12962.988281	-60.459488
13006.054688	-60.631550
13049.121094	-61.007790
13092.187500	-61.104324
13135.253906	-61.070789
13178.320312	-61.168892
13221.386719	-60.808556
13264.453125	-61.011585
13307.519531	-61.461864
13350.585938	-61.397552
13393.652344	-61.198959
13436.718750	-61.380081
13479.785156	-61.737595
13522.851562	-62.005642
13565.917969	-61.905876
13608.984375	-61.825016
13652.050781	-61.825623
13695.117188	-62.085758
13738.183594	-62.038727
13781.250000	-62.097027
13824.316406	-62.058044
13867.382812	-62.246624
13910.449219	-62.554237
13953.515625	-62.578239
13996.582031	-62.765259
14039.648438	-62.728611
14082.714844	-62.791580
14125.781250	-62.747818
14168.847656	-62.514610
14211.914062	-62.826054
14254.980469	-63.033779
14298.046875	-62.794899
14341.113281	-62.935860
14384.179688	-63.135670
14427.246094	-63.310020
14470.312500	-63.322689
14513.378906	-63.489201
14556.445312	-63.708675
14599.511719	-63.532867
14642.578125	-63.506184
14685.644531	-63.776478
14728.710938	-63.796013
14771.777344	-63.708603
14814.843750	-63.743229
14857.910156	-63.767490
14900.976562	-63.983036
14944.042969	-64.348343
14987.109375	-64.272095
15030.175781	-64.101089
15073.242188	-64.204765
15116.308594	-64.077133
15159.375000	-64.098831
15202.441406	-64.547516
15245.507812	-64.652359
15288.574219	-64.698334
15331.640625	-64.633537
15374.707031	-64.786659
15417.773438	-64.746956
15460.839844	-64.957512
15503.906250	-65.119522
15546.972656	-65.091507
15590.039062	-65.282051
15633.105469	-65.115181
15676.171875	-65.202667
15719.238281	-65.242249
15762.304688	-65.480270
15805.371094	-65.783989
15848.437500	-65.614296
15891.503906	-65.369820
15934.570312	-65.570717
15977.636719	-65.545258
16020.703125	-65.685379
16063.769531	-66.071297
16106.835938	-66.105713
16149.902344	-66.156929
16192.968750	-66.375168
16236.035156	-66.266975
16279.101562	-66.210686
16322.167969	-66.178207
16365.234375	-66.092384
16408.300781	-66.379875
16451.367188	-66.622688
16494.433594	-66.446121
16537.500000	-66.800949
16580.566406	-67.015854
16623.632812	-66.920547
16666.699219	-66.785675
16709.765625	-66.876144
16752.832031	-66.983902
16795.898438	-66.835030
16838.964844	-67.083633
16882.031250	-67.245575
16925.097656	-67.273254
16968.164062	-67.106392
17011.230469	-67.270294
17054.296875	-67.575249
17097.363281	-67.733170
17140.429688	-67.635643
17183.496094	-67.691208
17226.562500	-67.567993
17269.628906	-67.411736
17312.695312	-67.776138
17355.761719	-67.806213
17398.828125	-67.635391
17441.894531	-67.548248
17484.960938	-67.731407
17528.027344	-68.193344
17571.093750	-68.254478
17614.160156	-67.997520
17657.226562	-68.122322
17700.292969	-68.327728
17743.359375	-68.480927
17786.425781	-68.384995
17829.492188	-68.482651
17872.558594	-68.412827
17915.625000	-68.396156
17958.691406	-68.552162
18001.757812	-68.698174
18044.824219	-68.868568
18087.890625	-68.945190
18130.957031	-68.810524
18174.023438	-68.841545
18217.089844	-68.977020
18260.156250	-69.020172
18303.222656	-69.363960
18346.289062	-69.279160
18389.355469	-69.414490
18432.421875	-69.457031
18475.488281	-69.328804
18518.554688	-69.625923
18561.621094	-69.677887
18604.687500	-69.520576
18647.753906	-69.921936
18690.820312	-69.969429
18733.886719	-69.958443
18776.953125	-70.189056
18820.019531	-70.096855
18863.085938	-69.543655
18906.152344	-69.879951
18949.218750	-70.166496
18992.285156	-69.934532
19035.351562	-70.041733
19078.417969	-70.145790
19121.484375	-69.977776
19164.550781	-70.167023
19207.617188	-70.522133
19250.683594	-70.503464
19293.750000	-70.379631
19336.816406	-70.607948
19379.882812	-70.717888
19422.949219	-70.729797
19466.015625	-70.561485
19509.082031	-70.583115
19552.148438	-70.651810
19595.214844	-70.853096
19638.281250	-70.999237
19681.347656	-70.877403
19724.414062	-71.031998
19767.480469	-71.285934
19810.546875	-71.467873
19853.613281	-71.497345
19896.679688	-71.502609
19939.746094	-71.400063
19982.812500	-71.347878
20025.878906	-71.206558
20068.945312	-71.513916
20112.011719	-71.528908
20155.078125	-71.606880
20198.144531	-71.762688
20241.210938	-71.733025
20284.277344	-71.717133
20327.343750	-71.920380
20370.410156	-71.947777
20413.476562	-72.072929
20456.542969	-72.080208
20499.609375	-72.271400
20542.675781	-72.302132
20585.742188	-72.241371
20628.808594	-72.407814
20671.875000	-72.517242
20714.941406	-72.562172
20758.007812	-72.513008
20801.074219	-72.563904
20844.140625	-72.657120
20887.207031	-73.006989
20930.273438	-72.698486
20973.339844	-72.525337
21016.406250	-72.703239
21059.472656	-72.720604
21102.539062	-72.971657
21145.605469	-73.054665
21188.671875	-73.179688
21231.738281	-73.194473
21274.804688	-73.210640
21317.871094	-73.042183
21360.937500	-73.307037
21404.003906	-73.562660
21447.070312	-73.531761
21490.136719	-73.645714
21533.203125	-73.715286
21576.269531	-73.665726
21619.335938	-73.748978
21662.402344	-73.911469
21705.468750	-74.042732
21748.535156	-74.235947
21791.601562	-74.202332
21834.667969	-74.426476
21877.734375	-74.405571
21920.800781	-74.853523
21963.867188	-75.187553
22006.933594	-75.003342
