Frequency (Hz)	Level (dB)
43.066406	-21.587820
86.132812	-19.086260
129.199219	-18.250013
172.265625	-17.771013
215.332031	-17.681683
258.398438	-17.713039
301.464844	-17.832291
344.531250	-18.198057
387.597656	-18.222403
430.664062	-18.509153
473.730469	-18.772594
516.796875	-18.974298
559.863281	-19.206173
602.929688	-19.021683
645.996094	-19.245619
689.062500	-19.711973
732.128906	-19.661390
775.195312	-20.121487
818.261719	-20.362686
861.328125	-20.637033
904.394531	-20.891645
947.460938	-21.204952
990.527344	-21.442606
1033.593750	-21.465403
1076.660156	-21.624678
1119.726562	-22.058937
1162.792969	-22.411940
1205.859375	-22.501148
1248.925781	-22.626635
1291.992188	-23.268221
1335.058594	-23.384359
1378.125000	-23.159719
1421.191406	-23.774773
1464.257812	-24.239223
1507.324219	-24.297668
1550.390625	-24.512983
1593.457031	-24.758259
1636.523438	-25.263033
1679.589844	-25.294298
1722.656250	-25.426867
1765.722656	-25.879528
1808.789062	-26.121395
1851.855469	-26.248137
1894.921875	-26.987297
1937.988281	-26.963306
1981.054688	-27.028740
2024.121094	-27.373333
2067.187500	-27.643881
2110.253906	-27.778505
2153.320312	-28.026001
2196.386719	-28.318785
2239.453125	-28.345402
2282.519531	-28.425568
2325.585938	-28.638611
2368.652344	-28.991859
2411.718750	-29.438126
2454.785156	-29.979713
2497.851562	-30.052216
2540.917969	-29.938763
2583.984375	-30.178331
2627.050781	-30.394484
2670.117188	-30.708860
2713.183594	-30.955877
2756.250000	-31.241478
2799.316406	-31.076275
2842.382812	-31.545059
2885.449219	-31.798655
2928.515625	-31.911797
2971.582031	-32.250214
3014.648438	-32.538918
3057.714844	-32.679298
3100.781250	-32.808300
3143.847656	-32.786663
3186.914062	-32.923775
3229.980469	-33.035034
3273.046875	-33.568295
3316.113281	-33.771164
3359.179688	-33.817299
3402.246094	-33.936558
3445.312500	-34.237679
3488.378906	-34.592449
3531.445312	-34.407215
3574.511719	-34.767776
3617.578125	-35.062393
3660.644531	-34.951599
3703.710938	-35.079483
3746.777344	-35.438892
3789.843750	-35.769108
3832.910156	-35.875774
3875.976562	-35.910931
3919.042969	-36.386597
3962.109375	-36.673714
4005.175781	-36.723297
4048.242188	-36.522972
4091.308594	-36.869438
4134.375000	-36.862747
4177.441406	-37.189098
4220.507812	-37.455547
4263.574219	-37.522205
4306.640625	-37.809795
4349.707031	-37.999069
4392.773438	-38.040318
4435.839844	-38.176556
4478.906250	-38.038589
4521.972656	-38.570198
4565.039062	-38.742332
4608.105469	-38.777382
4651.171875	-39.031227
4694.238281	-38.904568
4737.304688	-39.008816
4780.371094	-39.143150
4823.437500	-39.440247
4866.503906	-39.549461
4909.570312	-39.787075
4952.636719	-39.847496
4995.703125	-40.033978
5038.769531	-40.441013
5081.835938	-40.495781
5124.902344	-40.706242
5167.968750	-40.815670
5211.035156	-41.000477
5254.101562	-41.211086
5297.167969	-41.303741
5340.234375	-41.096996
5383.300781	-41.048920
5426.367188	-41.362305
5469.433594	-41.629250
5512.500000	-42.001801
5555.566406	-42.135765
5598.632812	-42.360149
5641.699219	-42.221733
5684.765625	-42.248318
5727.832031	-42.637360
5770.898438	-42.852768
5813.964844	-42.962772
5857.031250	-42.881126
5900.097656	-42.966290
5943.164062	-43.070858
5986.230469	-43.018616
6029.296875	-43.257156
6072.363281	-43.618591
6115.429688	-43.641808
6158.496094	-43.687176
6201.562500	-44.163063
6244.628906	-44.268593
6287.695312	-44.002251
6330.761719	-44.252739
6373.828125	-44.395180
6416.894531	-44.421669
6459.960938	-44.574150
6503.027344	-44.760426
6546.093750	-44.948071
6589.160156	-45.292889
6632.226562	-45.445740
6675.292969	-45.629814
6718.359375	-45.636642
6761.425781	-45.935585
6804.492188	-45.753754
6847.558594	-45.641960
6890.625000	-45.854565
6933.691406	-46.131577
6976.757812	-46.199482
7019.824219	-46.266644
7062.890625	-46.488045
7105.957031	-46.693157
7149.023438	-46.766300
7192.089844	-46.680466
7235.156250	-46.768505
7278.222656	-46.893631
7321.289062	-46.925129
7364.355469	-47.131699
7407.421875	-47.191406
7450.488281	-47.383560
7493.554688	-47.688992
7536.621094	-47.553440
7579.687500	-47.698856
7622.753906	-47.895531
7665.820312	-47.993416
7708.886719	-47.955528
7751.953125	-47.785389
7795.019531	-48.096352
7838.085938	-48.240532
7881.152344	-48.361458
7924.218750	-48.538212
7967.285156	-48.389420
8010.351562	-48.739712
8053.417969	-48.849762
8096.484375	-48.858170
8139.550781	-49.017578
8182.617188	-49.236855
8225.683594	-49.389370
8268.750000	-49.393944
8311.816406	-49.440708
8354.882812	-49.381504
8397.949219	-49.588615
8441.015625	-49.860886
8484.082031	-49.987480
8527.148438	-50.072178
8570.214844	-50.042957
8613.281250	-50.219578
8656.347656	-50.420761
8699.414062	-50.874886
8742.480469	-50.450180
8785.546875	-50.528347
8828.613281	-50.762112
8871.679688	-50.794518
8914.746094	-50.817181
8957.812500	-51.042274
9000.878906	-51.264679
9043.945312	-51.441864
9087.011719	-51.453953
9130.078125	-51.498501
9173.144531	-51.315807
9216.210938	-51.420704
9259.277344	-51.648708
9302.343750	-51.630825
9345.410156	-51.908630
9388.476562	-52.165810
9431.542969	-52.295639
9474.609375	-52.393295
9517.675781	-52.379383
9560.742188	-52.276077
9603.808594	-52.255810
9646.875000	-52.540356
9689.941406	-52.931808
9733.007812	-53.201809
9776.074219	-53.207520
9819.140625	-53.090313
9862.207031	-52.778336
9905.273438	-52.826954
9948.339844	-53.140366
9991.406250	-53.217915
10034.472656	-53.410934
10077.539062	-53.430794
10120.605469	-53.549488
10163.671875	-53.489906
10206.738281	-53.437832
10249.804688	-53.546524
10292.871094	-53.807476
10335.937500	-53.943539
10379.003906	-53.843582
10422.070312	-54.029037
10465.136719	-54.321163
10508.203125	-54.420868
10551.269531	-54.312397
10594.335938	-54.241676
10637.402344	-54.473366
10680.468750	-54.667187
10723.535156	-54.992420
10766.601562	-55.183582
10809.667969	-55.199299
10852.734375	-55.202751
10895.800781	-55.315235
10938.867188	-55.455830
10981.933594	-55.432793
11025.000000	-55.798607
11068.066406	-55.755829
11111.132812	-55.793106
11154.199219	-55.558037
11197.265625	-55.624954
11240.332031	-55.735241
11283.398438	-55.911758
11326.464844	-55.992123
11369.531250	-55.965958
11412.597656	-55.880772
11455.664062	-56.158951
11498.730469	-56.485592
11541.796875	-56.326092
11584.863281	-56.500401
11627.929688	-56.649002
11670.996094	-56.909096
11714.062500	-57.003822
11757.128906	-56.832607
11800.195312	-56.926949
11843.261719	-56.856571
11886.328125	-56.778538
11929.394531	-56.941181
11972.460938	-57.334267
12015.527344	-57.544022
12058.593750	-57.424252
12101.660156	-57.229328
12144.726562	-57.081947
12187.792969	-57.357349
12230.859375	-57.421036
12273.925781	-57.745457
12316.992188	-57.999393
12360.058594	-58.042107
12403.125000	-57.991657
12446.191406	-58.105667
12489.257812	-58.277237
12532.324219	-58.245277
12575.390625	-58.155342
12618.457031	-58.396229
12661.523438	-58.467304
12704.589844	-58.457111
12747.656250	-58.634354
12790.722656	-58.663525
12833.789062	-58.508148
12876.855469	-58.677479
12919.921875	-58.481079
12962.988281	-58.864468
13006.054688	-58.984787
13049.121094	-58.967041
13092.187500	-59.163445
13135.253906	-59.588135
13178.320312	-59.501049
13221.386719	-59.283039
13264.453125	-59.297424
13307.519531	-59.651779
13350.585938	-59.885033
13393.652344	-59.607605
13436.718750	-59.635067
13479.785156	-59.708237
13522.851562	-59.737286
13565.917969	-60.147358
13608.984375	-60.148304
13652.050781	-60.188980
13695.117188	-60.350475
13738.183594	-60.232895
13781.250000	-60.072998
13824.316406	-60.267223
13867.382812	-60.370045
13910.449219	-60.578964
13953.515625	-60.705643
13996.582031	-60.782497
14039.648438	-60.812199
14082.714844	-61.079029
14125.781250	-61.259991
14168.847656	-61.443638
14211.914062	-61.394901
14254.980469	-61.148434
14298.046875	-61.325821
14341.113281	-61.536209
14384.179688	-61.579803
14427.246094	-61.554028
14470.312500	-61.603554
14513.378906	-61.603588
14556.445312	-61.692039
14599.511719	-61.828030
14642.578125	-61.863140
14685.644531	-62.041634
14728.710938	-62.106983
14771.777344	-62.152321
14814.843750	-62.061478
14857.910156	-62.038612
14900.976562	-61.890553
14944.042969	-61.870174
14987.109375	-62.190647
15030.175781	-62.520798
15073.242188	-62.486927
15116.308594	-62.368656
15159.375000	-62.683262
15202.441406	-62.740681
15245.507812	-62.695602
15288.574219	-62.611607
15331.640625	-62.819019
15374.707031	-62.927719
15417.773438	-63.042900
15460.839844	-62.934399
15503.906250	-63.208282
15546.972656	-63.315205
15590.039062	-63.386799
15633.105469	-63.745304
15676.171875	-63.412697
15719.238281	-63.519329
15762.304688	-63.396740
15805.371094	-63.623009
15848.437500	-63.832169
15891.503906	-63.708939
15934.570312	-63.786171
15977.636719	-63.796307
16020.703125	-63.920380
16063.769531	-63.928993
16106.835938	-64.162460
16149.902344	-64.189560
16192.968750	-64.490372
16236.035156	-64.381401
16279.101562	-64.494553
16322.167969	-64.469376
16365.234375	-64.434875
16408.300781	-64.412201
16451.367188	-64.667099
16494.433594	-64.622864
16537.500000	-64.795731
16580.566406	-64.772659
16623.632812	-64.656105
16666.699219	-64.654213
16709.765625	-65.026245
16752.832031	-65.330215
16795.898438	-65.051346
16838.964844	-65.300781
16882.031250	-65.452354
16925.097656	-65.293358
16968.164062	-65.328529
17011.230469	-65.316154
17054.296875	-65.340889
17097.363281	-65.490997
17140.429688	-65.527451
17183.496094	-65.539772
17226.562500	-65.692459
17269.628906	-65.912315
17312.695312	-66.157341
17355.761719	-66.094078
17398.828125	-66.040871
17441.894531	-65.797020
17484.960938	-66.081383
17528.027344	-66.289062
17571.093750	-66.137733
17614.160156	-66.157578
17657.226562	-66.358727
17700.292969	-66.551674
17743.359375	-66.606590
17786.425781	-66.473824
17829.492188	-66.390869
17872.558594	-66.814217
17915.625000	-66.619537
17958.691406	-66.231621
18001.757812	-66.743645
18044.824219	-66.969620
18087.890625	-67.019951
18130.957031	-66.997414
18174.023438	-67.070679
18217.089844	-67.129051
18260.156250	-67.060936
18303.222656	-67.295837
18346.289062	-67.444847
18389.355469	-67.399139
18432.421875	-67.613281
18475.488281	-67.563278
18518.554688	-67.623062
18561.621094	-67.493210
18604.687500	-67.561943
18647.753906	-67.617630
18690.820312	-67.961311
18733.886719	-67.938606
18776.953125	-67.835022
18820.019531	-67.957954
18863.085938	-67.939308
18906.152344	-68.099220
18949.218750	-68.181938
18992.285156	-68.253357
19035.351562	-68.090378
19078.417969	-68.045013
19121.484375	-68.175575
19164.550781	-68.457314
19207.617188	-68.647354
19250.683594	-68.776642
19293.750000	-68.695129
19336.816406	-68.628464
19379.882812	-68.816101
19422.949219	-68.723915
19466.015625	-68.565636
19509.082031	-68.650345
19552.148438	-68.898834
19595.214844	-68.978432
19638.281250	-68.842491
19681.347656	-68.800728
19724.414062	-69.191093
19767.480469	-69.462692
19810.546875	-69.079857
19853.613281	-69.207932
19896.679688	-69.402405
19939.746094	-69.545265
19982.812500	-69.637993
20025.878906	-69.442314
20068.945312	-69.266647
20112.011719	-69.670212
20155.078125	-69.915550
20198.144531	-69.726639
20241.210938	-69.895790
20284.277344	-70.046295
20327.343750	-69.886475
20370.410156	-69.810196
20413.476562	-70.162941
20456.542969	-70.297462
20499.609375	-70.314789
20542.675781	-70.391563
20585.742188	-70.436356
20628.808594	-70.403229
20671.875000	-70.375870
20714.941406	-70.583687
20758.007812	-70.482056
20801.074219	-70.413239
20844.140625	-70.458160
20887.207031	-70.740433
20930.273438	-71.082069
20973.339844	-71.211311
21016.406250	-71.131378
21059.472656	-71.079681
21102.539062	-71.095268
21145.605469	-71.105225
21188.671875	-71.203926
21231.738281	-71.392578
21274.804688	-71.576118
21317.871094	-71.484131
21360.937500	-71.369965
21404.003906	-71.502007
21447.070312	-71.617020
21490.136719	-71.719269
21533.203125	-71.842743
21576.269531	-71.904587
21619.335938	-71.930229
21662.402344	-71.867714
21705.468750	-72.049484
21748.535156	-72.223335
21791.601562	-72.005333
21834.667969	-72.228951
21877.734375	-72.192513
21920.800781	-72.430351
21963.867188	-72.343208
22006.933594	-72.337082
