Frequency (Hz)	Level (dB)
43.066406	-6.727251
86.132812	-6.324189
129.199219	-7.414818
172.265625	-8.649962
215.332031	-9.598122
258.398438	-10.142332
301.464844	-10.907060
344.531250	-11.773492
387.597656	-12.354692
430.664062	-13.093956
473.730469	-13.706912
516.796875	-14.460122
559.863281	-14.889732
602.929688	-15.295575
645.996094	-15.900078
689.062500	-16.490061
732.128906	-17.174969
775.195312	-17.592510
818.261719	-18.098938
861.328125	-18.620394
904.394531	-19.186121
947.460938	-19.588903
990.527344	-19.790873
1033.593750	-20.205429
1076.660156	-20.752283
1119.726562	-21.181677
1162.792969	-21.122580
1205.859375	-21.914028
1248.925781	-22.806290
1291.992188	-23.479528
1335.058594	-23.171692
1378.125000	-23.162445
1421.191406	-23.586294
1464.257812	-24.514389
1507.324219	-24.907063
1550.390625	-25.228228
1593.457031	-25.732857
1636.523438	-26.182575
1679.589844	-26.330021
1722.656250	-26.472818
1765.722656	-26.844526
1808.789062	-26.957489
1851.855469	-27.192381
1894.921875	-28.127480
1937.988281	-28.439917
1981.054688	-28.696945
2024.121094	-29.586147
2067.187500	-29.721022
2110.253906	-29.481918
2153.320312	-29.650003
2196.386719	-30.032400
2239.453125	-29.834974
2282.519531	-29.959892
2325.585938	-30.389694
2368.652344	-30.859407
2411.718750	-31.139256
2454.785156	-31.746069
2497.851562	-31.572090
2540.917969	-31.476768
2583.984375	-32.008381
2627.050781	-32.635860
2670.117188	-32.638206
2713.183594	-32.756561
2756.250000	-33.239746
2799.316406	-33.328075
2842.382812	-33.564026
2885.449219	-33.616657
2928.515625	-33.517178
2971.582031	-34.054779
3014.648438	-34.660915
3057.714844	-34.468971
3100.781250	-34.775188
3143.847656	-34.464447
3186.914062	-34.183056
3229.980469	-34.590092
3273.046875	-34.868374
3316.113281	-35.051884
3359.179688	-35.568279
3402.246094	-35.689156
3445.312500	-35.967659
3488.378906	-36.176273
3531.445312	-35.952316
3574.511719	-35.707600
3617.578125	-35.933517
3660.644531	-35.866604
3703.710938	-36.205341
3746.777344	-36.918072
3789.843750	-37.182549
3832.910156	-37.319271
3875.976562	-37.208122
3919.042969	-37.412075
3962.109375	-37.790245
4005.175781	-37.489204
4048.242188	-37.751354
4091.308594	-38.528954
4134.375000	-38.603970
4177.441406	-38.558254
4220.507812	-38.574146
4263.574219	-38.578468
4306.640625	-38.765102
4349.707031	-39.071125
4392.773438	-39.138798
4435.839844	-38.874653
4478.906250	-38.679325
4521.972656	-38.886200
4565.039062	-39.554054
4608.105469	-39.785316
4651.171875	-39.664318
4694.238281	-39.456200
4737.304688	-39.810860
4780.371094	-40.138969
4823.437500	-40.564342
4866.503906	-40.697693
4909.570312	-40.357468
4952.636719	-40.814713
4995.703125	-41.017521
5038.769531	-40.843185
5081.835938	-40.711578
5124.902344	-40.949123
5167.968750	-41.352356
5211.035156	-41.399292
5254.101562	-41.530518
5297.167969	-41.419712
5340.234375	-41.036964
5383.300781	-40.728256
5426.367188	-40.973774
5469.433594	-41.469276
5512.500000	-41.545906
5555.566406	-41.595322
5598.632812	-41.666325
5641.699219	-42.065807
5684.765625	-42.003681
5727.832031	-42.117947
5770.898438	-42.371056
5813.964844	-42.710976
5857.031250	-42.389523
5900.097656	-42.071442
5943.164062	-42.387138
5986.230469	-42.838619
6029.296875	-42.946812
6072.363281	-42.813183
6115.429688	-43.341145
6158.496094	-43.121857
6201.562500	-43.373123
6244.628906	-43.776825
6287.695312	-43.764969
6330.761719	-43.498726
6373.828125	-43.726494
6416.894531	-43.962563
6459.960938	-44.043591
6503.027344	-44.041626
6546.093750	-44.288071
6589.160156	-44.480072
6632.226562	-44.951229
6675.292969	-44.637196
6718.359375	-44.569290
6761.425781	-44.439953
6804.492188	-44.578381
6847.558594	-45.184811
6890.625000	-45.105362
6933.691406	-44.646023
6976.757812	-44.977203
7019.824219	-45.202141
7062.890625	-45.247856
7105.957031	-44.984917
7149.023438	-45.131378
7192.089844	-45.278053
7235.156250	-44.945553
7278.222656	-44.759163
7321.289062	-45.300518
7364.355469	-45.827477
7407.421875	-45.768379
7450.488281	-46.293087
7493.554688	-46.415092
7536.621094	-45.792030
7579.687500	-45.925217
7622.753906	-46.146542
7665.820312	-46.017918
7708.886719	-46.258396
7751.953125	-46.749619
7795.019531	-46.139652
7838.085938	-46.285530
7881.152344	-46.534569
7924.218750	-46.858364
7967.285156	-46.851467
8010.351562	-46.964096
8053.417969	-46.536011
8096.484375	-46.750950
8139.550781	-47.257561
8182.617188	-47.451450
8225.683594	-47.367138
8268.750000	-46.948162
8311.816406	-47.038395
8354.882812	-47.068546
8397.949219	-47.224899
8441.015625	-47.187874
8484.082031	-47.545937
8527.148438	-47.783596
8570.214844	-47.775520
8613.281250	-47.626446
8656.347656	-47.706467
8699.414062	-47.754620
8742.480469	-47.828094
8785.546875	-47.894585
8828.613281	-47.784748
8871.679688	-47.838779
8914.746094	-47.931694
8957.812500	-47.743603
9000.878906	-48.262848
9043.945312	-48.697193
9087.011719	-48.344646
9130.078125	-48.812565
9173.144531	-48.842522
9216.210938	-48.782146
9259.277344	-48.615334
9302.343750	-49.038330
9345.410156	-48.891693
9388.476562	-48.795143
9431.542969	-48.916584
9474.609375	-48.694374
9517.675781	-48.827633
9560.742188	-48.944252
9603.808594	-49.346584
9646.875000	-49.152443
9689.941406	-49.206066
9733.007812	-49.313839
9776.074219	-49.632980
9819.140625	-49.695328
9862.207031	-49.795910
9905.273438	-49.695930
9948.339844	-49.627228
9991.406250	-49.820633
10034.472656	-50.009640
10077.539062	-49.811649
10120.605469	-49.853905
10163.671875	-50.099457
10206.738281	-50.227081
10249.804688	-49.942932
10292.871094	-49.855324
10335.937500	-49.831474
10379.003906	-49.774925
10422.070312	-50.314011
10465.136719	-49.813175
10508.203125	-50.190777
10551.269531	-50.689320
10594.335938	-50.909241
10637.402344	-50.942837
10680.468750	-50.625057
10723.535156	-50.747852
10766.601562	-51.071316
10809.667969	-50.830669
10852.734375	-50.874039
10895.800781	-50.683029
10938.867188	-50.740196
10981.933594	-50.775711
11025.000000	-50.965900
11068.066406	-50.790970
11111.132812	-51.056702
11154.199219	-51.307289
11197.265625	-51.386486
11240.332031	-51.472908
11283.398438	-51.493645
11326.464844	-51.592323
11369.531250	-51.544937
11412.597656	-51.551464
11455.664062	-51.619289
11498.730469	-51.590656
11541.796875	-51.846195
11584.863281	-51.841404
11627.929688	-51.873714
11670.996094	-51.832584
11714.062500	-52.015327
11757.128906	-52.072300
11800.195312	-52.004009
11843.261719	-52.349319
11886.328125	-52.610786
11929.394531	-52.362911
11972.460938	-52.058006
12015.527344	-52.092476
12058.593750	-52.235157
12101.660156	-52.340473
12144.726562	-52.142723
12187.792969	-52.508236
12230.859375	-53.204800
12273.925781	-52.742661
12316.992188	-52.329891
12360.058594	-52.760227
12403.125000	-52.724907
12446.191406	-52.824589
12489.257812	-53.572868
12532.324219	-53.117214
12575.390625	-52.959850
12618.457031	-53.049831
12661.523438	-53.145409
12704.589844	-53.650284
12747.656250	-53.354919
12790.722656	-53.306648
12833.789062	-53.370548
12876.855469	-53.445053
12919.921875	-53.438107
12962.988281	-53.587505
13006.054688	-53.381344
13049.121094	-53.376724
13092.187500	-52.920715
13135.253906	-53.211727
13178.320312	-54.104286
13221.386719	-54.532120
13264.453125	-54.044167
13307.519531	-53.863850
13350.585938	-54.127800
13393.652344	-53.945164
13436.718750	-53.759972
13479.785156	-53.625916
13522.851562	-53.541908
13565.917969	-53.961975
13608.984375	-54.300606
13652.050781	-54.360336
13695.117188	-54.238094
13738.183594	-54.397133
13781.250000	-54.552158
13824.316406	-54.569435
13867.382812	-54.530167
13910.449219	-54.917442
13953.515625	-54.781734
13996.582031	-55.111637
14039.648438	-54.768787
14082.714844	-54.387596
14125.781250	-53.968998
14168.847656	-54.459362
14211.914062	-54.832523
14254.980469	-55.044880
14298.046875	-55.146782
14341.113281	-55.032600
14384.179688	-55.383652
14427.246094	-55.187820
14470.312500	-55.201344
14513.378906	-55.204487
14556.445312	-55.304272
14599.511719	-55.496952
14642.578125	-55.691360
14685.644531	-55.697334
14728.710938	-55.575089
14771.777344	-55.074535
14814.843750	-54.974361
14857.910156	-54.954124
14900.976562	-54.949215
14944.042969	-54.945148
14987.109375	-55.300671
15030.175781	-55.523281
15073.242188	-55.792782
15116.308594	-55.902397
15159.375000	-55.643578
15202.441406	-55.436031
15245.507812	-56.010303
15288.574219	-55.760075
15331.640625	-55.590500
15374.707031	-55.903687
15417.773438	-56.100918
15460.839844	-56.153034
15503.906250	-55.929752
15546.972656	-55.973354
15590.039062	-56.152252
15633.105469	-56.161633
15676.171875	-55.999271
15719.238281	-56.469032
15762.304688	-56.259914
15805.371094	-56.326775
15848.437500	-56.193558
15891.503906	-56.173512
15934.570312	-56.312656
15977.636719	-56.285595
16020.703125	-56.211094
16063.769531	-56.420429
16106.835938	-56.608570
16149.902344	-56.660271
16192.968750	-56.385754
16236.035156	-56.368954
16279.101562	-56.516811
16322.167969	-56.882298
16365.234375	-56.816639
16408.300781	-56.614029
16451.367188	-56.474606
16494.433594	-56.503231
16537.500000	-56.509373
16580.566406	-56.655514
16623.632812	-56.823338
16666.699219	-56.904789
16709.765625	-57.048767
16752.832031	-57.216843
16795.898438	-57.125160
16838.964844	-57.089886
16882.031250	-57.092907
16925.097656	-57.367477
16968.164062	-57.030098
17011.230469	-57.328548
17054.296875	-57.272850
17097.363281	-57.139706
17140.429688	-57.100449
17183.496094	-57.348415
17226.562500	-57.583595
17269.628906	-57.977406
17312.695312	-57.782684
17355.761719	-57.575245
17398.828125	-57.663136
17441.894531	-57.638462
17484.960938	-57.655975
17528.027344	-57.551151
17571.093750	-57.639038
17614.160156	-57.917126
17657.226562	-57.400837
17700.292969	-57.510536
17743.359375	-57.790123
17786.425781	-58.193623
17829.492188	-58.089844
17872.558594	-58.042114
17915.625000	-58.159672
17958.691406	-58.483212
18001.757812	-58.081581
18044.824219	-57.862431
18087.890625	-58.450237
18130.957031	-58.293274
18174.023438	-58.030140
18217.089844	-58.159931
18260.156250	-58.662350
18303.222656	-58.404022
18346.289062	-58.368755
18389.355469	-58.334435
18432.421875	-58.231499
18475.488281	-58.359344
18518.554688	-58.264698
18561.621094	-57.928417
18604.687500	-58.560886
18647.753906	-58.674267
18690.820312	-58.642754
18733.886719	-58.656418
18776.953125	-58.688633
18820.019531	-58.624161
18863.085938	-58.144325
18906.152344	-58.107487
18949.218750	-58.393696
18992.285156	-58.532784
19035.351562	-59.272766
19078.417969	-58.932728
19121.484375	-58.829906
19164.550781	-58.800117
19207.617188	-59.121506
19250.683594	-59.074001
19293.750000	-59.423340
19336.816406	-59.284298
19379.882812	-59.159660
19422.949219	-58.979927
19466.015625	-59.321430
19509.082031	-59.292873
19552.148438	-59.501312
19595.214844	-59.676266
19638.281250	-59.251762
19681.347656	-59.178028
19724.414062	-59.477489
19767.480469	-59.748821
19810.546875	-59.147865
19853.613281	-59.548679
19896.679688	-59.330585
19939.746094	-59.664787
19982.812500	-59.265057
20025.878906	-59.465004
20068.945312	-59.384163
20112.011719	-59.353886
20155.078125	-59.949600
20198.144531	-59.875938
20241.210938	-59.724133
20284.277344	-59.751842
20327.343750	-60.033512
20370.410156	-59.701950
20413.476562	-59.974552
20456.542969	-59.905544
20499.609375	-60.011982
20542.675781	-60.099293
20585.742188	-59.934731
20628.808594	-59.643299
20671.875000	-59.627914
20714.941406	-60.090057
20758.007812	-60.268406
20801.074219	-60.227158
20844.140625	-60.342800
20887.207031	-60.454041
20930.273438	-60.610176
20973.339844	-60.376171
21016.406250	-60.180038
21059.472656	-60.240589
21102.539062	-60.265198
21145.605469	-60.774734
21188.671875	-60.882973
21231.738281	-60.837799
21274.804688	-61.045021
21317.871094	-61.020737
21360.937500	-61.106121
21404.003906	-60.854858
21447.070312	-60.857033
21490.136719	-61.606606
21533.203125	-61.604904
21576.269531	-61.487961
21619.335938	-61.365841
21662.402344	-61.531643
21705.468750	-62.011627
21748.535156	-61.804482
21791.601562	-61.975498
21834.667969	-62.086807
21877.734375	-62.506641
21920.800781	-62.787891
21963.867188	-62.796246
22006.933594	-62.950462
