Frequency (Hz)	Level (dB)
21.533203	-17.133238
43.066406	-20.883181
64.599609	-22.758659
86.132812	-24.708637
107.666016	-25.422506
129.199219	-26.599859
150.732422	-26.963961
172.265625	-27.082067
193.798828	-27.531963
215.332031	-27.881090
236.865234	-28.531206
258.398438	-28.732700
279.931641	-29.155750
301.464844	-29.563854
322.998047	-29.677301
344.531250	-30.344263
366.064453	-30.292315
387.597656	-31.048798
409.130859	-31.458839
430.664062	-31.371857
452.197266	-31.840096
473.730469	-31.991255
495.263672	-32.404835
516.796875	-32.483555
538.330078	-32.951920
559.863281	-32.828865
581.396484	-32.919739
602.929688	-32.719810
624.462891	-32.724495
645.996094	-32.850277
667.529297	-33.421253
689.062500	-33.997551
710.595703	-33.610062
732.128906	-33.543789
753.662109	-33.626850
775.195312	-33.979885
796.728516	-34.078903
818.261719	-33.576092
839.794922	-33.525970
861.328125	-33.973438
882.861328	-34.595535
904.394531	-34.885025
925.927734	-35.417126
947.460938	-35.490963
968.994141	-35.135490
990.527344	-34.984325
1012.060547	-34.783497
1033.593750	-35.303997
1055.126953	-35.537720
1076.660156	-35.361004
1098.193359	-35.207722
1119.726562	-35.553471
1141.259766	-36.207466
1162.792969	-36.495609
1184.326172	-36.014412
1205.859375	-35.712955
1227.392578	-35.527664
1248.925781	-35.530216
1270.458984	-35.637104
1291.992188	-36.221142
1313.525391	-36.251778
1335.058594	-37.038452
1356.591797	-36.283394
1378.125000	-35.989716
1399.658203	-36.096729
1421.191406	-36.790497
1442.724609	-37.352409
1464.257812	-37.135681
1485.791016	-36.631844
1507.324219	-36.839569
1528.857422	-36.920677
1550.390625	-36.807610
1571.923828	-37.193920
1593.457031	-37.074478
1614.990234	-36.905819
1636.523438	-37.297890
1658.056641	-37.022278
1679.589844	-36.878456
1701.123047	-36.833145
1722.656250	-37.270859
1744.189453	-37.436741
1765.722656	-37.203484
1787.255859	-37.578144
1808.789062	-37.684338
1830.322266	-37.068150
1851.855469	-37.273781
1873.388672	-37.571850
1894.921875	-38.151524
1916.455078	-38.045223
1937.988281	-37.772385
1959.521484	-38.373383
1981.054688	-38.295536
2002.587891	-38.287102
2024.121094	-38.709118
2045.654297	-38.371914
2067.187500	-38.018677
2088.720703	-38.578979
2110.253906	-38.858902
2131.787109	-38.538738
2153.320312	-37.827568
2174.853516	-38.311165
2196.386719	-38.347870
2217.919922	-38.606884
2239.453125	-38.184563
2260.986328	-38.611134
2282.519531	-38.578312
2304.052734	-38.273037
2325.585938	-38.575352
2347.119141	-38.599220
2368.652344	-38.522736
2390.185547	-38.855286
2411.718750	-38.842831
2433.251953	-38.791168
2454.785156	-38.797283
2476.318359	-39.045937
2497.851562	-39.107224
2519.384766	-39.107986
2540.917969	-40.057240
2562.451172	-39.461418
2583.984375	-39.369133
2605.517578	-39.042030
2627.050781	-38.868061
2648.583984	-39.228569
2670.117188	-39.449043
2691.650391	-39.124588
2713.183594	-39.340553
2734.716797	-39.948074
2756.250000	-39.820877
2777.783203	-39.397728
2799.316406	-38.997799
2820.849609	-39.338913
2842.382812	-39.579292
2863.916016	-39.432125
2885.449219	-39.606953
2906.982422	-39.516869
2928.515625	-39.522793
2950.048828	-39.963013
2971.582031	-39.586800
2993.115234	-39.995575
3014.648438	-39.993900
3036.181641	-40.076862
3057.714844	-39.623180
3079.248047	-39.399055
3100.781250	-39.915394
3122.314453	-40.190868
3143.847656	-40.139912
3165.380859	-40.029591
3186.914062	-39.706558
3208.447266	-39.381660
3229.980469	-39.694878
3251.513672	-39.927555
3273.046875	-40.666103
3294.580078	-40.460213
3316.113281	-40.277313
3337.646484	-40.186436
3359.179688	-40.423866
3380.712891	-40.332783
3402.246094	-40.101456
3423.779297	-40.235744
3445.312500	-40.025448
3466.845703	-40.207798
3488.378906	-40.590439
3509.912109	-40.631733
3531.445312	-40.145363
3552.978516	-40.180550
3574.511719	-40.600346
3596.044922	-41.077297
3617.578125	-41.053238
3639.111328	-40.797432
3660.644531	-40.214527
3682.177734	-40.865124
3703.710938	-40.996525
3725.244141	-40.614307
3746.777344	-40.807117
3768.310547	-41.204731
3789.843750	-41.848057
3811.376953	-41.680565
3832.910156	-40.762825
3854.443359	-40.545334
3875.976562	-40.347977
3897.509766	-41.184727
3919.042969	-41.036125
3940.576172	-40.924442
3962.109375	-40.848984
3983.642578	-41.177101
4005.175781	-41.024811
4026.708984	-40.673409
4048.242188	-41.137535
4069.775391	-40.691616
4091.308594	-41.175564
4112.841797	-41.177292
4134.375000	-41.034592
4155.908203	-41.532116
4177.441406	-40.983292
4198.974609	-40.850288
4220.507812	-41.069645
4242.041016	-40.848701
4263.574219	-41.040157
4285.107422	-41.513229
4306.640625	-40.973034
4328.173828	-41.167702
4349.707031	-41.514473
4371.240234	-41.317749
4392.773438	-41.649582
4414.306641	-41.896484
4435.839844	-41.788193
4457.373047	-41.641079
4478.906250	-41.551262
4500.439453	-41.784103
4521.972656	-41.672493
4543.505859	-41.275528
4565.039062	-41.737854
4586.572266	-41.223846
4608.105469	-41.223156
4629.638672	-41.661930
4651.171875	-41.891556
4672.705078	-42.168839
4694.238281	-41.809322
4715.771484	-41.834465
4737.304688	-41.715576
4758.837891	-41.917469
4780.371094	-41.639931
4801.904297	-41.130440
4823.437500	-42.010414
4844.970703	-42.376534
4866.503906	-42.037331
4888.037109	-42.358749
4909.570312	-42.472809
4931.103516	-41.785614
4952.636719	-41.368000
4974.169922	-41.628403
4995.703125	-42.258408
5017.236328	-42.976036
5038.769531	-42.723820
5060.302734	-42.299892
5081.835938	-42.206715
5103.369141	-42.147625
5124.902344	-42.431568
5146.435547	-42.586678
5167.968750	-42.150021
5189.501953	-42.554085
5211.035156	-42.615677
5232.568359	-42.280422
5254.101562	-42.444256
5275.634766	-42.688553
5297.167969	-42.507931
5318.701172	-42.934326
5340.234375	-42.033588
5361.767578	-41.505306
5383.300781	-42.570274
5404.833984	-42.923576
5426.367188	-42.412949
5447.900391	-42.480415
5469.433594	-42.836838
5490.966797	-42.604858
5512.500000	-42.804958
5534.033203	-42.557323
5555.566406	-42.273548
5577.099609	-42.356571
5598.632812	-42.479122
5620.166016	-42.312916
5641.699219	-42.050541
5663.232422	-42.823750
5684.765625	-42.655472
5706.298828	-42.483433
5727.832031	-42.578606
5749.365234	-43.317608
5770.898438	-42.963005
5792.431641	-42.771976
5813.964844	-43.169296
5835.498047	-42.862301
5857.031250	-42.521477
5878.564453	-43.110504
5900.097656	-43.295673
5921.630859	-42.424641
5943.164062	-42.277245
5964.697266	-42.059052
5986.230469	-42.512520
6007.763672	-43.096771
6029.296875	-42.774792
6050.830078	-42.939743
6072.363281	-43.397339
6093.896484	-42.584511
6115.429688	-42.541321
6136.962891	-42.536591
6158.496094	-42.421028
6180.029297	-42.844696
6201.562500	-42.761639
6223.095703	-42.833508
6244.628906	-43.072945
6266.162109	-43.421917
6287.695312	-43.061737
6309.228516	-42.734074
6330.761719	-43.342506
6352.294922	-43.160141
6373.828125	-42.460014
6395.361328	-42.772461
6416.894531	-42.926308
6438.427734	-42.728783
6459.960938	-42.711899
6481.494141	-43.197342
6503.027344	-43.357738
6524.560547	-43.005707
6546.093750	-43.132362
6567.626953	-43.201565
6589.160156	-43.291695
6610.693359	-43.450329
6632.226562	-43.990822
6653.759766	-43.329334
6675.292969	-43.266441
6696.826172	-44.173077
6718.359375	-43.465206
6739.892578	-43.114750
6761.425781	-43.428532
6782.958984	-43.603947
6804.492188	-43.704834
6826.025391	-42.842167
6847.558594	-42.595695
6869.091797	-43.107059
6890.625000	-42.846222
6912.158203	-43.055019
6933.691406	-43.031437
6955.224609	-43.045849
6976.757812	-43.198124
6998.291016	-43.066757
7019.824219	-43.379837
7041.357422	-43.938408
7062.890625	-44.177692
7084.423828	-43.846443
7105.957031	-43.563850
7127.490234	-43.985157
7149.023438	-43.883282
7170.556641	-43.788944
7192.089844	-43.383907
7213.623047	-43.818657
7235.156250	-43.741459
7256.689453	-43.336956
7278.222656	-43.374741
7299.755859	-43.763348
7321.289062	-43.993179
7342.822266	-43.847069
7364.355469	-43.333107
7385.888672	-43.309128
7407.421875	-43.681660
7428.955078	-43.742657
7450.488281	-43.431786
7472.021484	-43.704105
7493.554688	-44.255543
7515.087891	-44.214542
7536.621094	-44.270878
7558.154297	-43.868889
7579.687500	-43.767242
7601.220703	-43.578918
7622.753906	-44.106407
7644.287109	-44.149632
7665.820312	-43.784790
7687.353516	-44.014191
7708.886719	-44.213615
7730.419922	-44.326344
7751.953125	-44.013599
7773.486328	-44.186451
7795.019531	-43.902874
7816.552734	-43.872860
7838.085938	-43.723900
7859.619141	-44.278946
7881.152344	-43.679276
7902.685547	-43.370430
7924.218750	-43.502857
7945.751953	-43.536686
7967.285156	-44.420082
7988.818359	-44.140614
8010.351562	-43.805317
8031.884766	-44.215012
8053.417969	-43.895340
8074.951172	-43.563129
8096.484375	-44.061546
8118.017578	-44.152527
8139.550781	-43.978962
8161.083984	-43.935684
8182.617188	-43.843109
8204.150391	-43.884693
8225.683594	-43.971958
8247.216797	-43.855373
8268.750000	-44.073421
8290.283203	-44.119041
8311.816406	-43.937580
8333.349609	-44.051468
8354.882812	-44.386959
8376.416016	-44.424545
8397.949219	-44.256702
8419.482422	-44.612564
8441.015625	-45.008881
8462.548828	-44.620506
8484.082031	-44.243481
8505.615234	-44.592373
8527.148438	-44.499146
8548.681641	-44.322697
8570.214844	-44.777359
8591.748047	-44.097172
8613.281250	-44.013187
8634.814453	-44.121655
8656.347656	-43.783630
8677.880859	-43.874458
8699.414062	-44.397915
8720.947266	-45.083790
8742.480469	-44.700768
8764.013672	-44.209396
8785.546875	-44.289883
8807.080078	-44.169842
8828.613281	-44.222019
8850.146484	-44.188206
8871.679688	-44.417130
8893.212891	-44.635353
8914.746094	-44.360275
8936.279297	-44.683182
8957.812500	-44.688396
8979.345703	-44.793381
9000.878906	-44.620789
9022.412109	-44.230602
9043.945312	-44.502617
9065.478516	-44.450962
9087.011719	-44.348686
9108.544922	-44.415188
9130.078125	-44.523014
9151.611328	-44.866238
9173.144531	-45.014591
9194.677734	-44.950787
9216.210938	-44.271477
9237.744141	-44.154678
9259.277344	-44.519062
9280.810547	-45.225685
9302.343750	-45.056393
9323.876953	-45.085224
9345.410156	-44.778313
9366.943359	-44.686317
9388.476562	-44.798615
9410.009766	-45.287533
9431.542969	-45.138660
9453.076172	-44.936432
9474.609375	-44.793335
9496.142578	-45.069962
9517.675781	-44.965061
9539.208984	-44.945427
9560.742188	-44.897385
9582.275391	-44.797985
9603.808594	-44.488953
9625.341797	-44.637482
9646.875000	-45.056366
9668.408203	-45.095928
9689.941406	-45.113117
9711.474609	-45.438206
9733.007812	-45.143200
9754.541016	-45.036484
9776.074219	-44.765224
9797.607422	-44.926136
9819.140625	-45.487736
9840.673828	-45.298405
9862.207031	-44.956711
9883.740234	-45.441254
9905.273438	-45.468082
9926.806641	-45.106915
9948.339844	-45.399475
9969.873047	-44.862312
9991.406250	-44.743279
10012.939453	-45.508709
10034.472656	-45.184044
10056.005859	-44.757839
10077.539062	-44.933025
10099.072266	-45.217281
10120.605469	-45.534267
10142.138672	-45.184135
10163.671875	-45.045551
10185.205078	-45.003136
10206.738281	-45.498089
10228.271484	-45.479649
10249.804688	-45.823395
10271.337891	-45.456955
10292.871094	-44.710281
10314.404297	-44.602406
10335.937500	-44.696026
10357.470703	-44.896633
10379.003906	-45.260902
10400.537109	-44.877094
10422.070312	-45.278046
10443.603516	-45.415958
10465.136719	-45.461758
10486.669922	-45.417969
10508.203125	-45.257290
10529.736328	-44.592110
10551.269531	-45.071915
10572.802734	-45.445255
10594.335938	-45.014107
10615.869141	-44.919773
10637.402344	-45.113018
10658.935547	-45.556866
10680.468750	-45.390800
10702.001953	-45.724976
10723.535156	-45.632374
10745.068359	-44.933666
10766.601562	-45.198532
10788.134766	-45.715237
10809.667969	-45.398712
10831.201172	-44.916798
10852.734375	-44.902340
10874.267578	-45.243496
10895.800781	-45.841354
10917.333984	-45.730076
10938.867188	-45.689236
10960.400391	-45.650608
10981.933594	-44.931358
11003.466797	-45.004620
11025.000000	-45.650467
11046.533203	-45.603294
11068.066406	-45.480934
11089.599609	-44.578171
11111.132812	-45.300724
11132.666016	-45.793396
11154.199219	-45.833111
11175.732422	-45.953583
11197.265625	-45.818630
11218.798828	-45.804539
11240.332031	-45.260769
11261.865234	-45.742020
11283.398438	-45.306778
11304.931641	-45.112709
11326.464844	-45.494450
11347.998047	-45.278290
11369.531250	-45.022057
11391.064453	-45.781322
11412.597656	-45.704781
11434.130859	-45.524818
11455.664062	-45.390701
11477.197266	-45.528236
11498.730469	-45.676949
11520.263672	-45.368900
11541.796875	-45.147568
11563.330078	-46.236752
11584.863281	-46.558201
11606.396484	-46.078293
11627.929688	-45.664368
11649.462891	-45.609398
11670.996094	-45.626495
11692.529297	-45.693237
11714.062500	-45.554428
11735.595703	-45.389824
11757.128906	-45.460484
11778.662109	-45.567616
11800.195312	-45.660328
11821.728516	-45.622692
11843.261719	-45.488312
11864.794922	-45.539291
11886.328125	-45.503819
11907.861328	-45.236649
11929.394531	-45.534603
11950.927734	-45.515965
11972.460938	-45.842133
11993.994141	-46.042137
12015.527344	-45.504734
12037.060547	-45.276321
12058.593750	-45.478226
12080.126953	-45.695240
12101.660156	-45.365402
12123.193359	-45.463428
12144.726562	-45.696751
12166.259766	-45.673355
12187.792969	-45.725769
12209.326172	-45.940598
12230.859375	-46.054630
12252.392578	-46.148163
12273.925781	-45.883915
12295.458984	-45.843445
12316.992188	-46.423878
12338.525391	-46.374329
12360.058594	-46.145496
12381.591797	-46.551487
12403.125000	-45.985550
12424.658203	-45.640282
12446.191406	-45.914482
12467.724609	-46.523563
12489.257812	-46.284878
12510.791016	-46.258698
12532.324219	-45.749084
12553.857422	-45.630028
12575.390625	-45.976414
12596.923828	-46.110104
12618.457031	-45.860550
12639.990234	-45.859905
12661.523438	-46.110989
12683.056641	-45.931324
12704.589844	-45.984184
12726.123047	-45.918571
12747.656250	-45.662251
12769.189453	-46.091942
12790.722656	-46.041862
12812.255859	-46.408958
12833.789062	-46.471050
12855.322266	-46.314747
12876.855469	-46.274952
12898.388672	-45.876499
12919.921875	-46.285336
12941.455078	-46.091389
12962.988281	-46.333782
12984.521484	-46.299171
13006.054688	-45.828785
13027.587891	-46.030506
13049.121094	-46.236996
13070.654297	-46.127747
13092.187500	-46.117500
13113.720703	-46.311470
13135.253906	-45.809971
13156.787109	-46.950397
13178.320312	-46.525589
13199.853516	-46.375381
13221.386719	-46.303452
13242.919922	-46.288021
13264.453125	-46.114605
13285.986328	-46.139133
13307.519531	-46.362972
13329.052734	-46.248917
13350.585938	-46.367653
13372.119141	-46.215210
13393.652344	-46.548832
13415.185547	-46.532974
13436.718750	-46.195564
13458.251953	-46.591099
13479.785156	-46.810928
13501.318359	-46.981323
13522.851562	-46.583069
13544.384766	-46.335808
13565.917969	-46.499256
13587.451172	-47.029522
13608.984375	-46.696697
13630.517578	-46.383533
13652.050781	-45.717079
13673.583984	-46.202103
13695.117188	-47.100605
13716.650391	-46.762295
13738.183594	-46.635834
13759.716797	-46.714111
13781.250000	-46.259655
13802.783203	-46.014790
13824.316406	-46.189594
13845.849609	-46.153156
13867.382812	-46.035328
13888.916016	-46.205933
13910.449219	-46.840900
13931.982422	-47.028606
13953.515625	-46.506123
13975.048828	-46.218925
13996.582031	-46.745377
14018.115234	-46.850704
14039.648438	-46.462589
14061.181641	-46.764172
14082.714844	-46.925652
14104.248047	-46.967651
14125.781250	-46.288906
14147.314453	-46.278904
14168.847656	-46.876568
14190.380859	-47.028973
14211.914062	-46.871338
14233.447266	-46.894058
14254.980469	-46.857452
14276.513672	-46.940117
14298.046875	-46.668697
14319.580078	-46.385109
14341.113281	-46.395084
14362.646484	-46.614567
14384.179688	-46.559605
14405.712891	-46.873554
14427.246094	-47.120262
14448.779297	-46.616425
14470.312500	-46.320259
14491.845703	-46.550430
14513.378906	-47.006401
14534.912109	-46.657974
14556.445312	-46.678009
14577.978516	-46.951530
14599.511719	-47.197044
14621.044922	-46.834400
14642.578125	-46.272427
14664.111328	-46.335640
14685.644531	-47.326931
14707.177734	-47.484325
14728.710938	-47.125660
14750.244141	-46.750580
14771.777344	-46.803032
14793.310547	-46.607536
14814.843750	-46.745583
14836.376953	-46.861450
14857.910156	-46.795437
14879.443359	-46.158741
14900.976562	-46.248020
14922.509766	-46.823853
14944.042969	-46.839443
14965.576172	-46.457443
14987.109375	-46.345692
15008.642578	-46.959988
15030.175781	-46.499599
15051.708984	-46.457809
15073.242188	-46.776699
15094.775391	-47.214741
15116.308594	-46.734966
15137.841797	-46.432598
15159.375000	-46.806450
15180.908203	-47.002815
15202.441406	-46.744568
15223.974609	-46.588875
15245.507812	-47.112808
15267.041016	-47.357433
15288.574219	-47.124435
15310.107422	-46.149727
15331.640625	-46.456127
15353.173828	-47.233528
15374.707031	-46.980862
15396.240234	-47.289173
15417.773438	-47.146942
15439.306641	-46.884029
15460.839844	-46.886616
15482.373047	-46.689930
15503.906250	-46.597500
15525.439453	-47.169750
15546.972656	-47.385410
15568.505859	-47.003933
15590.039062	-47.024052
15611.572266	-47.303272
15633.105469	-47.389957
15654.638672	-47.071259
15676.171875	-46.750942
15697.705078	-47.021114
15719.238281	-46.995869
15740.771484	-46.943451
15762.304688	-47.223709
15783.837891	-47.266132
15805.371094	-47.391788
15826.904297	-47.167072
15848.437500	-47.264217
15869.970703	-46.605972
15891.503906	-46.571274
15913.037109	-46.852303
15934.570312	-46.878242
15956.103516	-47.079021
15977.636719	-46.551777
15999.169922	-46.825115
16020.703125	-47.136311
16042.236328	-47.407734
16063.769531	-47.550392
16085.302734	-47.545319
16106.835938	-47.100147
16128.369141	-46.780266
16149.902344	-47.212063
16171.435547	-47.358242
16192.968750	-46.921745
16214.501953	-47.077789
16236.035156	-47.405727
16257.568359	-47.020363
16279.101562	-47.111217
16300.634766	-46.946590
16322.167969	-46.780838
16343.701172	-47.102589
16365.234375	-47.299557
16386.767578	-46.921040
16408.300781	-46.951588
16429.833984	-47.168812
16451.367188	-47.331970
16472.900391	-46.902729
16494.433594	-47.117004
16515.966797	-46.823326
16537.500000	-47.259350
16559.033203	-48.347633
16580.566406	-48.006859
16602.099609	-47.292976
16623.632812	-47.501896
16645.166016	-47.423222
16666.699219	-47.495831
16688.232422	-47.155586
16709.765625	-46.912205
16731.298828	-46.943348
16752.832031	-46.875351
16774.365234	-47.122894
16795.898438	-47.021736
16817.431641	-46.954708
16838.964844	-47.039940
16860.498047	-47.041466
16882.031250	-47.391426
16903.564453	-47.474533
16925.097656	-47.578087
16946.630859	-47.956871
16968.164062	-47.291313
16989.697266	-47.055714
17011.230469	-47.841419
17032.763672	-47.429146
17054.296875	-47.302067
17075.830078	-47.814430
17097.363281	-47.961674
17118.896484	-47.703842
17140.429688	-47.284615
17161.962891	-47.112007
17183.496094	-47.953350
17205.029297	-47.763626
17226.562500	-47.998440
17248.095703	-47.821289
17269.628906	-47.701260
17291.162109	-47.752773
17312.695312	-48.471619
17334.228516	-48.246895
17355.761719	-48.044346
17377.294922	-48.060341
17398.828125	-48.059841
17420.361328	-47.679794
17441.894531	-47.064655
17463.427734	-47.597328
17484.960938	-47.354340
17506.494141	-47.504768
17528.027344	-47.371239
17549.560547	-48.316216
17571.093750	-47.869488
17592.626953	-47.593788
17614.160156	-47.948700
17635.693359	-48.765831
17657.226562	-48.295399
17678.759766	-47.993858
17700.292969	-48.227215
17721.826172	-48.314568
17743.359375	-47.972633
17764.892578	-48.216782
17786.425781	-48.456253
17807.958984	-48.135166
17829.492188	-47.743984
17851.025391	-48.035233
17872.558594	-48.192444
17894.091797	-48.226768
17915.625000	-48.230217
17937.158203	-48.288895
17958.691406	-48.792820
17980.224609	-49.106976
18001.757812	-48.969284
18023.291016	-48.741302
18044.824219	-48.429909
18066.357422	-48.439083
18087.890625	-48.462231
18109.423828	-48.596424
18130.957031	-48.876278
18152.490234	-48.947838
18174.023438	-48.714321
18195.556641	-48.916222
18217.089844	-49.203659
18238.623047	-49.135643
18260.156250	-48.863804
18281.689453	-48.707619
18303.222656	-49.327911
18324.755859	-49.107796
18346.289062	-48.968349
18367.822266	-48.941544
18389.355469	-49.731026
18410.888672	-49.796673
18432.421875	-48.990711
18453.955078	-48.996231
18475.488281	-49.586483
18497.021484	-49.214787
18518.554688	-49.595753
18540.087891	-49.412174
18561.621094	-49.610832
18583.154297	-49.676956
18604.687500	-49.550167
18626.220703	-49.884827
18647.753906	-49.921349
18669.287109	-50.044518
18690.820312	-50.167603
18712.353516	-50.128506
18733.886719	-50.370743
18755.419922	-50.334454
18776.953125	-50.188709
18798.486328	-50.733349
18820.019531	-50.703632
18841.552734	-50.488060
18863.085938	-50.152679
18884.619141	-50.950459
18906.152344	-50.564152
18927.685547	-50.385639
18949.218750	-51.277306
18970.751953	-51.440022
18992.285156	-50.965004
19013.818359	-51.034645
19035.351562	-51.224560
19056.884766	-51.180714
19078.417969	-51.347149
19099.951172	-51.838531
19121.484375	-51.403484
19143.017578	-51.699726
19164.550781	-52.141140
19186.083984	-52.079929
19207.617188	-52.425381
19229.150391	-52.642609
19250.683594	-52.674847
19272.216797	-53.152519
19293.750000	-53.548138
19315.283203	-54.145153
19336.816406	-53.862705
19358.349609	-53.935448
19379.882812	-53.868782
19401.416016	-53.852791
19422.949219	-54.432873
19444.482422	-54.737343
19466.015625	-55.033428
19487.548828	-55.050228
19509.082031	-55.367180
19530.615234	-55.212727
19552.148438	-55.434261
19573.681641	-56.064835
19595.214844	-56.323223
19616.748047	-56.351589
19638.281250	-57.109562
19659.814453	-56.978916
19681.347656	-56.819122
19702.880859	-57.161839
19724.414062	-58.116444
19745.947266	-58.115578
19767.480469	-58.254673
19789.013672	-58.894531
19810.546875	-59.638203
19832.080078	-59.865040
19853.613281	-60.564030
19875.146484	-60.904934
19896.679688	-61.254417
19918.212891	-61.867004
19939.746094	-61.981205
19961.279297	-62.580597
19982.812500	-62.572697
20004.345703	-62.570801
20025.878906	-62.987518
20047.412109	-63.709007
20068.945312	-64.377739
20090.478516	-64.663780
20112.011719	-65.308540
20133.544922	-65.971558
20155.078125	-66.575996
20176.611328	-67.577744
20198.144531	-68.675339
20219.677734	-68.554733
20241.210938	-68.309593
20262.744141	-69.431145
20284.277344	-70.071396
20305.810547	-70.335632
20327.343750	-71.086266
20348.876953	-71.539688
20370.410156	-72.086632
20391.943359	-72.943871
20413.476562	-73.016365
20435.009766	-73.360535
20456.542969	-74.512680
20478.076172	-75.489464
20499.609375	-76.089523
20521.142578	-77.035271
20542.675781	-77.451691
20564.208984	-78.471786
20585.742188	-79.310547
20607.275391	-80.084717
20628.808594	-80.953888
20650.341797	-81.919731
20671.875000	-82.031746
20693.408203	-83.059814
20714.941406	-84.296745
20736.474609	-85.430450
20758.007812	-86.168449
20779.541016	-86.456673
20801.074219	-87.676231
20822.607422	-88.854813
20844.140625	-89.633003
20865.673828	-90.252495
20887.207031	-91.587883
20908.740234	-92.564369
20930.273438	-93.720100
20951.806641	-94.151794
20973.339844	-94.856476
20994.873047	-96.448532
21016.406250	-97.337952
21037.939453	-99.062111
21059.472656	-99.899231
21081.005859	-100.725571
21102.539062	-102.398300
21124.072266	-104.045692
21145.605469	-104.785263
21167.138672	-105.969490
21188.671875	-107.634949
21210.205078	-108.658218
21231.738281	-110.082146
21253.271484	-111.238373
21274.804688	-112.165260
21296.337891	-113.668282
21317.871094	-115.328293
21339.404297	-117.106247
21360.937500	-118.609215
21382.470703	-120.271942
21404.003906	-122.227303
21425.537109	-123.496513
21447.070312	-125.253647
21468.603516	-127.175011
21490.136719	-128.674255
21511.669922	-130.259048
21533.203125	-132.027649
21554.736328	-133.965454
21576.269531	-136.414886
21597.802734	-138.216385
21619.335938	-140.482834
21640.869141	-142.458145
21662.402344	-144.653244
21683.935547	-146.707382
21705.468750	-149.135086
21727.001953	-151.406967
21748.535156	-153.773193
21770.068359	-156.918976
21791.601562	-159.108459
21813.134766	-161.964264
21834.667969	-163.712875
21856.201172	-165.419785
21877.734375	-166.726395
21899.267578	-167.292664
21920.800781	-167.261475
21942.333984	-167.245499
21963.867188	-167.146606
21985.400391	-165.600815
22006.933594	-164.419769
22028.466797	-161.354858
