Frequency (Hz)	Level (dB)
21.533203	-32.846645
43.066406	-30.416765
64.599609	-29.315254
86.132812	-28.964216
107.666016	-28.052422
129.199219	-27.749704
150.732422	-27.578949
172.265625	-26.859110
193.798828	-26.624451
215.332031	-26.841063
236.865234	-26.764576
258.398438	-26.485357
279.931641	-26.458532
301.464844	-26.512680
322.998047	-26.443119
344.531250	-26.665899
366.064453	-26.243637
387.597656	-26.691410
409.130859	-26.868200
430.664062	-26.634111
452.197266	-26.899202
473.730469	-27.013170
495.263672	-27.053205
516.796875	-27.218861
538.330078	-27.324684
559.863281	-27.267902
581.396484	-26.833324
602.929688	-26.568089
624.462891	-26.693789
645.996094	-26.757967
667.529297	-27.139778
689.062500	-27.793734
710.595703	-27.294027
732.128906	-27.150589
753.662109	-27.168333
775.195312	-27.508677
796.728516	-27.515467
818.261719	-27.112606
839.794922	-26.868734
861.328125	-27.468702
882.861328	-27.728668
904.394531	-27.852167
925.927734	-27.946587
947.460938	-27.699135
968.994141	-27.755878
990.527344	-27.812225
1012.060547	-27.701496
1033.593750	-27.700716
1055.126953	-28.092804
1076.660156	-27.758585
1098.193359	-27.703814
1119.726562	-28.011951
1141.259766	-28.082115
1162.792969	-28.154547
1184.326172	-28.165878
1205.859375	-28.041378
1227.392578	-28.086040
1248.925781	-28.383293
1270.458984	-28.406500
1291.992188	-28.618666
1313.525391	-28.547758
1335.058594	-28.691553
1356.591797	-28.506021
1378.125000	-27.821182
1399.658203	-27.899616
1421.191406	-28.729479
1442.724609	-28.924465
1464.257812	-29.177404
1485.791016	-28.783333
1507.324219	-28.809978
1528.857422	-29.016695
1550.390625	-28.703978
1571.923828	-28.827917
1593.457031	-29.022589
1614.990234	-29.172812
1636.523438	-29.314941
1658.056641	-29.400208
1679.589844	-29.109619
1701.123047	-29.055223
1722.656250	-28.878721
1744.189453	-28.886967
1765.722656	-28.970098
1787.255859	-29.441032
1808.789062	-29.658596
1830.322266	-29.270237
1851.855469	-29.415506
1873.388672	-29.913500
1894.921875	-29.978645
1916.455078	-29.633884
1937.988281	-30.051361
1959.521484	-30.264343
1981.054688	-29.726143
2002.587891	-29.873682
2024.121094	-30.157221
2045.654297	-30.047157
2067.187500	-29.974142
2088.720703	-30.085115
2110.253906	-30.052971
2131.787109	-30.183613
2153.320312	-29.971951
2174.853516	-30.076448
2196.386719	-30.269352
2217.919922	-30.160343
2239.453125	-30.048561
2260.986328	-30.436733
2282.519531	-30.313206
2304.052734	-29.948814
2325.585938	-30.176121
2347.119141	-30.501881
2368.652344	-30.410791
2390.185547	-30.429749
2411.718750	-31.026352
2433.251953	-30.908304
2454.785156	-31.210087
2476.318359	-31.198492
2497.851562	-31.075495
2519.384766	-30.805592
2540.917969	-31.214443
2562.451172	-31.242876
2583.984375	-31.147888
2605.517578	-31.160587
2627.050781	-31.228699
2648.583984	-31.294537
2670.117188	-31.330175
2691.650391	-31.102549
2713.183594	-31.091906
2734.716797	-31.304794
2756.250000	-31.534960
2777.783203	-31.468824
2799.316406	-31.244707
2820.849609	-31.504675
2842.382812	-31.631784
2863.916016	-31.756241
2885.449219	-32.027451
2906.982422	-31.620026
2928.515625	-31.472763
2950.048828	-31.758879
2971.582031	-32.169582
2993.115234	-32.062786
3014.648438	-32.506523
3036.181641	-32.701458
3057.714844	-32.186760
3079.248047	-32.003017
3100.781250	-32.160881
3122.314453	-32.171959
3143.847656	-32.226620
3165.380859	-32.233276
3186.914062	-32.418056
3208.447266	-32.162964
3229.980469	-32.201851
3251.513672	-32.551704
3273.046875	-32.786205
3294.580078	-32.540989
3316.113281	-32.591038
3337.646484	-32.551350
3359.179688	-32.490097
3380.712891	-32.721638
3402.246094	-33.044384
3423.779297	-32.965256
3445.312500	-32.702320
3466.845703	-33.007214
3488.378906	-33.574902
3509.912109	-33.543179
3531.445312	-33.169048
3552.978516	-33.020420
3574.511719	-33.056648
3596.044922	-33.634167
3617.578125	-34.073853
3639.111328	-33.592613
3660.644531	-33.387806
3682.177734	-33.059692
3703.710938	-33.447506
3725.244141	-33.742619
3746.777344	-33.844803
3768.310547	-33.619881
3789.843750	-34.133083
3811.376953	-34.343132
3832.910156	-34.106674
3854.443359	-33.913548
3875.976562	-33.580566
3897.509766	-33.793484
3919.042969	-33.993690
3940.576172	-34.106781
3962.109375	-34.229504
3983.642578	-33.928299
4005.175781	-34.210484
4026.708984	-34.236546
4048.242188	-34.258575
4069.775391	-34.333088
4091.308594	-34.362194
4112.841797	-34.462116
4134.375000	-34.237823
4155.908203	-34.297604
4177.441406	-33.985432
4198.974609	-34.409428
4220.507812	-34.597805
4242.041016	-34.637951
4263.574219	-34.592136
4285.107422	-34.838928
4306.640625	-34.901600
4328.173828	-35.104694
4349.707031	-34.838943
4371.240234	-34.916378
4392.773438	-34.681202
4414.306641	-35.057266
4435.839844	-35.465431
4457.373047	-35.255375
4478.906250	-35.132252
4500.439453	-35.335320
4521.972656	-35.351772
4543.505859	-35.209568
4565.039062	-35.423737
4586.572266	-35.398621
4608.105469	-35.252560
4629.638672	-35.489876
4651.171875	-35.559868
4672.705078	-35.606155
4694.238281	-35.510654
4715.771484	-35.553299
4737.304688	-35.447491
4758.837891	-35.433334
4780.371094	-35.412197
4801.904297	-35.323483
4823.437500	-35.845665
4844.970703	-36.430656
4866.503906	-36.041878
4888.037109	-36.091145
4909.570312	-36.010345
4931.103516	-36.076954
4952.636719	-35.830181
4974.169922	-35.705463
4995.703125	-36.103588
5017.236328	-36.892174
5038.769531	-36.678249
5060.302734	-36.690971
5081.835938	-36.572197
5103.369141	-36.313896
5124.902344	-36.661133
5146.435547	-36.734703
5167.968750	-36.467522
5189.501953	-36.421135
5211.035156	-36.742928
5232.568359	-36.720146
5254.101562	-36.923729
5275.634766	-36.899567
5297.167969	-36.781410
5318.701172	-37.247463
5340.234375	-36.558548
5361.767578	-36.285416
5383.300781	-36.978096
5404.833984	-37.434826
5426.367188	-37.387745
5447.900391	-37.315948
5469.433594	-37.101925
5490.966797	-36.987663
5512.500000	-37.302910
5534.033203	-37.760078
5555.566406	-37.634548
5577.099609	-37.302895
5598.632812	-37.484787
5620.166016	-37.268635
5641.699219	-37.318745
5663.232422	-37.232800
5684.765625	-37.225616
5706.298828	-37.268318
5727.832031	-37.560505
5749.365234	-37.794628
5770.898438	-37.995083
5792.431641	-37.926968
5813.964844	-38.139565
5835.498047	-38.483269
5857.031250	-37.904949
5878.564453	-37.969170
5900.097656	-38.120930
5921.630859	-38.025326
5943.164062	-37.997105
5964.697266	-37.880833
5986.230469	-38.085606
6007.763672	-38.329735
6029.296875	-38.112446
6050.830078	-38.122452
6072.363281	-38.581890
6093.896484	-38.629700
6115.429688	-38.480751
6136.962891	-38.405884
6158.496094	-38.337814
6180.029297	-38.508598
6201.562500	-38.711903
6223.095703	-38.554897
6244.628906	-38.505489
6266.162109	-39.001419
6287.695312	-38.674671
6309.228516	-38.690269
6330.761719	-39.089474
6352.294922	-39.016705
6373.828125	-38.805256
6395.361328	-38.970638
6416.894531	-38.831882
6438.427734	-38.764908
6459.960938	-38.627605
6481.494141	-38.935085
6503.027344	-39.040325
6524.560547	-38.704155
6546.093750	-38.974327
6567.626953	-39.368988
6589.160156	-39.103386
6610.693359	-39.621098
6632.226562	-39.891087
6653.759766	-39.695881
6675.292969	-39.465088
6696.826172	-39.454113
6718.359375	-39.541962
6739.892578	-39.609467
6761.425781	-39.806072
6782.958984	-39.834129
6804.492188	-39.801453
6826.025391	-39.483150
6847.558594	-39.360237
6869.091797	-39.791912
6890.625000	-39.969604
6912.158203	-40.147758
6933.691406	-40.062218
6955.224609	-40.010517
6976.757812	-39.849075
6998.291016	-39.950031
7019.824219	-40.300365
7041.357422	-40.040581
7062.890625	-40.299652
7084.423828	-40.593800
7105.957031	-40.392578
7127.490234	-40.333179
7149.023438	-40.351162
7170.556641	-40.301922
7192.089844	-40.569080
7213.623047	-40.768364
7235.156250	-40.573841
7256.689453	-40.542728
7278.222656	-40.228096
7299.755859	-40.444599
7321.289062	-40.944717
7342.822266	-40.878689
7364.355469	-40.843227
7385.888672	-40.920826
7407.421875	-41.095463
7428.955078	-40.996346
7450.488281	-40.726860
7472.021484	-41.071365
7493.554688	-41.324718
7515.087891	-41.350002
7536.621094	-41.062290
7558.154297	-41.032482
7579.687500	-41.153122
7601.220703	-41.036221
7622.753906	-41.748531
7644.287109	-41.684837
7665.820312	-41.094315
7687.353516	-41.247742
7708.886719	-41.690865
7730.419922	-41.878586
7751.953125	-41.535755
7773.486328	-41.427860
7795.019531	-41.704651
7816.552734	-41.630096
7838.085938	-41.338528
7859.619141	-41.682785
7881.152344	-41.327946
7902.685547	-41.357975
7924.218750	-41.646770
7945.751953	-41.838375
7967.285156	-41.837807
7988.818359	-42.049728
8010.351562	-42.116356
8031.884766	-42.087933
8053.417969	-42.372627
8074.951172	-42.113743
8096.484375	-42.322704
8118.017578	-42.096291
8139.550781	-41.794426
8161.083984	-41.741650
8182.617188	-41.908676
8204.150391	-42.051708
8225.683594	-42.081955
8247.216797	-42.307388
8268.750000	-42.363037
8290.283203	-42.179893
8311.816406	-42.136410
8333.349609	-42.319523
8354.882812	-42.151497
8376.416016	-42.505867
8397.949219	-42.645054
8419.482422	-42.606533
8441.015625	-42.869347
8462.548828	-43.015232
8484.082031	-42.871361
8505.615234	-42.662266
8527.148438	-42.900642
8548.681641	-43.104969
8570.214844	-42.947430
8591.748047	-42.817802
8613.281250	-43.029919
8634.814453	-43.024147
8656.347656	-42.815472
8677.880859	-42.666206
8699.414062	-42.966404
8720.947266	-43.324814
8742.480469	-43.358658
8764.013672	-43.168850
8785.546875	-42.960632
8807.080078	-42.734097
8828.613281	-43.290886
8850.146484	-43.180447
8871.679688	-43.366661
8893.212891	-43.550343
8914.746094	-43.228703
8936.279297	-43.257561
8957.812500	-43.535557
8979.345703	-43.906929
9000.878906	-43.720871
9022.412109	-43.615429
9043.945312	-43.810986
9065.478516	-43.407074
9087.011719	-43.611046
9108.544922	-44.059612
9130.078125	-44.064194
9151.611328	-43.712753
9173.144531	-43.406578
9194.677734	-43.737896
9216.210938	-43.720798
9237.744141	-43.787750
9259.277344	-43.967335
9280.810547	-43.685097
9302.343750	-43.991337
9323.876953	-44.116932
9345.410156	-43.982086
9366.943359	-43.854866
9388.476562	-44.066822
9410.009766	-44.320580
9431.542969	-44.227020
9453.076172	-44.177666
9474.609375	-44.062511
9496.142578	-44.314053
9517.675781	-44.294056
9539.208984	-44.350368
9560.742188	-44.442833
9582.275391	-44.367790
9603.808594	-44.268383
9625.341797	-44.575043
9646.875000	-45.016487
9668.408203	-45.193001
9689.941406	-44.927849
9711.474609	-44.322701
9733.007812	-44.729870
9754.541016	-44.807625
9776.074219	-44.568024
9797.607422	-44.808502
9819.140625	-45.323338
9840.673828	-44.871239
9862.207031	-44.550484
9883.740234	-44.839485
9905.273438	-44.934532
9926.806641	-44.904053
9948.339844	-44.872211
9969.873047	-44.881149
9991.406250	-45.258633
10012.939453	-45.482540
10034.472656	-45.317383
10056.005859	-44.792282
10077.539062	-44.773655
10099.072266	-45.097095
10120.605469	-44.988525
10142.138672	-45.234634
10163.671875	-45.762772
10185.205078	-45.412277
10206.738281	-45.508114
10228.271484	-45.425018
10249.804688	-45.476612
10271.337891	-45.543270
10292.871094	-45.133575
10314.404297	-44.989082
10335.937500	-45.188129
10357.470703	-45.601906
10379.003906	-45.815033
10400.537109	-45.590736
10422.070312	-45.385052
10443.603516	-45.474499
10465.136719	-45.604210
10486.669922	-45.713524
10508.203125	-45.446880
10529.736328	-45.387226
10551.269531	-46.280312
10572.802734	-45.787159
10594.335938	-45.838909
10615.869141	-45.778423
10637.402344	-46.011040
10658.935547	-46.348957
10680.468750	-46.412537
10702.001953	-46.464340
10723.535156	-46.017216
10745.068359	-46.203186
10766.601562	-46.194859
10788.134766	-46.230759
10809.667969	-46.368050
10831.201172	-46.250988
10852.734375	-46.142395
10874.267578	-46.198959
10895.800781	-46.413319
10917.333984	-46.380455
10938.867188	-46.466652
10960.400391	-46.467133
10981.933594	-46.606739
11003.466797	-46.638386
11025.000000	-46.401489
11046.533203	-46.519119
11068.066406	-46.674000
11089.599609	-46.648228
11111.132812	-46.908802
11132.666016	-46.705284
11154.199219	-46.616932
11175.732422	-46.929806
11197.265625	-47.058811
11218.798828	-47.065620
11240.332031	-46.822235
11261.865234	-46.853958
11283.398438	-46.921085
11304.931641	-46.680878
11326.464844	-46.776928
11347.998047	-47.051018
11369.531250	-47.085964
11391.064453	-47.242302
11412.597656	-47.211014
11434.130859	-46.946918
11455.664062	-46.764488
11477.197266	-47.234531
11498.730469	-47.323925
11520.263672	-47.032337
11541.796875	-47.300568
11563.330078	-47.656662
11584.863281	-47.759708
11606.396484	-47.926193
11627.929688	-47.671047
11649.462891	-47.671452
11670.996094	-47.911373
11692.529297	-47.678162
11714.062500	-47.777412
11735.595703	-47.587891
11757.128906	-47.570229
11778.662109	-47.616917
11800.195312	-47.827198
11821.728516	-47.679386
11843.261719	-47.760090
11864.794922	-47.915398
11886.328125	-47.682648
11907.861328	-47.573257
11929.394531	-47.873730
11950.927734	-48.163498
11972.460938	-48.323719
11993.994141	-48.470047
12015.527344	-48.060127
12037.060547	-48.056759
12058.593750	-48.258060
12080.126953	-48.120880
12101.660156	-47.628483
12123.193359	-47.767750
12144.726562	-47.856277
12166.259766	-48.458412
12187.792969	-48.348656
12209.326172	-48.129639
12230.859375	-48.228363
12252.392578	-48.353363
12273.925781	-48.180202
12295.458984	-48.273277
12316.992188	-48.409363
12338.525391	-48.410362
12360.058594	-48.719341
12381.591797	-48.861900
12403.125000	-48.553162
12424.658203	-48.614952
12446.191406	-48.696335
12467.724609	-48.446918
12489.257812	-48.554222
12510.791016	-49.169518
12532.324219	-48.948143
12553.857422	-48.693123
12575.390625	-48.952370
12596.923828	-49.126225
12618.457031	-49.057911
12639.990234	-49.252705
12661.523438	-49.281162
12683.056641	-49.167942
12704.589844	-48.806652
12726.123047	-48.739506
12747.656250	-48.826126
12769.189453	-49.070198
12790.722656	-49.107590
12812.255859	-49.423275
12833.789062	-49.456905
12855.322266	-49.251457
12876.855469	-49.171814
12898.388672	-48.766178
12919.921875	-49.300591
12941.455078	-49.649448
12962.988281	-49.514626
12984.521484	-49.544853
13006.054688	-49.652477
13027.587891	-49.719093
13049.121094	-49.784161
13070.654297	-50.023434
13092.187500	-49.783306
13113.720703	-49.582165
13135.253906	-49.407990
13156.787109	-49.649910
13178.320312	-50.074619
13199.853516	-50.197945
13221.386719	-49.671314
13242.919922	-49.413948
13264.453125	-49.761818
13285.986328	-49.840141
13307.519531	-49.735538
13329.052734	-49.744827
13350.585938	-49.730137
13372.119141	-49.828915
13393.652344	-49.846115
13415.185547	-49.951626
13436.718750	-49.919792
13458.251953	-50.391232
13479.785156	-50.297726
13501.318359	-50.510063
13522.851562	-50.525131
13544.384766	-50.254269
13565.917969	-50.465885
13587.451172	-50.340034
13608.984375	-50.249161
13630.517578	-50.423676
13652.050781	-50.077076
13673.583984	-50.283115
13695.117188	-50.856102
13716.650391	-50.610233
13738.183594	-50.342323
13759.716797	-50.760872
13781.250000	-50.557537
13802.783203	-50.234394
13824.316406	-50.535084
13845.849609	-50.554447
13867.382812	-50.453873
13888.916016	-50.688251
13910.449219	-50.849426
13931.982422	-50.696438
13953.515625	-50.751759
13975.048828	-50.665844
13996.582031	-50.920502
14018.115234	-50.812763
14039.648438	-50.777081
14061.181641	-51.090702
14082.714844	-51.082981
14104.248047	-51.207150
14125.781250	-50.628979
14147.314453	-50.717892
14168.847656	-51.132465
14190.380859	-51.162098
14211.914062	-51.183422
14233.447266	-51.455776
14254.980469	-51.678425
14276.513672	-51.280575
14298.046875	-51.069897
14319.580078	-50.994240
14341.113281	-50.912247
14362.646484	-50.899635
14384.179688	-51.096676
14405.712891	-51.075752
14427.246094	-51.083481
14448.779297	-51.594532
14470.312500	-51.479904
14491.845703	-51.264843
14513.378906	-51.263737
14534.912109	-51.376698
14556.445312	-51.277687
14577.978516	-51.152302
14599.511719	-51.827961
14621.044922	-51.652679
14642.578125	-51.454521
14664.111328	-51.787018
14685.644531	-51.895039
14707.177734	-51.764099
14728.710938	-51.700947
14750.244141	-51.666599
14771.777344	-51.629871
14793.310547	-52.057327
14814.843750	-52.273590
14836.376953	-51.752552
14857.910156	-51.866352
14879.443359	-51.679291
14900.976562	-51.752869
14922.509766	-52.059135
14944.042969	-52.114044
14965.576172	-52.201248
14987.109375	-52.005241
15008.642578	-52.019451
15030.175781	-51.978794
15051.708984	-52.384415
15073.242188	-52.371292
15094.775391	-52.076401
15116.308594	-52.016171
15137.841797	-52.072582
15159.375000	-51.853401
15180.908203	-52.067585
15202.441406	-52.250473
15223.974609	-52.156403
15245.507812	-52.235195
15267.041016	-52.767086
15288.574219	-52.559181
15310.107422	-52.434570
15331.640625	-52.453697
15353.173828	-52.689964
15374.707031	-52.599747
15396.240234	-52.608227
15417.773438	-52.473305
15439.306641	-52.406090
15460.839844	-52.638195
15482.373047	-52.968975
15503.906250	-52.696541
15525.439453	-52.881485
15546.972656	-52.953247
15568.505859	-52.806576
15590.039062	-52.827923
15611.572266	-52.647362
15633.105469	-52.828629
15654.638672	-52.919773
15676.171875	-52.934574
15697.705078	-52.790314
15719.238281	-53.093472
15740.771484	-52.981750
15762.304688	-53.108601
15783.837891	-53.312626
15805.371094	-52.989845
15826.904297	-53.046978
15848.437500	-53.215698
15869.970703	-53.057816
15891.503906	-53.041538
15913.037109	-53.219574
15934.570312	-53.158379
15956.103516	-53.088543
15977.636719	-53.024975
15999.169922	-53.223396
16020.703125	-53.605202
16042.236328	-53.532696
16063.769531	-53.343185
16085.302734	-53.794224
16106.835938	-53.665730
16128.369141	-53.144970
16149.902344	-53.251564
16171.435547	-53.506298
16192.968750	-53.476265
16214.501953	-53.513763
16236.035156	-53.637932
16257.568359	-53.970909
16279.101562	-53.875385
16300.634766	-53.468662
16322.167969	-53.328339
16343.701172	-53.457344
16365.234375	-53.061188
16386.767578	-53.310959
16408.300781	-53.401562
16429.833984	-53.690243
16451.367188	-53.839310
16472.900391	-53.734814
16494.433594	-53.686893
16515.966797	-53.798702
16537.500000	-53.824596
16559.033203	-54.314564
16580.566406	-54.249081
16602.099609	-53.990929
16623.632812	-54.095253
16645.166016	-53.837452
16666.699219	-54.104809
16688.232422	-54.181328
16709.765625	-54.153355
16731.298828	-53.997601
16752.832031	-54.226185
16774.365234	-54.352127
16795.898438	-54.361103
16817.431641	-54.146057
16838.964844	-54.162594
16860.498047	-54.222881
16882.031250	-54.129478
16903.564453	-54.224087
16925.097656	-54.664303
16946.630859	-54.702652
16968.164062	-54.075600
16989.697266	-54.283829
17011.230469	-54.337799
17032.763672	-54.240417
17054.296875	-54.622437
17075.830078	-55.180576
17097.363281	-55.313976
17118.896484	-54.754143
17140.429688	-54.269039
17161.962891	-54.755295
17183.496094	-54.736538
17205.029297	-54.631317
17226.562500	-54.336830
17248.095703	-54.520027
17269.628906	-54.754105
17291.162109	-54.983143
17312.695312	-54.810314
17334.228516	-54.851723
17355.761719	-55.090488
17377.294922	-55.166817
17398.828125	-55.104408
17420.361328	-54.979103
17441.894531	-54.827530
17463.427734	-54.693523
17484.960938	-54.916698
17506.494141	-55.081745
17528.027344	-54.887390
17549.560547	-54.800587
17571.093750	-54.975342
17592.626953	-55.001194
17614.160156	-54.900761
17635.693359	-55.321968
17657.226562	-55.234734
17678.759766	-55.339294
17700.292969	-55.384605
17721.826172	-55.359455
17743.359375	-55.600571
17764.892578	-55.944981
17786.425781	-55.763092
17807.958984	-55.254585
17829.492188	-55.760693
17851.025391	-55.805428
17872.558594	-55.551991
17894.091797	-55.682629
17915.625000	-55.612785
17937.158203	-55.596485
17958.691406	-55.534103
17980.224609	-55.788403
18001.757812	-56.228127
18023.291016	-56.527786
18044.824219	-56.158100
18066.357422	-56.043011
18087.890625	-56.091763
18109.423828	-55.837132
18130.957031	-55.651726
18152.490234	-55.950760
18174.023438	-56.526844
18195.556641	-56.724770
18217.089844	-56.462391
18238.623047	-56.675148
18260.156250	-56.649612
18281.689453	-56.555458
18303.222656	-56.746632
18324.755859	-56.617844
18346.289062	-56.442616
18367.822266	-56.984966
18389.355469	-56.693958
18410.888672	-56.950996
18432.421875	-56.925217
18453.955078	-56.748970
18475.488281	-57.058796
18497.021484	-56.991936
18518.554688	-56.822018
18540.087891	-57.010445
18561.621094	-56.824551
18583.154297	-56.979568
18604.687500	-56.944954
18626.220703	-56.770264
18647.753906	-56.975246
18669.287109	-57.417366
18690.820312	-57.597809
18712.353516	-57.580921
18733.886719	-57.675743
18755.419922	-57.163036
18776.953125	-55.939762
18798.486328	-57.014210
18820.019531	-57.749619
18841.552734	-57.370350
18863.085938	-57.330395
18884.619141	-57.436329
18906.152344	-57.948013
18927.685547	-58.076023
18949.218750	-58.276577
18970.751953	-58.214760
18992.285156	-58.422413
19013.818359	-58.551861
19035.351562	-58.466232
19056.884766	-58.648453
19078.417969	-58.937950
19099.951172	-58.866238
19121.484375	-58.988815
19143.017578	-59.043694
19164.550781	-59.230354
19186.083984	-58.933281
19207.617188	-59.134514
19229.150391	-59.715092
19250.683594	-59.336502
19272.216797	-59.467182
19293.750000	-59.880630
19315.283203	-60.024673
19336.816406	-60.102108
19358.349609	-60.278477
19379.882812	-60.263748
19401.416016	-60.656040
19422.949219	-60.728981
19444.482422	-60.832016
19466.015625	-61.175663
19487.548828	-61.255814
19509.082031	-61.372551
19530.615234	-61.338905
19552.148438	-61.917248
19573.681641	-62.218845
19595.214844	-62.325943
19616.748047	-62.560989
19638.281250	-62.610867
19659.814453	-63.141239
19681.347656	-63.356449
19702.880859	-63.661926
19724.414062	-63.493828
19745.947266	-63.476055
19767.480469	-63.959614
19789.013672	-64.462639
19810.546875	-65.051247
19832.080078	-65.322968
19853.613281	-65.236153
19875.146484	-65.370590
19896.679688	-66.026131
19918.212891	-66.609161
19939.746094	-66.393417
19961.279297	-66.609688
19982.812500	-67.008644
20004.345703	-67.507874
20025.878906	-67.765137
20047.412109	-67.962234
20068.945312	-68.069534
20090.478516	-68.681068
20112.011719	-69.696999
20133.544922	-69.961555
20155.078125	-70.262543
20176.611328	-70.699623
20198.144531	-71.330788
20219.677734	-71.855873
20241.210938	-72.088684
20262.744141	-72.767647
20284.277344	-73.023720
20305.810547	-73.487129
20327.343750	-74.005379
20348.876953	-74.301926
20370.410156	-74.376945
20391.943359	-75.008591
20413.476562	-75.736404
20435.009766	-75.920593
20456.542969	-76.810066
20478.076172	-77.436806
20499.609375	-77.586891
20521.142578	-78.268929
20542.675781	-78.996025
20564.208984	-79.335785
20585.742188	-80.337616
20607.275391	-80.940178
20628.808594	-81.704254
20650.341797	-82.373795
20671.875000	-82.923027
20693.408203	-83.630486
20714.941406	-84.573631
20736.474609	-85.020493
20758.007812	-85.537354
20779.541016	-86.066734
20801.074219	-86.804810
20822.607422	-87.780060
20844.140625	-88.865265
20865.673828	-89.813065
20887.207031	-90.341072
20908.740234	-91.050514
20930.273438	-92.079086
20951.806641	-92.686264
20973.339844	-93.401512
20994.873047	-94.515167
21016.406250	-95.172935
21037.939453	-96.203911
21059.472656	-96.987717
21081.005859	-98.021538
21102.539062	-98.995232
21124.072266	-100.305801
21145.605469	-101.323959
21167.138672	-102.214310
21188.671875	-103.519745
21210.205078	-104.483322
21231.738281	-105.516342
21253.271484	-106.462898
21274.804688	-108.169937
21296.337891	-109.542648
21317.871094	-110.603699
21339.404297	-111.806236
21360.937500	-112.655312
21382.470703	-114.205833
21404.003906	-115.741531
21425.537109	-117.181564
21447.070312	-118.088722
21468.603516	-119.459465
21490.136719	-121.497101
21511.669922	-123.109749
21533.203125	-124.541847
21554.736328	-126.359818
21576.269531	-128.169266
21597.802734	-129.631836
21619.335938	-131.140274
21640.869141	-133.748444
21662.402344	-135.661880
21683.935547	-137.778793
21705.468750	-139.884766
21727.001953	-142.368805
21748.535156	-144.764633
21770.068359	-146.644180
21791.601562	-149.256332
21813.134766	-152.412430
21834.667969	-155.501892
21856.201172	-157.919037
21877.734375	-161.379395
21899.267578	-164.511551
21920.800781	-167.084702
21942.333984	-168.382019
21963.867188	-169.378586
21985.400391	-169.835297
22006.933594	-170.580460
22028.466797	-170.536591
